0.000005,-0.76092,-0.66461,9.38465,,0.57456,-0.61852,0.09030,0.06584,-0.00213,0.14451,5053,-5172,-0.67496,-0.73014,-0.10643,0.73344,-0.67966,0.01134,-0.08062,-0.07041,0.99426,2.31469,2.31469
0.000005,-0.53180,-0.51760,7.06346,,0.43169,-0.46354,0.06759,-0.02937,-0.08473,0.05370,5053,-5172,-0.67521,-0.73180,-0.09254,0.73409,-0.67894,0.01282,-0.07222,-0.05928,0.99563,2.31469,2.31444
1.221793,-0.36939,-0.33918,4.71566,,0.28672,-0.30996,0.04760,0.01105,-0.03169,0.12913,5053,-5172,-0.67621,-0.73281,-0.07572,0.73420,-0.67882,0.01282,-0.06079,-0.04693,0.99705,2.31469,2.31510
1.241459,-0.37388,-0.32991,4.66451,,0.28742,-0.30954,0.04235,-0.00645,-0.07544,0.07226,5053,-5172,-0.67705,-0.73337,-0.06136,0.73416,-0.67885,0.01282,-0.05106,-0.03637,0.99803,2.31469,2.31575
1.261243,-0.29282,-0.40140,4.76441,,0.28322,-0.31052,0.04284,-1.12208,-0.26794,5.94788,5053,-5172,-0.67571,-0.73561,-0.04790,0.73597,-0.67689,0.01299,-0.04198,-0.02648,0.99877,2.31469,2.31354
1.281595,-0.37567,-0.80219,4.44078,,0.28322,-0.31052,0.04284,-0.09395,0.42768,17.39288,5053,-5172,-0.67219,-0.73949,-0.03614,0.73962,-0.67291,0.01252,-0.03358,-0.01831,0.99927,2.31469,2.30847
1.299309,-0.65683,-0.81835,4.49252,,0.28504,-0.30982,0.04165,-0.47895,0.57206,24.97038,5054,-5171,-0.66751,-0.74415,-0.02574,0.74413,-0.66792,0.01228,-0.02633,-0.01096,0.99959,2.30713,2.30197
1.317279,-0.26052,-0.75015,4.65165,,0.27300,-0.31360,0.04333,-1.63833,-1.77294,26.49288,5052,-5169,-0.66109,-0.75015,-0.01566,0.75005,-0.66126,0.01245,-0.01970,-0.00352,0.99980,2.29956,2.29323
1.334903,-0.34935,-0.55902,4.48056,,0.27300,-0.31360,0.04221,-1.78270,-0.83669,27.33726,5050,-5167,-0.65501,-0.75560,-0.00646,0.75550,-0.65503,0.01267,-0.01380,0.00342,0.99990,2.29199,2.28507
1.352396,-0.88295,-0.30269,4.74975,,0.27622,-0.32004,0.04221,-1.06520,-0.03607,27.53413,5048,-5165,-0.64904,-0.76075,0.00170,0.76070,-0.64897,0.01322,-0.00896,0.00987,0.99991,2.27875,2.27716
1.369937,-0.39691,-0.25633,4.78355,,0.26782,-0.32060,0.03990,-0.83770,-3.20357,27.40726,5045,-5161,-0.64243,-0.76629,0.00858,0.76632,-0.64230,0.01402,-0.00523,0.01558,0.99986,2.26361,2.26848
1.387584,-0.76630,-0.01077,4.42433,,0.26782,-0.33012,0.03724,-1.29270,1.16268,27.00913,5041,-5157,-0.63544,-0.77201,0.01494,0.77215,-0.63527,0.01453,-0.00173,0.02076,0.99978,2.24848,2.25937
1.405211,-0.60449,-0.00449,5.57438,,0.25816,-0.33012,0.03724,0.01105,-2.02232,26.00288,5037,-5153,-0.62799,-0.77796,0.02030,0.77822,-0.62780,0.01518,0.00093,0.02533,0.99968,2.23524,2.24976
1.422825,-0.31346,-0.36162,4.19940,,0.25914,-0.33194,0.02891,-0.97770,-2.25857,24.19601,5033,-5150,-0.62149,-0.78307,0.02342,0.78342,-0.62130,0.01570,0.00226,0.02811,0.99960,2.22200,2.24144
1.440507,-0.31167,-0.67777,4.84158,,0.24472,-0.33838,0.03108,-0.98208,1.88456,22.45038,5030,-5146,-0.61324,-0.78943,0.02726,0.78988,-0.61308,0.01505,0.00483,0.03076,0.99952,2.20497,2.23096
1.458287,0.19442,-0.40738,4.37767,,0.24472,-0.33838,0.03108,-0.53145,-3.43982,22.20538,5025,-5142,-0.60581,-0.79503,0.03035,0.79558,-0.60565,0.01515,0.00634,0.03332,0.99942,2.19362,2.22160
1.475917,-0.80459,-0.30778,4.51585,,0.23366,-0.34286,0.03073,-1.83083,0.45393,23.97288,5022,-5139,-0.59660,-0.80184,0.03341,0.80250,-0.59645,0.01559,0.00743,0.03611,0.99932,2.17848,2.21008
1.493381,-0.27278,-0.03410,4.89452,,0.22862,-0.34664,0.02786,0.20355,-0.81919,25.13663,5018,-5135,-0.58674,-0.80899,0.03566,0.80973,-0.58659,0.01563,0.00828,0.03805,0.99924,2.16524,2.19785
1.511048,-0.36371,-0.30628,4.51466,,0.22862,-0.34664,0.02786,-0.39583,-2.41169,25.27663,5014,-5132,-0.57777,-0.81535,0.03728,0.81615,-0.57761,0.01608,0.00842,0.03971,0.99918,2.15200,2.18682
1.528443,-0.38734,-0.71306,4.39532,,0.22302,-0.35420,0.02646,-1.13520,0.56331,24.01226,5011,-5128,-0.56817,-0.82201,0.03861,0.82286,-0.56802,0.01572,0.00901,0.04070,0.99913,2.13876,2.17510
1.546095,-0.05234,-0.13908,4.36182,,0.21770,-0.35238,0.02583,-0.14645,-0.63982,24.08663,5007,-5125,-0.55877,-0.82835,0.04015,0.82926,-0.55864,0.01552,0.00957,0.04197,0.99907,2.12552,2.16373
1.563562,-0.03888,-0.44267,4.08874,,0.21770,-0.35238,0.02583,-2.18520,-1.71169,23.08038,5003,-5122,-0.55039,-0.83388,0.04149,0.83485,-0.55025,0.01567,0.00976,0.04326,0.99902,2.11416,2.15366
1.581132,-0.56022,-0.47677,4.72612,,0.21490,-0.35826,0.02086,-1.86145,0.47581,23.22913,5000,-5119,-0.54157,-0.83963,0.04165,0.84061,-0.54142,0.01578,0.00930,0.04355,0.99901,2.09903,2.14312
1.599077,-0.27488,-0.33619,5.35065,,0.19894,-0.36330,0.02009,-0.85520,-0.53482,24.05163,4996,-5115,-0.53038,-0.84673,0.04169,0.84771,-0.53022,0.01567,0.00884,0.04365,0.99901,2.08579,2.12987
1.616737,-0.26590,-0.36849,4.68186,,0.19894,-0.36330,0.01883,-2.05833,-0.06669,24.67726,4993,-5111,-0.51999,-0.85316,0.04171,0.85413,-0.51982,0.01566,0.00832,0.04376,0.99901,2.07255,2.11765
1.634371,-0.13759,-0.22612,4.61426,,0.18858,-0.36722,0.01883,-1.48958,-0.59169,24.59851,4989,-5108,-0.50837,-0.86012,0.04175,0.86110,-0.50819,0.01559,0.00781,0.04388,0.99901,2.05741,2.10411
1.652150,-0.61765,-0.31496,4.56371,,0.18578,-0.37492,0.01932,-0.83333,-0.71857,23.41726,4985,-5104,-0.49696,-0.86679,0.04132,0.86775,-0.49675,0.01590,0.00675,0.04376,0.99902,2.04606,2.09090
1.669720,-0.05145,-0.42592,4.94596,,0.17752,-0.37436,0.01918,-1.84833,-0.08419,22.06101,4982,-5101,-0.48544,-0.87328,0.04150,0.87425,-0.48523,0.01558,0.00654,0.04384,0.99902,2.03282,2.07767
1.687361,-0.56620,-0.47498,4.70848,,0.17752,-0.37436,0.01918,-1.14395,-0.95919,21.78538,4978,-5098,-0.47501,-0.87902,0.04105,0.87996,-0.47478,0.01587,0.00554,0.04366,0.99903,2.01958,2.06578
1.704867,-0.76750,-0.10798,4.60319,,0.16786,-0.37954,0.01029,-1.09145,-0.28544,22.86601,4975,-5094,-0.46306,-0.88546,0.03919,0.88632,-0.46278,0.01640,0.00361,0.04232,0.99910,2.00633,2.05224
1.722532,-0.23420,-0.26740,4.56461,,0.16408,-0.37898,0.01078,-1.22270,-0.21107,23.54851,4971,-5091,-0.45135,-0.89155,0.03775,0.89235,-0.45106,0.01633,0.00247,0.04106,0.99915,1.99498,2.03907
1.740072,-0.32363,-0.42233,4.71745,,0.16408,-0.37898,0.01078,-0.93395,-1.58919,23.58788,4968,-5088,-0.44058,-0.89699,0.03603,0.89771,-0.44027,0.01663,0.00094,0.03967,0.99921,1.98174,2.02704
1.757765,-0.46451,-0.16092,4.42433,,0.15596,-0.38500,0.01659,-0.87708,-0.78419,23.34726,4964,-5085,-0.42888,-0.90265,0.03587,0.90336,-0.42854,0.01700,0.00003,0.03969,0.99921,1.96661,2.01404
1.775318,-0.35025,-0.69392,4.52961,,0.14728,-0.38570,0.01092,-0.92958,-0.48232,23.51351,4960,-5081,-0.41655,-0.90847,0.03418,0.90911,-0.41621,0.01689,-0.00112,0.03811,0.99927,1.95526,2.00044
1.792669,-0.03649,-0.34397,4.86251,,0.14728,-0.38570,0.01092,-1.08708,-0.37294,22.92726,4957,-5078,-0.40544,-0.91352,0.03321,0.91412,-0.40510,0.01668,-0.00178,0.03712,0.99931,1.94201,1.98825
1.809969,-0.17617,-0.22074,4.90678,,0.14224,-0.38584,0.00833,-1.10458,1.09706,22.31476,4953,-5075,-0.39439,-0.91838,0.03204,0.91894,-0.39406,0.01631,-0.00236,0.03588,0.99935,1.92877,1.97620
1.827486,-0.33559,-0.37567,4.53201,,0.12964,-0.38668,0.00434,-1.29270,-1.22169,22.51601,4950,-5071,-0.38184,-0.92375,0.02973,0.92422,-0.38150,0.01659,-0.00399,0.03381,0.99942,1.91742,1.96259
1.844832,-0.13639,-0.23539,4.30648,,0.12964,-0.38668,0.00434,-1.05645,-3.45294,23.25976,4947,-5068,-0.37007,-0.92859,0.02755,0.92898,-0.36971,0.01735,-0.00592,0.03201,0.99947,1.90418,1.94989
1.862551,0.03200,-0.10020,4.20838,,0.12390,-0.39186,0.00448,-0.59708,-0.65294,23.29476,4943,-5065,-0.35782,-0.93343,0.02599,0.93377,-0.35747,0.01725,-0.00681,0.03044,0.99951,1.89094,1.93674
1.880272,-0.16660,0.08973,4.33669,,0.11354,-0.39088,0.00014,-1.24020,0.36206,23.19413,4939,-5062,-0.34476,-0.93838,0.02408,0.93866,-0.34442,0.01723,-0.00787,0.02854,0.99956,1.87769,1.92279
1.897659,-0.65324,-0.66939,5.75384,,0.11354,-0.39088,0.00014,-0.73270,1.21081,23.54851,4936,-5058,-0.33271,-0.94278,0.02150,0.94299,-0.33239,0.01710,-0.00898,0.02596,0.99962,1.86445,1.90998
1.915093,-0.43908,-0.62991,6.08375,,0.10626,-0.39298,0.00035,-0.66270,1.44706,23.83288,4932,-5055,-0.32003,-0.94721,0.01934,0.94736,-0.31974,0.01673,-0.00967,0.02367,0.99967,1.85310,1.89658
1.932504,-0.09003,-0.16810,4.27089,,0.09492,-0.39788,-0.00518,-1.17020,-1.95669,23.59226,4929,-5052,-0.30591,-0.95192,0.01647,0.95199,-0.30564,0.01713,-0.01127,0.02092,0.99972,1.83986,1.88171
1.950085,-0.39661,-0.31525,3.62393,,0.09492,-0.39732,0.00014,-1.19645,-0.28982,24.81288,4926,-5048,-0.29270,-0.95609,0.01470,0.95612,-0.29244,0.01752,-0.01245,0.01919,0.99974,1.82851,1.86787
1.967618,-0.33559,-0.09631,4.26610,,0.09268,-0.39732,0.00014,-1.66458,1.41206,23.95538,4923,-5045,-0.28033,-0.95981,0.01371,0.95982,-0.28009,0.01746,-0.01292,0.01805,0.99975,1.81527,1.85496
1.985354,-1.08844,-0.42503,6.37059,,0.07784,-0.40418,-0.00749,-1.57708,0.77768,23.95976,4919,-5042,-0.26567,-0.96400,0.01085,0.96396,-0.26545,0.01792,-0.01440,0.01522,0.99978,1.80392,1.83972
2.003047,0.49472,-0.44836,4.07528,,0.07616,-0.39942,-0.00854,-0.72395,-2.39419,23.18101,4916,-5039,-0.25230,-0.96762,0.00777,0.96753,-0.25213,0.01769,-0.01516,0.01198,0.99981,1.78878,1.82588
2.020836,-0.74297,-0.33171,4.53410,,0.07616,-0.39942,-0.00854,-1.66020,-1.68982,22.53788,4912,-5035,-0.24032,-0.97068,0.00505,0.97054,-0.24019,0.01887,-0.01711,0.00943,0.99981,1.77743,1.81353
2.038472,-1.47368,-0.60927,5.87946,,0.06188,-0.40012,-0.01750,-2.25083,2.18206,22.90538,4909,-5032,-0.22621,-0.97408,0.00087,0.97390,-0.22615,0.01948,-0.01877,0.00525,0.99981,1.76419,1.79902
2.056103,-0.40319,-0.24616,4.79133,,0.05642,-0.40488,-0.01043,-1.31020,-1.36169,23.80663,4906,-5028,-0.21181,-0.97731,-0.00145,0.97711,-0.21180,0.02016,-0.02001,0.00285,0.99980,1.74905,1.78427
2.073605,-0.04427,-0.14596,4.24188,,0.05642,-0.40488,-0.01043,-1.30145,-2.36357,24.28351,4902,-5024,-0.19853,-0.98009,-0.00345,0.97987,-0.19856,0.02081,-0.02108,0.00075,0.99978,1.73770,1.77070
2.091144,-0.28026,-0.21805,4.45514,,0.04984,-0.40698,-0.01155,-1.55083,-0.59607,23.46976,4899,-5021,-0.18517,-0.98269,-0.00546,0.98246,-0.18524,0.02128,-0.02192,-0.00143,0.99976,1.72446,1.75708
2.108689,-0.67059,-0.16750,4.86909,,0.03654,-0.39746,-0.01547,-0.66708,-0.55669,23.11538,4896,-5017,-0.17037,-0.98534,-0.00837,0.98511,-0.17052,0.02211,-0.02321,-0.00448,0.99972,1.70933,1.74205
2.126279,-0.85813,-0.62393,5.38624,,0.03654,-0.39746,-0.01547,-0.29083,0.92206,23.65351,4892,-5013,-0.15670,-0.98758,-0.01145,0.98735,-0.15693,0.02258,-0.02410,-0.00777,0.99968,1.69798,1.72819
2.143939,-0.29611,-0.50608,4.98814,,0.02814,-0.40236,-0.01960,-0.99520,-2.09232,24.12163,4889,-5010,-0.14220,-0.98973,-0.01487,0.98951,-0.14252,0.02341,-0.02529,-0.01138,0.99962,1.68284,1.71353
2.161468,-0.31466,-0.28624,4.18355,,0.02296,-0.39788,-0.01484,-0.41770,-1.30482,23.84601,4885,-5006,-0.12799,-0.99163,-0.01700,0.99143,-0.12837,0.02416,-0.02614,-0.01376,0.99956,1.67149,1.69918
2.178961,-0.44267,-0.17527,4.63131,,0.02296,-0.39788,-0.03276,-1.70833,-0.07544,24.45413,4882,-5003,-0.11488,-0.99313,-0.02215,0.99301,-0.11542,0.02478,-0.02716,-0.01915,0.99945,1.65636,1.68598
2.196470,-0.68255,-0.35025,5.25554,,0.01232,-0.40054,-0.02681,-0.89458,0.00331,24.88288,4878,-4999,-0.10037,-0.99461,-0.02595,0.99456,-0.10103,0.02553,-0.02802,-0.02324,0.99934,1.64501,1.67138
2.214051,-0.83868,-0.12622,4.65015,,0.00182,-0.40222,-0.02618,-0.15958,-0.23732,25.08851,4875,-4996,-0.08477,-0.99597,-0.02924,0.99598,-0.08555,0.02667,-0.02906,-0.02687,0.99922,1.63176,1.65570
2.231555,-0.38554,-0.53240,4.34596,,0.00182,-0.40222,-0.03220,-0.92083,-0.70982,24.89601,4871,-4993,-0.07064,-0.99693,-0.03374,0.99706,-0.07158,0.02743,-0.02976,-0.03171,0.99905,1.61852,1.64152
2.248969,-0.38225,-0.61406,4.02024,,-0.00406,-0.39578,-0.03220,-0.64520,-0.50419,24.89601,4868,-4989,-0.05639,-0.99768,-0.03817,0.99795,-0.05749,0.02820,-0.03033,-0.03650,0.99887,1.60528,1.62725
2.266494,-0.23809,-0.41635,4.53769,,-0.01638,-0.39746,-0.02877,-0.91208,-0.69669,24.99663,4864,-4986,-0.04059,-0.99833,-0.04106,0.99871,-0.04180,0.02891,-0.03058,-0.03984,0.99874,1.59393,1.61142
2.284067,-0.43430,-0.20907,4.58644,,-0.02268,-0.39074,-0.03353,-1.61645,-0.45607,24.90913,4861,-4983,-0.02465,-0.99871,-0.04439,0.99922,-0.02599,0.02983,-0.03094,-0.04362,0.99857,1.57880,1.59546
2.301868,-0.16720,-0.11785,4.99143,,-0.02268,-0.39074,-0.03353,-1.23583,-0.13232,25.23726,4857,-4979,-0.01017,-0.99882,-0.04740,0.99947,-0.01161,0.03029,-0.03081,-0.04706,0.99842,1.56744,1.58097
2.319413,0.12921,-0.38046,4.80539,,-0.03584,-0.39284,-0.03311,-0.86395,-1.46669,25.71851,4854,-4976,0.00610,-0.99871,-0.05037,0.99951,0.00454,0.03089,-0.03062,-0.05053,0.99825,1.55420,1.56470
2.336824,-0.16839,-0.28534,4.53978,,-0.03934,-0.39242,-0.03402,-0.64958,-1.47544,25.55663,4851,-4972,0.02163,-0.99835,-0.05322,0.99929,0.01995,0.03183,-0.03072,-0.05387,0.99808,1.54096,1.54916
2.354204,-0.62453,-0.45105,4.62443,,-0.03934,-0.39242,-0.03402,-0.97770,-0.32482,24.79538,4847,-4969,0.03556,-0.99780,-0.05590,0.99889,0.03375,0.03291,-0.03095,-0.05701,0.99789,1.52772,1.53521
2.371654,-0.34277,-0.64546,4.61007,,-0.05320,-0.38654,-0.03549,-1.40645,-0.49544,23.80226,4844,-4965,0.05132,-0.99695,-0.05885,0.99821,0.04939,0.03386,-0.03085,-0.06048,0.99769,1.51258,1.51943
2.389236,-0.68973,-0.26919,4.79910,,-0.06034,-0.38668,-0.04032,-1.21833,-0.41669,23.99913,4840,-4961,0.06726,-0.99580,-0.06212,0.99725,0.06517,0.03517,-0.03097,-0.06432,0.99745,1.50123,1.50345
2.406749,-0.09661,-0.10887,4.95703,,-0.06034,-0.38668,-0.04032,-1.82208,0.08206,25.68351,4837,-4958,0.08221,-0.99450,-0.06482,0.99616,0.08003,0.03561,-0.03023,-0.06750,0.99726,1.48610,1.48845
2.424296,0.09691,0.27129,4.87807,,-0.07154,-0.38710,-0.04326,-1.09583,-1.07294,26.11226,4833,-4954,0.09852,-0.99284,-0.06761,0.99470,0.09624,0.03624,-0.02947,-0.07082,0.99705,1.47475,1.47207
2.442103,-0.12084,-0.28834,4.80239,,-0.07980,-0.38150,-0.04627,-0.88583,-1.72482,25.56538,4830,-4951,0.11513,-0.99078,-0.07148,0.99293,0.11268,0.03741,-0.02901,-0.07528,0.99674,1.45961,1.45536
2.459531,-0.38166,-0.45852,5.02523,,-0.07980,-0.38150,-0.04627,-1.34520,0.02081,24.60726,4826,-4947,0.12988,-0.98868,-0.07507,0.99113,0.12729,0.03831,-0.02832,-0.07938,0.99644,1.44637,1.44049
2.476866,-0.54556,-0.63619,4.91127,,-0.09184,-0.38024,-0.04592,-1.21833,-0.63544,23.92913,4823,-4943,0.14587,-0.98619,-0.07841,0.98891,0.14312,0.03970,-0.02793,-0.08333,0.99613,1.43313,1.42434
2.494269,-0.22762,-0.31376,4.99950,,-0.09814,-0.37436,-0.04935,-1.45458,-0.32044,24.44538,4819,-4940,0.16226,-0.98334,-0.08193,0.98638,0.15937,0.04068,-0.02695,-0.08741,0.99581,1.41800,1.40775
2.511835,-0.49053,-0.11396,5.08834,,-0.09814,-0.37436,-0.03143,-1.90958,0.20018,25.34226,4815,-4936,0.17744,-0.98079,-0.08099,0.98377,0.17454,0.04159,-0.02665,-0.08706,0.99585,1.40475,1.39235
2.529343,-0.66760,0.00239,5.17179,,-0.10850,-0.37170,-0.04361,-0.81145,1.79268,25.03601,4812,-4932,0.19345,-0.97760,-0.08293,0.98078,0.19049,0.04236,-0.02562,-0.08953,0.99565,1.39151,1.37605
2.546854,0.39123,-0.31675,4.10459,,-0.11564,-0.36974,-0.05026,-0.89458,-2.04857,24.52413,4808,-4929,0.20956,-0.97397,-0.08647,0.97750,0.20649,0.04311,-0.02414,-0.09356,0.99532,1.37827,1.35961
2.564339,-0.83779,-0.54706,5.28126,,-0.11564,-0.36596,-0.05215,-0.89458,-1.32669,24.83038,4805,-4925,0.22465,-0.97027,-0.09007,0.97415,0.22137,0.04495,-0.02368,-0.09784,0.99492,1.36313,1.34415
2.582327,-0.45912,-0.51715,4.53709,,-0.12810,-0.36596,-0.05215,-1.12208,0.26143,24.56788,4801,-4921,0.24074,-0.96608,-0.09340,0.97033,0.23733,0.04623,-0.02249,-0.10176,0.99456,1.34989,1.32760
2.599933,-0.38106,-0.51685,4.80389,,-0.13342,-0.36190,-0.05446,-1.21833,-2.50794,24.40163,4797,-4918,0.25673,-0.96163,-0.09676,0.96624,0.25312,0.04811,-0.02177,-0.10585,0.99414,1.33665,1.31109
2.617494,-0.46211,0.10199,4.14826,,-0.14140,-0.36022,-0.04865,-1.00833,-0.28544,24.79538,4794,-4914,0.27307,-0.95698,-0.09805,0.96177,0.26936,0.04948,-0.02094,-0.10782,0.99395,1.32341,1.29415
2.634974,-0.58505,0.15314,4.96002,,-0.14140,-0.36022,-0.04865,-0.88145,0.83893,24.86976,4790,-4911,0.28782,-0.95252,-0.09929,0.95748,0.28406,0.05042,-0.01982,-0.10958,0.99378,1.30827,1.27879
2.652379,-0.14806,-0.16720,4.72014,,-0.15456,-0.35546,-0.05565,-0.33458,-0.99857,24.34476,4786,-4907,0.30420,-0.94710,-0.10231,0.95243,0.30033,0.05173,-0.01826,-0.11318,0.99341,1.29692,1.26164
2.670057,-0.40708,-0.63709,4.53918,,-0.16072,-0.35126,-0.05908,-0.75020,0.20018,24.21788,4783,-4904,0.32051,-0.94127,-0.10623,0.94710,0.31649,0.05321,-0.01647,-0.11766,0.99292,1.28179,1.24448
2.687677,-0.54197,-0.55334,5.00220,,-0.16072,-0.35126,-0.05908,-1.08708,0.78206,24.03413,4779,-4900,0.33517,-0.93576,-0.10959,0.94205,0.33104,0.05442,-0.01464,-0.12147,0.99249,1.26855,1.22898
2.705236,-0.11815,-0.26620,4.60379,,-0.17136,-0.34258,-0.05978,-1.30145,-2.84044,25.06226,4775,-4897,0.35177,-0.92931,-0.11241,0.93599,0.34749,0.05625,-0.01321,-0.12500,0.99207,1.25341,1.21130
2.723037,-0.45643,-0.25723,4.48505,,-0.17598,-0.34454,-0.05894,-1.40645,-0.18919,25.64851,4771,-4893,0.36751,-0.92292,-0.11474,0.92995,0.36313,0.05772,-0.01160,-0.12791,0.99172,1.24206,1.19444
2.740705,-0.46989,-0.23151,4.96182,,-0.17598,-0.34454,-0.05894,-1.40208,1.14518,26.02476,4768,-4890,0.38173,-0.91684,-0.11696,0.92422,0.37733,0.05860,-0.00960,-0.13047,0.99141,1.22693,1.17911
2.758244,-0.13071,0.00209,4.64417,,-0.18760,-0.33474,-0.05733,-0.86833,-1.38794,25.56976,4764,-4886,0.39775,-0.90981,-0.11852,0.91746,0.39328,0.06000,-0.00797,-0.13260,0.99114,1.21558,1.16172
2.775831,0.05414,0.07597,3.96909,,-0.19376,-0.33026,-0.06195,-0.64520,-1.28732,25.11038,4761,-4883,0.41359,-0.90239,-0.12098,0.91045,0.40907,0.06120,-0.00574,-0.13546,0.99077,1.20044,1.14440
2.793302,-0.29402,-0.49980,4.25474,,-0.19376,-0.33026,-0.06195,-0.98645,-0.81044,24.45851,4757,-4879,0.42773,-0.89541,-0.12365,0.90390,0.42312,0.06275,-0.00387,-0.13861,0.99034,1.18720,1.12881
2.810848,-0.24108,-0.52792,4.40698,,-0.19922,-0.32046,-0.05516,-1.28395,-1.47982,23.99476,4753,-4876,0.44239,-0.88811,-0.12473,0.89682,0.43767,0.06448,-0.00267,-0.14038,0.99009,1.17396,1.11253
2.827929,-0.81326,-0.30060,4.75693,,-0.21462,-0.31808,-0.06300,-1.24458,-0.22857,24.58538,4750,-4872,0.45873,-0.87948,-0.12679,0.88858,0.45387,0.06657,-0.00100,-0.14320,0.98969,1.16261,1.09423
2.845499,-0.44207,0.00269,5.19093,,-0.21462,-0.31808,-0.06930,-1.07395,-0.29857,24.93101,4747,-4869,0.47358,-0.87112,-0.12989,0.88075,0.46868,0.06794,0.00169,-0.14658,0.98920,1.14747,1.07745
2.863494,-0.32483,-0.12473,5.33659,,-0.21812,-0.31612,-0.06930,-1.05645,-1.35294,25.13663,4743,-4865,0.48767,-0.86288,-0.13274,0.87302,0.48272,0.06945,0.00415,-0.14975,0.98871,1.13423,1.06137
2.880959,-0.37747,0.24467,5.05932,,-0.22456,-0.30646,-0.06538,-0.66270,-0.86732,25.08413,4739,-4862,0.50260,-0.85400,-0.13445,0.86449,0.49761,0.07093,0.00633,-0.15188,0.98838,1.12099,1.04418
2.898484,-0.19950,-0.43161,4.67827,,-0.23464,-0.30548,-0.06552,-1.02583,-1.22607,24.80851,4736,-4858,0.51781,-0.84455,-0.13641,0.85545,0.51275,0.07274,0.00851,-0.15436,0.98798,1.10585,1.02649
2.916256,-0.75314,-0.78814,4.50868,,-0.23464,-0.30548,-0.06552,-1.30145,-0.32919,24.42788,4732,-4854,0.53129,-0.83583,-0.13828,0.84713,0.52609,0.07483,0.01020,-0.15690,0.98756,1.09261,1.01064
2.933783,-0.31406,-0.59192,4.61755,,-0.24038,-0.29414,-0.06608,-1.10020,-0.64419,24.72101,4728,-4851,0.54573,-0.82612,-0.14036,0.83786,0.54047,0.07666,0.01253,-0.15944,0.98713,1.07937,0.99348
2.951348,-0.55932,-0.12173,5.18345,,-0.24374,-0.28784,-0.06629,-1.68208,-0.18044,25.11913,4725,-4847,0.56001,-0.81626,-0.14178,0.82835,0.55472,0.07820,0.01482,-0.16123,0.98681,1.06613,0.97632
2.968729,-0.34397,0.11635,5.12004,,-0.24374,-0.28784,-0.06629,-0.91208,-0.81919,25.72288,4721,-4844,0.57304,-0.80695,-0.14303,0.81935,0.56777,0.07945,0.01710,-0.16272,0.98652,1.05099,0.96048
2.986210,-0.23988,-0.06969,5.03151,,-0.25536,-0.28308,-0.06818,-0.71083,-1.03794,25.97663,4717,-4840,0.58709,-0.79650,-0.14463,0.80928,0.58181,0.08100,0.01963,-0.16460,0.98617,1.03775,0.94320
3.003810,-0.51416,-0.34875,4.63191,,-0.26208,-0.27818,-0.07063,-1.10895,-0.94169,25.67476,4714,-4836,0.60111,-0.78561,-0.14655,0.79886,0.59577,0.08297,0.02213,-0.16694,0.98572,1.02451,0.92572
3.021423,-0.37149,-0.56201,4.79432,,-0.26208,-0.27818,-0.07063,-1.06083,-1.40544,25.35538,4710,-4833,0.61360,-0.77553,-0.14849,0.78924,0.60821,0.08480,0.02455,-0.16923,0.98527,1.00937,0.90995
3.038899,-0.47139,-0.65204,5.03300,,-0.27356,-0.26978,-0.07280,-1.37583,-1.15169,25.54788,4706,-4829,0.62746,-0.76395,-0.15059,0.77817,0.62200,0.08692,0.02727,-0.17172,0.98477,0.99613,0.89222
3.056789,-0.28893,-0.48634,4.74138,,-0.27384,-0.25900,-0.07224,-1.53333,-0.47794,25.76663,4702,-4826,0.64119,-0.75202,-0.15276,0.76678,0.63575,0.08870,0.03041,-0.17401,0.98427,0.98289,0.87436
3.074371,-0.56381,-0.13878,5.19063,,-0.27384,-0.25900,-0.07224,-0.87270,-0.60919,26.03351,4699,-4822,0.65351,-0.74100,-0.15438,0.75619,0.64809,0.09030,0.03314,-0.17576,0.98388,0.96965,0.85810
3.091783,-0.18215,-0.13549,5.15922,,-0.28476,-0.25256,-0.07427,-0.96020,-0.62669,26.23913,4695,-4819,0.66672,-0.72873,-0.15634,0.74442,0.66137,0.09182,0.03648,-0.17760,0.98343,0.95640,0.84041
3.109374,-0.28146,-0.26680,4.60230,,-0.28868,-0.24388,-0.08001,-1.00833,-0.68357,25.99413,4692,-4815,0.67977,-0.71588,-0.15945,0.73231,0.67451,0.09363,0.04052,-0.18042,0.98275,0.94127,0.82259
3.126681,-0.39242,-0.21117,4.44347,,-0.28868,-0.24388,-0.07252,-1.21395,-0.64857,25.54788,4688,-4811,0.69170,-0.70412,-0.16054,0.72089,0.68647,0.09523,0.04315,-0.18160,0.98243,0.92803,0.80606
3.144454,-0.22253,-0.87966,4.75962,,-0.30072,-0.23786,-0.07252,-1.59020,-1.11669,25.15413,4684,-4808,0.70425,-0.69127,-0.16180,0.70848,0.69898,0.09739,0.04577,-0.18322,0.98201,0.91289,0.78839
3.161926,-0.83629,-0.30150,4.76261,,-0.30590,-0.22932,-0.07483,-1.68645,-0.40357,24.67726,4680,-4804,0.71690,-0.67792,-0.16271,0.69550,0.71160,0.09954,0.04830,-0.18453,0.98164,0.90154,0.77024
3.179479,-0.47318,0.05354,4.71296,,-0.30590,-0.22400,-0.07105,-1.14395,-0.50857,24.69476,4677,-4801,0.72901,-0.66483,-0.16293,0.68263,0.72373,0.10115,0.05067,-0.18496,0.98144,0.88641,0.75256
3.197136,-0.35384,0.11785,5.07637,,-0.31080,-0.22400,-0.07105,-1.03458,-0.98107,24.84788,4673,-4797,0.74034,-0.65218,-0.16296,0.67015,0.73511,0.10254,0.05292,-0.18512,0.98129,0.87317,0.73567
3.214858,-0.62512,-0.22403,4.54098,,-0.31612,-0.21924,-0.07091,-0.96458,3.45956,22.93163,4669,-4794,0.75091,-0.63978,-0.16377,0.65804,0.74581,0.10366,0.05583,-0.18561,0.98104,0.85992,0.71958
3.232277,-0.27727,-0.46810,4.74168,,-0.31542,-0.20650,-0.07721,-0.82020,-1.14294,20.37226,4666,-4790,0.76136,-0.62678,-0.16575,0.64562,0.75632,0.10562,0.05916,-0.18742,0.98050,0.84479,0.70332
3.249834,-0.23151,-0.56082,4.38455,,-0.31542,-0.20650,-0.07721,-0.93833,-3.26919,16.79351,4662,-4786,0.77016,-0.61556,-0.16716,0.63488,0.76506,0.10779,0.06154,-0.18914,0.98002,0.83155,0.68941
3.267340,-0.62662,-0.23121,3.98465,,-0.32648,-0.20188,-0.07798,-1.14395,-0.32482,13.68288,4658,-4783,0.77886,-0.60421,-0.16825,0.62393,0.77375,0.10964,0.06393,-0.19037,0.97963,0.81641,0.67540
3.285123,0.03619,-0.00867,4.50898,,-0.33096,-0.19712,-0.07231,-0.98645,-1.12982,12.86038,4654,-4779,0.78752,-0.59285,-0.16837,0.61275,0.78245,0.11094,0.06597,-0.19054,0.97946,0.80317,0.66123
3.302432,-0.23958,0.09631,4.55623,,-0.33096,-0.19712,-0.07231,-0.05458,0.14768,12.39226,4651,-4775,0.79520,-0.58245,-0.16856,0.60253,0.79018,0.11208,0.06791,-0.19069,0.97930,0.78993,0.64842
3.320259,-0.43220,-0.12293,5.00339,,-0.33222,-0.19362,-0.07476,-0.37833,0.88706,11.27226,4647,-4772,0.80223,-0.57248,-0.16938,0.59287,0.79730,0.11324,0.07022,-0.19126,0.97902,0.77479,0.63644
3.337802,-0.24526,-0.42054,4.74706,,-0.33152,-0.18984,-0.07406,-0.37395,-1.07294,10.16101,4643,-4768,0.80882,-0.56295,-0.16999,0.58363,0.80387,0.11478,0.07203,-0.19205,0.97874,0.76155,0.62506
3.355462,-0.44865,-0.40110,4.39920,,-0.33152,-0.18984,-0.07406,-0.11583,0.09956,10.18726,4640,-4764,0.81465,-0.55429,-0.17061,0.57524,0.80969,0.11618,0.07375,-0.19279,0.97846,0.74831,0.61482
3.372786,-0.30000,-0.39153,4.63998,,-0.33390,-0.18550,-0.07392,-0.54020,-0.90669,10.44101,4636,-4761,0.82060,-0.54532,-0.17102,0.56652,0.81563,0.11754,0.07539,-0.19334,0.97823,0.73318,0.60423
3.390161,-0.52642,-0.30120,4.68664,,-0.33740,-0.18620,-0.07532,-0.44833,-0.46919,12.69413,4632,-4757,0.82633,-0.53648,-0.17137,0.55789,0.82137,0.11879,0.07703,-0.19377,0.97802,0.71993,0.59385
3.407243,-0.58744,-0.17587,4.71057,,-0.33740,-0.18620,-0.07532,-0.81145,0.93081,13.50351,4629,-4753,0.83161,-0.52812,-0.17183,0.54973,0.82675,0.11951,0.07895,-0.19384,0.97785,0.70669,0.58410
3.425017,-0.11306,-0.17527,4.81974,,-0.33908,-0.17934,-0.07182,-0.42645,0.02956,15.28851,4625,-4750,0.83751,-0.51869,-0.17186,0.54042,0.83275,0.12028,0.08073,-0.19361,0.97775,0.69156,0.57304
3.442589,-0.38883,-0.35085,4.83799,,-0.34328,-0.17584,-0.07476,-0.59708,1.48643,15.96663,4621,-4746,0.84335,-0.50891,-0.17257,0.53091,0.83873,0.12114,0.08309,-0.19378,0.97752,0.67642,0.56184
3.460127,-0.41964,-0.24885,4.89033,,-0.34328,-0.16772,-0.08225,-0.85083,-0.16294,15.45476,4617,-4742,0.84918,-0.49847,-0.17443,0.52099,0.84478,0.12217,0.08645,-0.19462,0.97706,0.66507,0.55030
3.477969,-0.24407,-0.10110,4.42762,,-0.34202,-0.16772,-0.08225,-0.79833,0.47143,14.58851,4614,-4739,0.85414,-0.48922,-0.17637,0.51221,0.85004,0.12273,0.08988,-0.19517,0.97664,0.65183,0.54019
3.495849,-0.35623,-0.26142,4.44078,,-0.34580,-0.16240,-0.07889,-0.69770,0.25706,14.40476,4610,-4736,0.85937,-0.47961,-0.17735,0.50294,0.85543,0.12368,0.09239,-0.19549,0.97634,0.64237,0.52949
3.513351,-0.32423,-0.21565,4.55833,,-0.34580,-0.16002,-0.07532,-0.90770,-0.82357,15.20538,4608,-4733,0.86456,-0.47022,-0.17728,0.49366,0.86068,0.12459,0.09399,-0.19523,0.97624,0.63291,0.51882
3.530931,-0.31286,-0.44865,4.84128,,-0.34580,-0.16002,-0.07532,-0.65395,0.15206,15.55101,4605,-4731,0.86917,-0.46152,-0.17759,0.48514,0.86540,0.12543,0.09580,-0.19517,0.97608,0.62535,0.50909
3.548514,-0.29312,-0.17856,4.77757,,-0.35014,-0.15274,-0.07903,-0.42208,-0.17607,15.14413,4603,-4729,0.87407,-0.45184,-0.17843,0.47576,0.87047,0.12627,0.09826,-0.19526,0.97582,0.61399,0.49846
3.566298,-0.40229,-0.15404,4.68335,,-0.35910,-0.14784,-0.08148,-0.48770,-0.08419,14.45726,4600,-4726,0.87909,-0.44164,-0.17933,0.46588,0.87565,0.12728,0.10082,-0.19543,0.97552,0.60643,0.48732
3.583561,-0.27727,-0.45942,4.89721,,-0.35910,-0.14784,-0.08148,-0.52270,-0.00982,13.72663,4598,-4724,0.88345,-0.43238,-0.18043,0.45698,0.88018,0.12828,0.10334,-0.19578,0.97519,0.59886,0.47736
3.601073,-0.25633,-0.46451,4.68814,,-0.35714,-0.14658,-0.08183,-0.58833,-0.90669,12.94788,4596,-4722,0.88731,-0.42400,-0.18139,0.44892,0.88417,0.12924,0.10558,-0.19611,0.97488,0.59129,0.46839
3.618682,-0.04487,-0.31914,4.55952,,-0.36190,-0.13930,-0.07959,-0.69333,-0.90669,13.37663,4594,-4720,0.89170,-0.41450,-0.18186,0.43965,0.88869,0.13017,0.10766,-0.19602,0.97467,0.58562,0.45807
3.636181,-0.47258,-0.13819,4.63280,,-0.36190,-0.13930,-0.07959,-0.64958,0.18706,13.56038,4593,-4718,0.89563,-0.40584,-0.18204,0.43113,0.89275,0.13083,0.10943,-0.19566,0.97455,0.57805,0.44863
3.653805,-0.51057,-0.01496,4.73540,,-0.36246,-0.13734,-0.08022,-0.50958,0.53706,13.75726,4591,-4716,0.89931,-0.39746,-0.18238,0.42290,0.89662,0.13128,0.11134,-0.19519,0.97443,0.57048,0.43956
3.671431,-0.42353,-0.30598,5.02523,,-0.36344,-0.12586,-0.07700,-0.75020,-0.68357,13.51663,4589,-4714,0.90370,-0.38753,-0.18205,0.41305,0.90104,0.13235,0.11275,-0.19480,0.97434,0.56670,0.42871
3.688975,-0.31017,-0.34008,4.68305,,-0.36344,-0.12586,-0.07700,-0.61020,-0.21544,13.23226,4588,-4713,0.90756,-0.37845,-0.18197,0.40408,0.90497,0.13323,0.11426,-0.19444,0.97424,0.55724,0.41889
3.706808,-0.43609,-0.25184,4.84038,,-0.36316,-0.12320,-0.07602,-0.78520,-0.66607,13.08351,4585,-4711,0.91123,-0.36976,-0.18147,0.39541,0.90868,0.13400,0.11535,-0.19386,0.97422,0.55157,0.40941
3.724401,-0.32632,-0.05384,4.43629,,-0.36764,-0.12180,-0.07735,-0.54895,0.43206,13.14913,4584,-4709,0.91466,-0.36122,-0.18141,0.38694,0.91225,0.13444,0.11693,-0.19317,0.97417,0.54400,0.40021
3.741946,-0.38584,-0.29850,4.50269,,-0.36764,-0.12180,-0.07525,-0.26458,-0.40794,12.94351,4582,-4707,0.91781,-0.35347,-0.18081,0.37917,0.91540,0.13516,0.11774,-0.19260,0.97419,0.53643,0.39177
3.759509,-0.34307,-0.16331,4.43300,,-0.36876,-0.11844,-0.07525,-0.31270,-0.44732,12.28288,4580,-4705,0.92084,-0.34581,-0.18021,0.37148,0.91847,0.13571,0.11859,-0.19191,0.97422,0.52887,0.38345
3.777064,-0.42951,-0.07208,4.50658,,-0.37324,-0.11074,-0.08106,-0.30833,-0.33357,12.44476,4578,-4703,0.92404,-0.33690,-0.18067,0.36276,0.92185,0.13637,0.12061,-0.19156,0.97404,0.51941,0.37409
3.794632,-0.10020,-0.50130,4.67647,,-0.37058,-0.10626,-0.07931,-0.54458,-1.47982,13.02663,4576,-4700,0.92724,-0.32777,-0.18109,0.35386,0.92515,0.13738,0.12251,-0.19147,0.97382,0.51184,0.36457
3.812186,-0.48365,-0.46720,4.65703,,-0.37058,-0.10626,-0.07931,-0.75895,-1.65919,13.56913,4574,-4698,0.93019,-0.31934,-0.18100,0.34555,0.92815,0.13832,0.12382,-0.19121,0.97371,0.50427,0.35568
3.829957,-0.42503,-0.16451,4.31546,,-0.37072,-0.09870,-0.07644,-0.59708,-0.84107,13.22788,4572,-4696,0.93338,-0.31017,-0.18053,0.33641,0.93139,0.13908,0.12501,-0.19055,0.97369,0.49481,0.34593
3.847701,-0.09093,-0.10140,4.37229,,-0.37632,-0.10052,-0.07546,-0.57520,-0.72732,14.02413,4569,-4694,0.93625,-0.30168,-0.18005,0.32789,0.93437,0.13945,0.12617,-0.18960,0.97372,0.48725,0.33687
3.865110,-0.19801,-0.29163,4.74945,,-0.37632,-0.10052,-0.07546,-0.63208,-0.39919,15.25788,4567,-4692,0.93891,-0.29356,-0.17965,0.31976,0.93712,0.13985,0.12730,-0.18875,0.97374,0.47968,0.32825
3.882803,-0.49831,-0.35294,5.05274,,-0.37730,-0.09044,-0.07217,-0.48333,-0.32482,15.28413,4565,-4690,0.94205,-0.28407,-0.17844,0.31017,0.94022,0.14068,0.12781,-0.18788,0.97384,0.47211,0.31807
3.900285,-0.45942,-0.31077,4.93250,,-0.38052,-0.08666,-0.07434,-1.00395,-0.39044,14.33476,4563,-4688,0.94498,-0.27468,-0.17766,0.30073,0.94318,0.14135,0.12874,-0.18700,0.97389,0.46454,0.30810
3.917877,-0.38285,-0.40558,4.54247,,-0.38052,-0.08666,-0.07434,-0.62333,-0.11044,13.94538,4561,-4686,0.94751,-0.26617,-0.17712,0.29222,0.94575,0.14202,0.12971,-0.18633,0.97389,0.45698,0.29915
3.935529,-0.09541,0.02064,4.44826,,-0.38024,-0.08484,-0.07532,-0.61020,-1.02482,13.45538,4559,-4684,0.94978,-0.25817,-0.17680,0.28419,0.94817,0.14213,0.13094,-0.18524,0.97393,0.44941,0.29074
3.952926,-0.30389,-0.17886,4.53918,,-0.38318,-0.08204,-0.06986,-0.54895,-0.55232,12.60663,4557,-4682,0.95214,-0.25042,-0.17526,0.27621,0.95047,0.14252,0.13089,-0.18411,0.97415,0.44184,0.28235
3.970353,-0.28534,-0.21147,4.57508,,-0.38318,-0.08204,-0.06986,-0.43958,-0.31169,12.55413,4555,-4680,0.95422,-0.24331,-0.17397,0.26891,0.95252,0.14280,0.13096,-0.18304,0.97434,0.43428,0.27469
3.988011,-0.12233,-0.23928,4.52602,,-0.38248,-0.07364,-0.07672,-0.47458,-0.35544,12.93038,4553,-4678,0.95624,-0.23490,-0.17443,0.26066,0.95475,0.14322,0.13289,-0.18242,0.97420,0.42482,0.26612
4.005562,-0.52702,-0.23569,4.76351,,-0.38178,-0.06468,-0.06888,-0.68020,-0.17169,13.35913,4550,-4676,0.95881,-0.22530,-0.17296,0.25090,0.95726,0.14391,0.13314,-0.18138,0.97436,0.41914,0.25594
4.023036,-0.52253,-0.32512,4.94028,,-0.38178,-0.06468,-0.07343,-0.80270,-0.54794,14.28663,4548,-4675,0.96098,-0.21627,-0.17249,0.24187,0.95949,0.14448,0.13426,-0.18056,0.97436,0.41158,0.24657
4.040624,-0.23928,-0.45523,4.77847,,-0.38500,-0.06650,-0.07343,-0.67583,-0.14544,15.20101,4546,-4673,0.96282,-0.20802,-0.17234,0.23367,0.96145,0.14493,0.13555,-0.17982,0.97432,0.40401,0.23809
4.058174,-0.39003,-0.19711,4.95524,,-0.38668,-0.05698,-0.07987,-0.70208,-1.72919,15.04351,4544,-4671,0.96475,-0.19842,-0.17289,0.22425,0.96362,0.14545,0.13774,-0.17910,0.97414,0.39644,0.22839
4.075714,-0.18873,-0.22343,4.78983,,-0.38668,-0.05110,-0.08001,-0.54895,-1.05544,14.43101,4542,-4669,0.96657,-0.18850,-0.17381,0.21459,0.96573,0.14603,0.14032,-0.17844,0.97389,0.38887,0.21847
4.093218,-0.30150,-0.23240,4.66900,,-0.38444,-0.05110,-0.08001,-0.66270,-1.79482,13.98913,4540,-4667,0.96814,-0.17964,-0.17443,0.20592,0.96754,0.14648,0.14245,-0.17773,0.97371,0.38131,0.20958
4.110818,-0.42383,-0.05713,4.85743,,-0.38780,-0.04578,-0.07266,-0.68020,-0.56982,14.47913,4538,-4665,0.97001,-0.17020,-0.17355,0.19637,0.96947,0.14682,0.14326,-0.17650,0.97382,0.37563,0.19975
4.128466,-0.52373,-0.35593,4.70339,,-0.38668,-0.04508,-0.07644,-0.49645,-0.44294,14.36538,4536,-4664,0.97149,-0.16151,-0.17357,0.18778,0.97109,0.14737,0.14475,-0.17576,0.97373,0.36806,0.19093
4.146010,-0.46361,-0.33978,4.87956,,-0.38668,-0.04508,-0.07644,-0.52708,-0.21544,13.75288,4534,-4662,0.97272,-0.15377,-0.17372,0.18011,0.97249,0.14771,0.14623,-0.17497,0.97365,0.36239,0.18309
4.163493,-0.32991,-0.11874,4.83799,,-0.39396,-0.03514,-0.07245,-0.38708,-0.37294,13.23226,4533,-4660,0.97430,-0.14442,-0.17286,0.17068,0.97412,0.14815,0.14699,-0.17385,0.97374,0.35482,0.17342
4.181123,-0.36132,-0.40259,4.66840,,-0.38962,-0.03290,-0.07196,-0.47458,-0.47357,13.33288,4531,-4658,0.97571,-0.13549,-0.17212,0.16172,0.97555,0.14880,0.14775,-0.17302,0.97377,0.34915,0.16425
4.198631,-0.37926,-0.33021,4.42463,,-0.38962,-0.03290,-0.07196,-0.60583,-0.25482,13.49476,4529,-4657,0.97693,-0.12731,-0.17144,0.15348,0.97682,0.14921,0.14847,-0.17208,0.97383,0.33969,0.15583
4.216250,-0.21805,-0.38794,4.71027,,-0.39648,-0.02954,-0.07392,-0.58395,-0.74919,13.73101,4527,-4654,0.97806,-0.11892,-0.17105,0.14509,0.97803,0.14966,0.14949,-0.17119,0.97383,0.33212,0.14727
4.233706,-0.17169,-0.40558,4.48385,,-0.38626,-0.01974,-0.07546,-0.54895,-0.39919,14.02851,4525,-4652,0.97912,-0.10906,-0.17153,0.13542,0.97932,0.15034,0.15159,-0.17043,0.97364,0.32455,0.13744
4.251486,-0.07866,-0.17049,4.63161,,-0.38626,-0.01974,-0.07546,-0.61895,-0.48669,14.15538,4523,-4650,0.98000,-0.10007,-0.17203,0.12655,0.98047,0.15057,0.15360,-0.16933,0.97352,0.31699,0.12842
4.269167,-0.18365,-0.15344,4.87179,,-0.39662,-0.01666,-0.07049,-0.43083,-0.22419,13.95413,4521,-4648,0.98103,-0.09116,-0.17106,0.11751,0.98155,0.15085,0.15415,-0.16809,0.97364,0.30942,0.11922
4.286691,-0.23300,-0.32512,4.89093,,-0.39718,-0.00994,-0.07217,-0.71958,-0.23294,13.65663,4519,-4646,0.98197,-0.08168,-0.17046,0.10800,0.98256,0.15135,0.15512,-0.16703,0.97367,0.30185,0.10954
4.304071,-0.55543,-0.18485,4.66002,,-0.39718,-0.00994,-0.06580,-0.73270,-0.32482,13.46851,4517,-4644,0.98303,-0.07308,-0.16824,0.09906,0.98346,0.15162,0.15438,-0.16571,0.97402,0.29429,0.10043
4.321780,-0.17198,-0.26351,4.66511,,-0.39158,-0.00364,-0.06580,-0.54895,-0.31169,12.75101,4515,-4642,0.98391,-0.06399,-0.16683,0.08980,0.98429,0.15205,0.15448,-0.16458,0.97419,0.28672,0.09101
4.339405,-0.39900,-0.36640,4.92383,,-0.38990,-0.00252,-0.06412,-0.64958,-0.43419,12.39663,4513,-4640,0.98472,-0.05562,-0.16501,0.08118,0.98497,0.15246,0.15405,-0.16352,0.97444,0.27915,0.08225
4.356933,-0.40140,-0.18455,4.85025,,-0.38990,0.00266,-0.06489,-0.56645,-0.04919,12.29601,4511,-4638,0.98541,-0.04686,-0.16359,0.07222,0.98562,0.15275,0.15408,-0.16233,0.97463,0.27348,0.07316
4.374390,-0.46002,-0.39182,5.03988,,-0.39844,0.00266,-0.06489,-0.52270,-0.30732,11.88038,4509,-4637,0.98604,-0.03895,-0.16192,0.06410,0.98613,0.15311,0.15371,-0.16135,0.97485,0.26591,0.06491
4.392151,-0.32303,-0.43490,4.73839,,-0.39872,0.00826,-0.07063,-0.83333,-0.31607,10.45851,4507,-4635,0.98637,-0.03091,-0.16164,0.05607,0.98656,0.15350,0.15473,-0.16047,0.97484,0.25834,0.05678
4.409946,-0.33350,-0.30867,4.77338,,-0.39466,0.01302,-0.06972,-0.68458,-0.46919,9.24663,4505,-4633,0.98664,-0.02288,-0.16130,0.04804,0.98693,0.15384,0.15567,-0.15953,0.97484,0.25078,0.04865
4.427349,-0.33709,-0.07208,4.66152,,-0.39466,0.01302,-0.06972,-0.47458,-0.28107,8.41538,4503,-4631,0.98683,-0.01579,-0.16102,0.04090,0.98725,0.15386,0.15653,-0.15841,0.97489,0.24321,0.04142
4.444900,-0.42592,-0.10798,4.50957,,-0.39522,0.01190,-0.06531,-0.50520,-0.09294,8.85288,4501,-4629,0.98710,-0.00947,-0.15980,0.03437,0.98751,0.15378,0.15634,-0.15729,0.97510,0.23564,0.03481
4.462415,-0.52732,-0.30897,4.52064,,-0.39466,0.01582,-0.06874,-0.18145,-0.13232,9.00163,4499,-4627,0.98723,-0.00281,-0.15928,0.02767,0.98768,0.15404,0.15688,-0.15648,0.97514,0.22807,0.02802
4.479960,-0.44477,-0.34038,4.87508,,-0.39466,0.01582,-0.06874,0.86855,0.56768,8.06101,4497,-4625,0.98725,0.00303,-0.15912,0.02185,0.98776,0.15443,0.15764,-0.15594,0.97511,0.22051,0.02213
4.497347,-0.33171,-0.45105,4.66840,,-0.39662,0.02310,-0.06720,-0.61020,0.34018,7.53601,4495,-4623,0.98729,0.00981,-0.15863,0.01505,0.98784,0.15477,0.15821,-0.15519,0.97513,0.21294,0.01525
4.514888,-0.27338,-0.36670,4.67827,,-0.39410,0.02590,-0.06363,-0.24270,0.18268,8.12226,4493,-4621,0.98737,0.01683,-0.15754,0.00791,0.98786,0.15513,0.15824,-0.15442,0.97525,0.20537,0.00801
4.532425,-0.25723,-0.26471,4.66062,,-0.39410,0.02590,-0.06363,-0.44833,-0.67919,8.56851,4491,-4619,0.98743,0.02338,-0.15634,0.00119,0.98788,0.15523,0.15807,-0.15346,0.97543,0.19591,0.00121
4.550241,-0.27577,-0.13699,4.70638,,-0.39746,0.02464,-0.06874,-0.51395,-1.23482,8.83538,4488,-4617,0.98733,0.02898,-0.15601,-0.00450,0.98790,0.15500,0.15861,-0.15233,0.97552,0.18835,6.27862
4.567612,-0.44686,-0.22044,4.84965,,-0.39508,0.02982,-0.06265,-0.53145,-1.06419,8.52913,4486,-4615,0.98738,0.03520,-0.15440,-0.01099,0.98786,0.15498,0.15799,-0.15132,0.97578,0.18078,6.27206
4.585058,-0.31256,-0.04427,4.51406,,-0.39508,0.02982,-0.06265,-0.06333,-0.35107,6.31101,4484,-4613,0.98736,0.04031,-0.15326,-0.01630,0.98781,0.15478,0.15763,-0.15033,0.97599,0.17321,6.26668
4.602642,-0.28175,-0.08255,4.62054,,-0.40012,0.03374,-0.06461,-0.17270,-0.46044,2.20288,4482,-4611,0.98730,0.04461,-0.15247,-0.02075,0.98776,0.15462,0.15750,-0.14949,0.97614,0.16565,6.26217
4.620210,-0.31406,-0.15374,4.44826,,-0.39424,0.03038,-0.06762,0.09417,-0.04044,-2.41712,4480,-4609,0.98718,0.04658,-0.15264,-0.02273,0.98775,0.15441,0.15796,-0.14896,0.97615,0.15808,6.26016
4.637741,-0.36730,-0.20548,4.69412,,-0.39424,0.03038,-0.06881,0.15105,0.33581,-4.64837,4478,-4607,0.98705,0.04776,-0.15311,-0.02387,0.98775,0.15422,0.15860,-0.14856,0.97610,0.15051,6.25900
4.655192,-0.41785,-0.23838,4.71147,,-0.39564,0.02870,-0.06881,0.21230,0.46706,-4.78399,4476,-4605,0.98697,0.04839,-0.15348,-0.02448,0.98777,0.15400,0.15906,-0.14823,0.97608,0.14294,6.25839
4.672689,-0.31675,-0.26471,4.79372,,-0.40026,0.03066,-0.06517,0.30855,0.98768,-6.84899,4474,-4603,0.98699,0.04877,-0.15319,-0.02493,0.98777,0.15390,0.15882,-0.14808,0.97614,0.13538,6.25794
4.690465,-0.18694,-0.10887,4.68874,,-0.39662,0.02870,-0.06748,0.00230,1.13643,-9.29024,4472,-4601,0.98695,0.04811,-0.15370,-0.02426,0.98785,0.15348,0.15922,-0.14775,0.97612,0.12781,6.25861
4.707870,-0.40528,-0.00658,4.78086,,-0.39662,0.02870,-0.06748,0.65417,0.34018,-9.75837,4470,-4599,0.98698,0.04736,-0.15374,-0.02355,0.98793,0.15311,0.15913,-0.14750,0.97618,0.12214,6.25933
4.725438,-0.46241,-0.05922,4.55743,,-0.39760,0.02282,-0.06734,0.59730,0.04268,-10.37087,4468,-4598,0.98710,0.04519,-0.15357,-0.02149,0.98806,0.15259,0.15863,-0.14732,0.97629,0.11457,6.26142
4.742831,-0.31735,-0.30867,4.73061,,-0.39830,0.02016,-0.06748,0.64980,-0.95482,-11.30712,4466,-4596,0.98727,0.04235,-0.15332,-0.01874,0.98816,0.15228,0.15796,-0.14747,0.97637,0.10700,6.26421
4.760385,-0.36311,-0.49113,4.83859,,-0.39830,0.02016,-0.06748,0.71980,0.67268,-11.47774,4464,-4594,0.98735,0.03972,-0.15347,-0.01609,0.98822,0.15221,0.15771,-0.14782,0.97636,0.09943,6.26689
4.777931,-0.40887,-0.50698,5.06411,,-0.39858,0.01792,-0.06356,0.47480,1.21956,-10.50649,4462,-4592,0.98754,0.03709,-0.15295,-0.01356,0.98828,0.15207,0.15680,-0.14810,0.97646,0.09187,6.26945
4.795495,-0.29192,-0.27637,4.91007,,-0.39788,0.01498,-0.06419,0.36980,-0.22419,-9.62712,4460,-4590,0.98773,0.03431,-0.15237,-0.01094,0.98838,0.15162,0.15580,-0.14809,0.97663,0.08619,6.27210
4.812947,-0.16451,-0.14118,4.45693,,-0.39788,0.01498,-0.06419,0.59292,0.13456,-8.30149,4458,-4589,0.98785,0.03212,-0.15202,-0.00888,0.98847,0.15114,0.15513,-0.14795,0.97675,0.08052,6.27419
4.830797,-0.19472,-0.12144,4.65464,,-0.38920,0.00952,-0.06965,0.39167,0.10393,-7.68024,4457,-4587,0.98778,0.02913,-0.15311,-0.00585,0.98861,0.15040,0.15575,-0.14767,0.97670,0.07484,6.27727
