0.000005,-0.83809,-0.66461,9.39362,,0.83384,0.09086,0.22827,-0.11879,0.00913,-0.00723,5058,-5079,-0.98754,0.13638,-0.07846,-0.12999,-0.98816,-0.08151,-0.08865,-0.07030,0.99358,3.27247,3.27247
0.000005,-0.66676,-0.51589,7.52184,,0.66450,0.07302,0.18668,0.00822,-0.02244,0.07297,5058,-5079,-0.98234,0.11238,0.14962,-0.12580,-0.98853,-0.08350,0.13852,-0.10085,0.98521,3.27247,3.26897
4.337280,-0.43310,-0.32094,4.67916,,0.41468,0.04739,0.11679,-0.04627,0.01769,0.00076,5058,-5079,-0.96248,0.11012,0.24800,-0.13396,-0.98764,-0.08137,0.23597,-0.11154,0.96534,3.27247,3.27989
4.354620,-0.41067,-0.31376,4.63400,,0.41608,0.04949,0.11876,-0.08127,-0.01293,-0.02986,5058,-5079,-0.95703,0.11326,0.26694,-0.13910,-0.98705,-0.07991,0.25443,-0.11361,0.96039,3.27247,3.28593
4.371835,-0.46959,-0.37268,4.65374,,0.41608,0.04949,0.12100,0.27748,-0.32356,-0.82174,5058,-5079,-0.95501,0.11386,0.27385,-0.14052,-0.98686,-0.07971,0.26118,-0.11460,0.95846,3.27247,3.28768
4.389152,-0.61645,-0.27188,4.87119,,0.41300,0.05075,0.12100,1.16123,0.19269,-10.69174,5058,-5079,-0.95352,0.11980,0.27651,-0.14676,-0.98602,-0.07890,0.26319,-0.11581,0.95777,3.27247,3.29431
4.406515,-0.37328,0.01825,4.38186,,0.41454,0.05103,0.11918,1.09123,0.22332,-22.92424,5058,-5079,-0.95387,0.12463,0.27312,-0.15138,-0.98531,-0.07909,0.25925,-0.11679,0.95872,3.27247,3.29898
4.423917,-0.46451,0.26321,4.50000,,0.39662,0.05901,0.11232,-0.24315,1.88582,-31.39861,5059,-5078,-0.95167,0.14824,0.26897,-0.17394,-0.98196,-0.07422,0.25311,-0.11741,0.96029,3.28004,3.32237
4.441451,0.17797,0.69242,5.74876,,0.41132,0.05901,0.11232,2.58748,-0.68668,-36.47799,5061,-5080,-0.95370,0.14933,0.26107,-0.17456,-0.98170,-0.07616,0.24492,-0.11820,0.96231,3.29139,3.32262
4.458681,-0.35952,-0.26501,5.28455,,0.40292,0.06853,0.11827,0.50936,-1.67981,-36.19361,5064,-5083,-0.94687,0.16959,0.27326,-0.19607,-0.97791,-0.07250,0.25493,-0.12223,0.95920,3.30463,3.34577
4.475887,-0.56411,-0.54646,3.40618,,0.41706,0.08323,0.11659,2.33811,0.89269,-35.20049,5067,-5087,-0.94440,0.19558,0.26430,-0.22084,-0.97285,-0.06921,0.24359,-0.12373,0.96195,3.32166,3.37130
4.493117,-0.32453,-0.62662,5.71167,,0.41706,0.08323,0.11659,2.40810,1.15082,-33.35861,5071,-5092,-0.94382,0.19952,0.26342,-0.22524,-0.97171,-0.07104,0.24179,-0.12638,0.96206,3.33868,3.37586
4.510668,-1.38933,-0.78215,6.41247,,0.40376,0.09359,0.12184,2.36873,3.14144,-31.18424,5075,-5097,-0.93446,0.22276,0.27776,-0.25009,-0.96592,-0.06670,0.25344,-0.13180,0.95833,3.35571,3.40309
4.528018,-0.00598,-0.35384,4.77069,,0.39578,0.10647,0.12037,0.85498,0.34144,-29.80174,5079,-5102,-0.92596,0.25333,0.28004,-0.28025,-0.95805,-0.05999,0.25309,-0.13403,0.95811,3.37273,3.43549
4.545428,-0.55005,-0.33679,4.55893,,0.39578,0.10647,0.12037,-0.71127,-0.90106,-28.71236,5084,-5106,-0.92477,0.25825,0.27946,-0.28543,-0.95648,-0.06064,0.25164,-0.13585,0.95824,3.38976,3.44097
4.562713,-0.73400,-0.03829,4.56491,,0.39060,0.11613,0.11882,2.95061,2.38457,-26.86611,5089,-5110,-0.91912,0.27860,0.27858,-0.30542,-0.95051,-0.05707,0.24889,-0.13754,0.95872,3.40678,3.46241
4.580131,-0.19352,0.00837,5.30309,,0.38752,0.12523,0.12043,1.02998,-0.04356,-25.23861,5093,-5115,-0.91173,0.29934,0.28132,-0.32610,-0.94388,-0.05252,0.24981,-0.13962,0.95818,3.42381,3.48508
4.597624,-0.28175,-0.65862,4.69143,,0.38752,0.12523,0.12043,-0.23877,0.04832,-24.11424,5098,-5119,-0.91053,0.30253,0.28181,-0.32976,-0.94254,-0.05363,0.24939,-0.14176,0.95797,3.43894,3.48906
4.615036,-0.54437,-0.54885,4.39292,,0.38388,0.13811,0.12443,1.74311,0.91894,-24.39424,5102,-5123,-0.89984,0.32701,0.28872,-0.35481,-0.93369,-0.04832,0.25377,-0.14592,0.95619,3.45597,3.51718
4.632265,-0.83689,-0.24437,4.91755,,0.38122,0.13979,0.12142,0.25998,0.24519,-25.01111,5106,-5128,-0.89759,0.33641,0.28490,-0.36379,-0.93026,-0.04768,0.24899,-0.14644,0.95737,3.47110,3.52665
4.649487,-0.46002,-0.07807,4.31815,,0.38122,0.13979,0.12142,0.21623,0.52082,-24.70924,5110,-5132,-0.89714,0.33789,0.28456,-0.36561,-0.92948,-0.04897,0.24795,-0.14797,0.95741,3.48435,3.52857
4.666764,-0.55842,-0.12802,4.62204,,0.38108,0.14987,0.12128,1.13061,-0.01731,-25.62799,5114,-5135,-0.89088,0.35587,0.28230,-0.38304,-0.92260,-0.04575,0.24417,-0.14889,0.95823,3.49948,3.54765
4.684120,-0.58355,0.03320,4.51496,,0.36778,0.16247,0.11743,1.53311,1.27769,-28.37111,5118,-5139,-0.87738,0.39023,0.27915,-0.41607,-0.90856,-0.03761,0.23895,-0.14915,0.95951,3.51272,3.58440
4.701350,0.10289,-0.27039,4.94985,,0.36778,0.16247,0.11743,1.59435,-0.00418,-29.04924,5121,-5143,-0.87476,0.39607,0.27916,-0.42223,-0.90568,-0.03812,0.23773,-0.15122,0.95949,3.52597,3.59129
4.718777,-0.27846,-0.54078,4.56909,,0.36708,0.17129,0.12303,1.40623,-1.00606,-28.87424,5125,-5146,-0.86526,0.41090,0.28722,-0.43837,-0.89808,-0.03582,0.24323,-0.15690,0.95719,3.54110,3.61054
4.736135,-0.29222,-0.42413,4.43181,,0.35616,0.17899,0.11448,1.35811,1.35644,-28.82174,5129,-5150,-0.85638,0.43583,0.27687,-0.46133,-0.88668,-0.03119,0.23190,-0.15444,0.96040,3.55623,3.63572
4.753666,-0.02752,-0.51476,5.02582,,0.35616,0.17899,0.11448,1.46311,0.70019,-28.46736,5133,-5154,-0.85488,0.43972,0.27537,-0.46542,-0.88449,-0.03247,0.22929,-0.15592,0.96079,3.57326,3.64015
4.770961,-0.74836,-0.31496,4.84636,,0.35854,0.19019,0.11939,1.16123,0.29332,-27.99486,5138,-5158,-0.84537,0.45527,0.27941,-0.48158,-0.87589,-0.02987,0.23114,-0.15981,0.95971,3.58839,3.65941
4.788165,-0.72802,-0.22403,4.27478,,0.35098,0.19929,0.11357,1.71686,1.40019,-27.41299,5142,-5162,-0.83500,0.47898,0.27084,-0.50361,-0.86356,-0.02544,0.22171,-0.15764,0.96229,3.60353,3.68431
4.805213,-0.50339,-0.47647,4.54935,,0.35098,0.19929,0.11357,1.11311,0.77019,-26.79174,5146,-5166,-0.83315,0.48285,0.26965,-0.50771,-0.86111,-0.02675,0.21929,-0.15919,0.96259,3.61866,3.68888
4.822540,-0.46959,-0.47228,4.60858,,0.34510,0.20853,0.11596,0.95561,1.09832,-26.69986,5150,-5170,-0.82058,0.50150,0.27412,-0.52690,-0.84962,-0.02291,0.22141,-0.16323,0.96142,3.63380,3.71240
4.839858,-0.49382,-0.34516,4.29751,,0.34090,0.21511,0.12576,0.95561,1.31707,-27.15049,5154,-5174,-0.80569,0.51499,0.29267,-0.54347,-0.83920,-0.01944,0.23560,-0.17472,0.95601,3.64893,3.73503
4.857092,-0.14477,-0.23928,4.60648,,0.34090,0.21511,0.10784,0.84623,0.22332,-28.02549,5158,-5178,-0.81109,0.52251,0.26291,-0.54625,-0.83736,-0.02103,0.20916,-0.16067,0.96459,3.66406,3.73430
4.874517,-0.70588,-0.27817,4.76381,,0.33432,0.22715,0.11469,1.33186,1.42644,-28.50674,5162,-5182,-0.79394,0.54474,0.27005,-0.56935,-0.82195,-0.01585,0.21333,-0.16633,0.96272,3.67920,3.76371
4.891877,-0.48185,-0.13430,5.01655,,0.32802,0.23639,0.11330,0.92060,1.05894,-28.74299,5166,-5186,-0.77869,0.56703,0.26855,-0.59105,-0.80656,-0.01082,0.21047,-0.16715,0.96320,3.69244,3.79085
4.909396,-0.46959,-0.46630,4.91067,,0.32802,0.23639,0.10847,1.27936,0.16644,-28.55486,5169,-5190,-0.77817,0.57195,0.25947,-0.59487,-0.80372,-0.01240,0.20145,-0.16400,0.96567,3.70758,3.79428
4.926730,-0.49831,-0.75374,4.72732,,0.32130,0.24451,0.10847,1.38873,1.04582,-28.15236,5173,-5194,-0.76531,0.58941,0.25862,-0.61217,-0.79067,-0.00956,0.19885,-0.16564,0.96593,3.72271,3.81627
4.944201,-0.46451,-0.19591,4.84337,,0.31178,0.25067,0.11435,1.35811,-0.10043,-27.19861,5177,-5198,-0.74743,0.60666,0.27076,-0.63133,-0.77550,-0.00522,0.20681,-0.17484,0.96263,3.73974,3.84298
4.961464,-0.54347,-0.22074,4.58913,,0.31178,0.26005,0.11827,1.26623,0.23207,-24.25861,5182,-5202,-0.73483,0.61922,0.27676,-0.64496,-0.76421,-0.00260,0.20989,-0.18042,0.96093,3.75487,3.86195
4.978791,-0.21236,-0.04845,4.12433,,0.30800,0.26005,0.11827,1.29686,1.91207,-23.20424,5186,-5206,-0.72929,0.62440,0.27975,-0.65085,-0.75921,-0.00215,0.21104,-0.18364,0.96007,3.77000,3.87022
4.996113,-0.58146,-0.26052,4.41984,,0.29442,0.26299,0.11344,1.69498,0.58207,-23.35736,5190,-5210,-0.71469,0.64292,0.27546,-0.66838,-0.74382,0.00194,0.20614,-0.18272,0.96131,3.78514,3.89352
5.013540,-0.01137,-0.59970,4.50808,,0.29470,0.27545,0.11512,0.60560,0.26707,-26.12236,5194,-5214,-0.69954,0.66007,0.27376,-0.68506,-0.72847,0.00590,0.20333,-0.18341,0.96178,3.80027,3.91653
5.030965,-0.53270,-0.18335,4.74527,,0.29470,0.27545,0.11512,1.03873,0.78769,-28.56361,5198,-5218,-0.69661,0.66349,0.27298,-0.68872,-0.72501,0.00465,0.20100,-0.18477,0.96201,3.81541,3.92129
5.048306,-0.82313,0.32483,6.33171,,0.28644,0.28035,0.11393,2.37311,2.03457,-28.63361,5202,-5222,-0.68333,0.67751,0.27210,-0.70251,-0.71163,0.00768,0.19884,-0.18591,0.96224,3.83054,3.94083
5.065879,-0.57428,0.27906,5.26331,,0.28364,0.28861,0.11183,2.27248,1.03707,-27.45674,5206,-5226,-0.67001,0.69303,0.26608,-0.71690,-0.69709,0.01042,0.19270,-0.18378,0.96389,3.84378,3.96079
5.087781,-0.26291,-0.51206,4.31157,,0.28364,0.28861,0.10728,0.70186,-0.68668,-27.99486,5209,-5230,-0.67068,0.69590,0.25675,-0.71851,-0.69547,0.00812,0.18421,-0.17903,0.96644,3.85703,3.96141
5.105217,-0.39392,-0.75703,5.02313,,0.27398,0.30009,0.10728,1.56373,1.76332,-27.92486,5213,-5233,-0.64917,0.71661,0.25503,-0.73871,-0.67389,0.01323,0.18135,-0.17980,0.96684,3.87216,3.99142
5.122457,-0.44686,-0.25065,4.70758,,0.25998,0.30639,0.11183,1.86123,0.16207,-28.02986,5217,-5237,-0.62172,0.73710,0.26486,-0.76076,-0.64874,0.01968,0.18633,-0.18926,0.96409,3.88729,4.02723
5.139813,-0.07089,-0.23868,4.46112,,0.25998,0.32431,0.10623,0.42623,0.64332,-28.02549,5221,-5241,-0.60251,0.75813,0.24943,-0.77865,-0.62696,0.02475,0.17515,-0.17931,0.96808,3.90243,4.05384
5.157039,-0.36670,0.13789,4.86102,,0.25480,0.31129,0.10623,1.62936,1.21207,-27.68861,5225,-5245,-0.60459,0.75522,0.25322,-0.77689,-0.62926,0.02183,0.17583,-0.18352,0.96716,3.91756,4.05107
5.174614,-0.38674,0.12861,4.82513,,0.24206,0.31885,0.10784,1.49373,-0.89231,-28.09549,5229,-5249,-0.58117,0.77199,0.25742,-0.79432,-0.60691,0.02679,0.17691,-0.18890,0.96593,3.93270,4.08073
5.191978,-0.36939,-0.40319,5.22353,,0.24206,0.32585,0.10104,1.51998,1.99519,-27.94674,5233,-5253,-0.57262,0.78282,0.24354,-0.80264,-0.59580,0.02792,0.16696,-0.17949,0.96949,3.94783,4.09272
5.209307,-0.40887,-0.68913,5.15564,,0.23884,0.32585,0.10104,1.78686,0.29332,-27.97736,5237,-5257,-0.56688,0.78739,0.24221,-0.80730,-0.58952,0.02703,0.16407,-0.18021,0.96985,3.96296,4.10020
5.226649,-0.43968,-0.36909,4.74198,,0.22526,0.32613,0.10994,0.60998,0.08769,-28.08236,5241,-5261,-0.54428,0.79694,0.26200,-0.82067,-0.57058,0.03070,0.17396,-0.19830,0.96458,3.97810,4.12678
5.244125,-0.50459,-0.05085,4.37229,,0.22036,0.34181,0.10776,1.01686,1.46144,-28.33611,5245,-5265,-0.52061,0.81455,0.25588,-0.83688,-0.54620,0.03605,0.16913,-0.19538,0.96604,3.99512,4.15589
5.261095,-1.04686,-0.27488,4.75633,,0.22036,0.34181,0.10776,1.50686,-0.08293,-28.14361,5250,-5269,-0.51662,0.81744,0.25475,-0.84000,-0.54152,0.03414,0.16585,-0.19635,0.96641,4.01026,4.16099
5.278398,-0.10349,-0.15852,4.83649,,0.20972,0.34517,0.10595,1.51561,0.60832,-26.55111,5254,-5273,-0.49815,0.82936,0.25301,-0.85153,-0.52295,0.03766,0.16355,-0.19669,0.96673,4.02539,4.18307
5.295898,-0.17886,-0.29342,4.52333,,0.20174,0.34853,0.10693,1.12623,0.99769,-27.29924,5258,-5277,-0.47978,0.83945,0.25521,-0.86207,-0.50513,0.04088,0.16323,-0.20039,0.96602,4.04053,4.20454
5.313136,-0.39153,-0.42173,4.91875,,0.20174,0.34853,0.10693,1.56373,-0.94481,-27.05861,5262,-5281,-0.47691,0.84102,0.25542,-0.86410,-0.50182,0.03892,0.16091,-0.20215,0.96605,4.05377,4.20807
5.330343,-0.37238,-0.53480,4.95284,,0.19474,0.35595,0.09971,1.07811,0.38519,-26.55549,5265,-5285,-0.46139,0.85394,0.24065,-0.87411,-0.48396,0.04140,0.15182,-0.19125,0.96973,4.06890,4.22672
5.347329,-0.84377,-0.22044,4.59183,,0.17640,0.35847,0.09874,1.03435,0.31082,-26.35861,5269,-5289,-0.42761,0.87185,0.23882,-0.89154,-0.45040,0.04791,0.14933,-0.19243,0.96988,4.08404,4.26517
5.364230,-0.51864,-0.09960,4.49193,,0.17640,0.35847,0.09874,1.41061,0.43769,-24.87986,5273,-5293,-0.42203,0.87460,0.23866,-0.89454,-0.44450,0.04709,0.14727,-0.19362,0.96996,4.10295,4.27156
5.381717,-0.22911,0.01854,4.79312,,0.17556,0.36239,0.09754,1.79998,0.97582,-23.88674,5278,-5298,-0.41734,0.87782,0.23506,-0.89724,-0.43907,0.04668,0.14418,-0.19143,0.97086,4.11809,4.27702
5.398878,-0.32363,-0.43639,5.00788,,0.16534,0.36981,0.09692,1.05623,0.37207,-23.62424,5282,-5302,-0.39419,0.88918,0.23234,-0.90805,-0.41578,0.05064,0.14163,-0.19101,0.97132,4.13322,4.30284
5.416155,-0.39930,-0.70887,4.61635,,0.16534,0.36981,0.09692,0.91623,0.79207,-24.27174,5286,-5306,-0.39005,0.89104,0.23218,-0.91015,-0.41131,0.04946,0.13957,-0.19203,0.97141,4.14836,4.30751
5.433405,-0.85184,-0.31466,4.63011,,0.15680,0.36981,0.09356,1.30561,1.50082,-24.98486,5290,-5310,-0.37519,0.89875,0.22688,-0.91699,-0.39565,0.05091,0.13553,-0.18895,0.97259,4.16349,4.32402
5.450649,-0.92692,-0.24526,4.32503,,0.14938,0.38157,0.09279,1.11311,0.91894,-27.85049,5294,-5314,-0.35131,0.90984,0.22084,-0.92703,-0.37107,0.05405,0.13112,-0.18573,0.97381,4.17863,4.35014
5.468017,-0.49023,0.02752,4.89691,,0.14938,0.38157,0.09279,1.55498,1.08082,-29.74924,5298,-5318,-0.34675,0.91182,0.21988,-0.92908,-0.36608,0.05294,0.12876,-0.18593,0.97409,4.19187,4.35518
5.485419,-0.49202,-0.04756,4.17966,,0.13846,0.38563,0.09033,2.13248,-0.11356,-30.30049,5301,-5322,-0.32449,0.92109,0.21517,-0.93759,-0.34328,0.05551,0.12499,-0.18373,0.97500,4.20700,4.37920
5.502943,-0.50937,-0.51775,4.26341,,0.12726,0.38913,0.08845,1.28373,1.78957,-30.41424,5305,-5326,-0.29869,0.93063,0.21144,-0.94652,-0.31720,0.05905,0.12203,-0.18250,0.97560,4.22214,4.40671
5.520395,-0.16361,-0.26949,3.99093,,0.12726,0.38913,0.08845,1.99686,0.38957,-30.52361,5309,-5330,-0.29435,0.93216,0.21078,-0.94817,-0.31247,0.05779,0.11973,-0.18285,0.97582,4.23349,4.41138
5.537996,-0.28475,-0.40708,5.27348,,0.11354,0.38815,0.08768,1.33186,0.98019,-30.45799,5312,-5333,-0.26915,0.93966,0.21117,-0.95581,-0.28754,0.06125,0.11827,-0.18535,0.97553,4.24862,4.43791
5.555297,-0.08046,-0.52074,4.85504,,0.10766,0.39305,0.08495,0.47435,1.42207,-29.61361,5316,-5337,-0.25197,0.94583,0.20476,-0.96087,-0.26968,0.06332,0.11511,-0.18079,0.97676,4.26375,4.45593
5.572539,-0.83539,-0.15135,4.70878,,0.10766,0.39305,0.08495,1.95311,0.09644,-28.35361,5320,-5341,-0.24954,0.94675,0.20344,-0.96185,-0.26665,0.06114,0.11213,-0.18042,0.97718,4.27511,4.45855
5.589901,-0.62393,-0.43968,4.54517,,0.10136,0.39711,0.08417,0.79811,1.88582,-26.84424,5323,-5344,-0.23573,0.95080,0.20103,-0.96560,-0.25251,0.06203,0.10974,-0.17949,0.97762,4.29024,4.47295
5.607283,-0.26112,-0.43609,4.32862,,0.08876,0.40537,0.07858,0.88998,1.58394,-25.75924,5327,-5348,-0.20699,0.96008,0.18816,-0.97264,-0.22267,0.06622,0.10548,-0.16930,0.97990,4.30537,4.50271
5.624599,-0.38524,-0.60359,4.62114,,0.08876,0.40537,0.07858,1.38873,1.18144,-25.87299,5331,-5352,-0.20211,0.96148,0.18629,-0.97390,-0.21738,0.06534,0.10332,-0.16822,0.98032,4.32051,4.50777
5.641935,-0.67926,-0.56830,4.86281,,0.07658,0.40551,0.07704,0.69310,1.95582,-25.20361,5335,-5356,-0.17829,0.96669,0.18362,-0.97875,-0.19343,0.06803,0.10128,-0.16759,0.98064,4.33753,4.53220
5.659311,-0.38195,0.02064,4.32293,,0.07210,0.40803,0.07710,1.06061,-1.91606,-25.86424,5339,-5361,-0.16495,0.96935,0.18209,-0.98135,-0.17978,0.06807,0.09872,-0.16746,0.98092,4.35267,4.54586
5.676590,-0.69063,-0.23480,4.21556,,0.07210,0.40803,0.07123,1.04748,0.30207,-25.92549,5343,-5365,-0.16288,0.97173,0.17090,-0.98211,-0.17627,0.06626,0.09451,-0.15705,0.98306,4.36969,4.54804
5.693926,-1.26461,-0.08106,5.82413,,0.06258,0.41041,0.07123,2.58748,3.20707,-25.15111,5347,-5370,-0.14349,0.97510,0.16907,-0.98530,-0.15676,0.06785,0.09266,-0.15685,0.98327,4.38672,4.56777
5.711272,0.25244,-0.38465,4.92592,,0.04620,0.40775,0.07886,0.98185,-1.43918,-26.73924,5351,-5375,-0.10827,0.97675,0.18505,-0.98970,-0.12344,0.07253,0.09369,-0.17530,0.98005,4.40375,4.60343
5.728676,-0.35414,-0.53659,3.63709,,0.04620,0.40775,0.06996,0.05873,0.26707,-27.77611,5356,-5379,-0.10239,0.98001,0.17056,-0.99067,-0.11597,0.07162,0.08996,-0.16164,0.98274,4.41888,4.60940
5.745913,-0.49502,-0.05743,4.81286,,0.03864,0.41419,0.06996,2.77998,1.43082,-27.20299,5360,-5383,-0.08541,0.98236,0.16637,-0.99246,-0.09862,0.07278,0.08791,-0.15890,0.98337,4.43401,4.62654
5.763124,-0.40528,0.09242,5.63510,,0.02618,0.41321,0.06808,1.49373,0.59519,-25.85111,5364,-5387,-0.05862,0.98501,0.16221,-0.99456,-0.07163,0.07556,0.08605,-0.15689,0.98386,4.45104,4.65352
5.780454,-0.01376,0.02961,4.49671,,0.02618,0.41559,0.06556,1.06936,-0.38918,-24.84486,5369,-5391,-0.05424,0.98628,0.15590,-0.99497,-0.06655,0.07483,0.08417,-0.15106,0.98493,4.46617,4.65793
5.797762,-0.37208,-0.53330,4.08963,,0.02072,0.41559,0.06556,1.93561,0.41144,-24.13174,5373,-5395,-0.04272,0.98685,0.15588,-0.99568,-0.05493,0.07487,0.08245,-0.15201,0.98493,4.47942,4.66951
5.815383,-0.44058,-0.31406,4.73360,,0.00938,0.41797,0.06626,1.93561,0.48582,-24.21924,5377,-5398,-0.01846,0.98754,0.15629,-0.99656,-0.03081,0.07698,0.08083,-0.15433,0.98471,4.49455,4.69387
5.832553,-0.01047,-0.48634,4.69472,,0.00196,0.42105,0.05975,1.30998,-0.47231,-25.48799,5381,-5402,0.00072,0.98972,0.14304,-0.99687,-0.01060,0.07834,0.07905,-0.14265,0.98661,4.50779,4.71311
5.850084,-0.30090,-0.22433,4.08096,,0.00196,0.42105,0.05975,0.78936,0.25394,-26.33674,5384,-5406,0.00412,0.99007,0.14053,-0.99699,-0.00681,0.07719,0.07738,-0.14043,0.98706,4.52293,4.71652
5.867394,-0.78066,0.11037,4.73510,,-0.00504,0.42245,0.06122,1.95311,1.77644,-26.34549,5388,-5410,0.01842,0.98963,0.14244,-0.99696,0.00740,0.07752,0.07566,-0.14344,0.98676,4.53617,4.73086
5.884756,-0.71964,0.20010,4.78086,,-0.01694,0.41965,0.05856,1.72561,0.17082,-27.81549,5391,-5414,0.04462,0.98940,0.13818,-0.99629,0.03388,0.07913,0.07361,-0.14119,0.98724,4.55130,4.75715
5.902145,-0.42173,-0.36491,4.44915,,-0.01694,0.41965,0.05856,0.84623,0.91457,-28.76049,5395,-5418,0.04935,0.98922,0.13789,-0.99619,0.03880,0.07816,0.07197,-0.14122,0.98736,4.56644,4.76189
5.919499,-0.35593,-0.42981,5.00040,,-0.02562,0.42119,0.05716,1.51998,1.12019,-28.64674,5399,-5422,0.06694,0.98861,0.13480,-0.99525,0.05660,0.07916,0.07063,-0.13946,0.98770,4.58157,4.77955
5.936828,-0.74237,-0.10798,4.45962,,-0.03724,0.42189,0.04883,0.50936,0.49457,-28.55049,5403,-5426,0.09250,0.98877,0.11739,-0.99328,0.08339,0.08028,0.06959,-0.12403,0.98984,4.59481,4.80525
5.954280,-0.66550,-0.39811,4.58285,,-0.03724,0.42189,0.04883,0.58810,0.45957,-29.07111,5406,-5430,0.09694,0.98863,0.11492,-0.99297,0.08818,0.07899,0.06796,-0.12177,0.99023,4.60995,4.80971
5.971689,-0.50608,-0.32183,4.46680,,-0.04886,0.41769,0.05331,0.70623,0.74394,-29.59174,5410,-5434,0.12103,0.98490,0.12380,-0.99050,0.11162,0.08035,0.06532,-0.13235,0.98905,4.62319,4.83397
5.988994,-0.35653,-0.36939,4.82094,,-0.05614,0.42245,0.05366,1.02998,1.44394,-29.25924,5413,-5438,0.13784,0.98259,0.12460,-0.98840,0.12836,0.08122,0.06381,-0.13435,0.98888,4.63832,4.85095
6.006366,0.02692,0.04038,4.75215,,-0.05614,0.42245,0.05366,1.21810,0.72207,-29.82799,5417,-5442,0.14082,0.98220,0.12430,-0.98805,0.13147,0.08051,0.06273,-0.13416,0.98897,4.65157,4.85396
6.023869,-0.27936,-0.08943,4.54218,,-0.07168,0.42063,0.05016,1.09560,1.22082,-28.39299,5421,-5445,0.17081,0.97826,0.11759,-0.98335,0.16173,0.08292,0.06210,-0.12979,0.98959,4.66481,4.88437
6.040997,-0.68345,-0.46241,4.62353,,-0.08008,0.41769,0.03315,1.46748,0.45957,-28.62486,5424,-5449,0.19335,0.97747,0.08461,-0.97893,0.18643,0.08333,0.06568,-0.09894,0.99292,4.67805,4.90739
6.058317,-0.51206,-0.17886,4.39502,,-0.08008,0.41769,0.03315,1.96185,0.57769,-28.66861,5428,-5452,0.19712,0.97719,0.07903,-0.97820,0.19067,0.08232,0.06538,-0.09354,0.99347,4.69319,4.91124
6.075627,-0.68524,0.08674,4.81705,,-0.08890,0.41531,0.03175,1.87435,1.15519,-27.99486,5432,-5456,0.21504,0.97371,0.07518,-0.97447,0.20884,0.08241,0.06454,-0.09098,0.99376,4.70832,4.92958
6.092955,-0.35444,-0.40349,4.41775,,-0.09954,0.41629,0.03434,1.51561,0.35894,-26.80486,5436,-5460,0.23697,0.96826,0.07953,-0.96953,0.23045,0.08313,0.06217,-0.09680,0.99336,4.72345,4.95211
6.110476,-0.59163,-0.69930,5.06770,,-0.09954,0.41629,0.03434,1.38436,0.99769,-25.84236,5440,-5464,0.24038,0.96734,0.08044,-0.96877,0.23389,0.08239,0.06088,-0.09773,0.99335,4.73859,4.95561
6.128042,-0.46122,-0.38495,4.31217,,-0.11228,0.41419,0.03245,1.38873,1.04582,-26.30611,5444,-5468,0.26519,0.96115,0.07653,-0.96231,0.25887,0.08337,0.06032,-0.09575,0.99358,4.75372,4.98129
6.145447,-0.06371,-0.38973,4.79910,,-0.12250,0.41405,0.03035,1.11748,0.47707,-28.99236,5448,-5472,0.28836,0.95487,0.07128,-0.95561,0.28228,0.08438,0.06045,-0.09245,0.99388,4.76886,5.00545
6.162650,-0.89821,-0.28953,4.59871,,-0.12250,0.41405,0.03035,1.19186,0.75269,-30.16486,5452,-5476,0.29263,0.95362,0.07061,-0.95440,0.28671,0.08315,0.05905,-0.09172,0.99403,4.78588,5.00990
6.179978,-0.73280,-0.07089,4.25593,,-0.13258,0.41167,0.03119,1.86998,1.71957,-28.87424,5456,-5481,0.31180,0.94743,0.07184,-0.94843,0.30581,0.08342,0.05706,-0.09414,0.99392,4.80102,5.03002
6.197154,-0.57697,-0.26112,4.82303,,-0.14000,0.40887,0.02720,1.33186,0.02644,-27.69299,5460,-5485,0.32930,0.94202,0.06456,-0.94247,0.32374,0.08334,0.05761,-0.08829,0.99443,4.81615,5.04853
6.214520,-0.32154,-0.51117,4.38814,,-0.14000,0.40887,0.02104,1.02123,0.70019,-27.31236,5464,-5489,0.33236,0.94174,0.05167,-0.94118,0.32762,0.08277,0.06101,-0.07614,0.99523,4.83318,5.05185
6.231907,-0.00150,-0.60628,4.83290,,-0.15470,0.41013,0.02104,0.22935,1.81582,-28.42361,5469,-5493,0.35722,0.93275,0.04865,-0.93202,0.35255,0.08398,0.06118,-0.07534,0.99528,4.84831,5.07839
6.249192,-0.53390,-0.17258,5.21456,,-0.16114,0.40215,0.01684,1.09998,1.48769,-28.46299,5473,-5497,0.37732,0.92520,0.04054,-0.92396,0.37313,0.08416,0.06273,-0.06922,0.99563,4.86344,5.10009
6.266656,-0.71127,-0.54945,4.94955,,-0.16114,0.39851,0.02020,0.98623,1.96019,-27.92486,5477,-5501,0.38281,0.92266,0.04635,-0.92189,0.37828,0.08381,0.05980,-0.07481,0.99540,4.88047,5.10597
6.284019,0.19232,-0.21147,4.63370,,-0.16786,0.39851,0.02020,1.31873,-0.85293,-28.53736,5481,-5506,0.39483,0.91756,0.04674,-0.91687,0.39026,0.08388,0.05872,-0.07597,0.99538,4.89560,5.11902
6.301327,-0.28056,-0.34457,3.96700,,-0.17724,0.39431,0.01495,0.83748,-0.59918,-27.70174,5485,-5510,0.41488,0.90912,0.03702,-0.90784,0.41088,0.08374,0.06091,-0.06835,0.99580,4.90885,5.14105
6.318634,-0.87607,-0.45613,5.29771,,-0.19516,0.39179,0.00535,0.99498,1.61457,-27.37361,5488,-5514,0.44813,0.89381,0.01687,-0.89144,0.44536,0.08365,0.06725,-0.05253,0.99635,4.92398,5.17820
6.335881,-0.70977,-0.20877,4.85982,,-0.19026,0.39179,0.00535,1.76498,0.26269,-28.04736,5492,-5518,0.44628,0.89479,0.01372,-0.89231,0.44378,0.08276,0.06797,-0.04917,0.99647,4.93912,5.17615
6.353135,-0.70528,-0.06072,4.32263,,-0.19642,0.38899,0.01061,0.18560,0.85769,-29.15424,5496,-5522,0.45778,0.88878,0.02273,-0.88686,0.45469,0.08202,0.06257,-0.05771,0.99637,4.95425,5.18889
6.370488,-0.69900,-0.15194,5.02911,,-0.20580,0.38521,0.00158,2.25061,0.49894,-28.94424,5500,-5526,0.47668,0.87904,0.00745,-0.87644,0.47458,0.08143,0.06805,-0.04534,0.99665,4.97317,5.21052
6.387735,-0.69870,-0.42473,4.88794,,-0.20580,0.38521,0.00158,2.04936,1.68894,-27.91174,5505,-5531,0.47963,0.87746,0.00503,-0.87477,0.47769,0.08117,0.06882,-0.04333,0.99669,4.98641,5.21392
6.405152,-0.29103,-0.47318,4.46291,,-0.21896,0.37919,-0.00039,0.77623,1.01519,-27.46986,5508,-5535,0.50394,0.86374,0.00062,-0.86092,0.50223,0.08106,0.06971,-0.04138,0.99671,5.00154,5.24196
6.422586,-0.41635,-0.53390,4.91725,,-0.22708,0.37107,-0.00122,2.06685,0.66082,-27.99486,5512,-5539,0.52626,0.85032,-0.00133,-0.84748,0.52463,0.08095,0.06953,-0.04147,0.99672,5.01668,5.26809
6.439990,-0.69930,-0.21027,4.38545,,-0.22708,0.37107,-0.00122,1.24436,1.01957,-29.49986,5516,-5543,0.53025,0.84784,-0.00195,-0.84502,0.52867,0.08034,0.06915,-0.04095,0.99677,5.03181,5.27279
6.457187,-0.33649,-0.02782,5.02523,,-0.23898,0.36995,-0.00689,0.64498,0.38082,-29.53049,5520,-5547,0.54799,0.83638,-0.01320,-0.83323,0.54718,0.07956,0.07377,-0.03260,0.99674,5.04884,5.29414
6.474482,-0.62662,0.04397,4.85743,,-0.24192,0.36463,-0.00962,2.05373,1.90332,-28.18736,5525,-5551,0.55899,0.82893,-0.02011,-0.82561,0.55867,0.07908,0.07679,-0.02760,0.99667,5.06208,5.30755
6.491703,-0.65085,-0.13938,5.03091,,-0.24192,0.36463,-0.00962,1.74311,0.38519,-27.48299,5528,-5555,0.56065,0.82779,-0.02093,-0.82448,0.56040,0.07862,0.07681,-0.02682,0.99669,5.07721,5.30957
6.508922,-0.56052,-0.49023,3.99990,,-0.25480,0.36085,-0.01606,1.09998,0.07894,-27.68861,5532,-5559,0.58079,0.81340,-0.03266,-0.80991,0.58141,0.07747,0.08200,-0.01854,0.99646,5.09235,5.33450
6.526419,-0.85932,-0.46122,4.30020,,-0.26740,0.35413,-0.00780,1.22248,1.15957,-27.51799,5536,-5563,0.60560,0.79555,-0.01896,-0.79246,0.60508,0.07668,0.07248,-0.03142,0.99688,5.10937,5.36491
6.543701,0.12293,-0.50788,4.57298,,-0.26740,0.35413,-0.00780,1.42810,-0.51168,-27.12424,5541,-5567,0.60951,0.79260,-0.01712,-0.78956,0.60883,0.07689,0.07137,-0.03335,0.99689,5.12262,5.36979
6.560879,-0.42772,-0.06281,4.81167,,-0.27006,0.34517,-0.02278,0.84186,0.49019,-26.17924,5544,-5571,0.62067,0.78274,-0.04571,-0.77915,0.62225,0.07573,0.08772,-0.01139,0.99608,5.13775,5.38505
6.578150,-0.08644,-0.12114,4.68844,,-0.27790,0.34461,-0.01585,0.88560,0.35894,-25.63674,5548,-5575,0.63235,0.77380,-0.03704,-0.77036,0.63314,0.07534,0.08175,-0.01911,0.99647,5.15478,5.39971
6.595728,-0.52941,-0.21745,4.74108,,-0.27790,0.34461,-0.01585,1.08685,0.44644,-25.99111,5552,-5580,0.63440,0.77220,-0.03524,-0.76881,0.63505,0.07507,0.08035,-0.02053,0.99656,5.17180,5.40229
6.613342,-0.49023,-0.46840,4.95404,,-0.27986,0.33509,-0.02370,0.56623,0.80519,-26.70424,5557,-5584,0.64542,0.76217,-0.05029,-0.75860,0.64731,0.07429,0.08918,-0.00980,0.99597,5.18694,5.41735
6.630766,-0.49801,-0.50638,4.60050,,-0.29498,0.32851,-0.02621,0.76748,0.76144,-27.21174,5561,-5588,0.66959,0.74055,-0.05682,-0.73701,0.67196,0.07265,0.09198,-0.00677,0.99574,5.20018,5.44989
6.648127,-0.33111,-0.21476,4.66570,,-0.29498,0.32851,-0.02621,1.14810,0.36332,-28.34924,5564,-5592,0.67374,0.73668,-0.05812,-0.73313,0.67621,0.07249,0.09270,-0.00623,0.99567,5.21531,5.45559
6.665367,-0.76361,-0.27697,4.69023,,-0.30058,0.32011,-0.02852,1.13498,1.66269,-28.51111,5568,-5596,0.68783,0.72315,-0.06283,-0.71962,0.69068,0.07139,0.09502,-0.00389,0.99547,5.23234,5.47520
6.682627,-0.34786,-0.29940,4.70907,,-0.31164,0.31745,-0.02958,1.27060,0.18394,-27.68424,5572,-5601,0.70314,0.70809,-0.06486,-0.70461,0.70611,0.07027,0.09555,-0.00371,0.99542,5.24936,5.49674
6.699872,-0.38106,-0.60838,4.26102,,-0.31164,0.31745,-0.02958,1.27936,0.24082,-27.48736,5577,-5605,0.70566,0.70558,-0.06486,-0.70205,0.70862,0.07057,0.09575,-0.00427,0.99540,5.26450,5.50035
6.717152,-0.44387,-0.45434,4.68485,,-0.31808,0.30317,-0.03804,1.44561,0.81832,-28.29236,5581,-5609,0.72461,0.68430,-0.08167,-0.68087,0.72917,0.06868,0.10655,0.00584,0.99429,5.27963,5.52890
6.734515,-0.34038,0.01436,5.09552,,-0.32382,0.30359,-0.03301,1.16123,0.06144,-27.70174,5585,-5613,0.73284,0.67630,-0.07467,-0.67286,0.73663,0.06805,0.10103,0.00038,0.99488,5.29288,5.54042
6.752030,-0.53689,-0.36700,4.65912,,-0.32382,0.30359,-0.03958,1.37123,0.98894,-25.25174,5588,-5617,0.73294,0.67490,-0.08544,-0.67147,0.73787,0.06832,0.10916,0.00730,0.99400,5.30990,5.54153
6.769326,-0.09811,-0.22283,4.90140,,-0.32816,0.29393,-0.03958,1.43685,0.12269,-21.72549,5592,-5622,0.74482,0.66144,-0.08802,-0.65806,0.74996,0.06722,0.11048,0.00786,0.99385,5.32693,5.55955
6.786586,-0.32453,-0.47019,4.61246,,-0.33852,0.28413,-0.04042,0.74560,0.31082,-17.77924,5597,-5626,0.76335,0.63975,-0.08952,-0.63648,0.76855,0.06506,0.11043,0.00731,0.99386,5.34206,5.58818
6.803829,-0.54018,-0.58684,4.47847,,-0.33852,0.28413,-0.04098,0.80248,0.81832,-15.29424,5601,-5630,0.76585,0.63660,-0.09061,-0.63331,0.77116,0.06510,0.11132,0.00753,0.99376,5.35720,5.59224
6.821048,-0.60808,-0.52732,4.64028,,-0.33628,0.28259,-0.04098,0.77623,-0.35418,-14.44111,5605,-5634,0.76581,0.63659,-0.09105,-0.63329,0.77116,0.06520,0.11172,0.00773,0.99371,5.37044,5.59222
6.838399,-0.54048,-0.06311,4.57328,,-0.33880,0.28049,-0.04078,0.46998,0.60832,-13.62299,5608,-5638,0.76951,0.63209,-0.09121,-0.62884,0.77485,0.06450,0.11145,0.00773,0.99374,5.38368,5.59804
6.855818,-0.60688,-0.13968,4.70668,,-0.35672,0.27531,-0.04259,0.43060,0.20144,-13.44799,5612,-5641,0.78766,0.60912,-0.09257,-0.60604,0.79304,0.06160,0.11093,0.00758,0.99380,5.39881,5.62737
6.873097,-0.51266,-0.04098,4.54397,,-0.34664,0.27531,-0.04259,0.69310,0.26269,-13.44361,5616,-5645,0.78344,0.61427,-0.09429,-0.61119,0.78904,0.06207,0.11252,0.00900,0.99361,5.41395,5.62067
6.890412,-0.53210,-0.21655,4.73001,,-0.34510,0.26719,-0.04497,0.60560,1.29519,-14.02549,5620,-5649,0.78872,0.60652,-0.10028,-0.60354,0.79497,0.06126,0.11688,0.01221,0.99307,5.42908,5.63001
6.907870,-0.28684,-0.23061,4.64806,,-0.35028,0.26733,-0.04497,0.57498,-0.52918,-14.68174,5624,-5653,0.79329,0.60053,-0.10027,-0.59758,0.79952,0.06060,0.11656,0.01184,0.99311,5.44422,5.63758
6.925360,-0.54138,-0.24407,4.62323,,-0.35028,0.26733,-0.04497,0.65373,1.29519,-14.83049,5628,-5657,0.79403,0.59953,-0.10039,-0.59657,0.80026,0.06071,0.11674,0.01168,0.99309,5.45935,5.63884
6.942659,-0.35773,-0.34935,4.61276,,-0.35756,0.26537,-0.04896,0.75435,0.51644,-15.29861,5633,-5660,0.80035,0.58994,-0.10681,-0.58708,0.80731,0.05983,0.12153,0.01483,0.99248,5.47448,5.65031
6.959976,-0.57787,-0.20518,4.51107,,-0.35406,0.25753,-0.04679,0.50060,0.81832,-15.73611,5636,-5665,0.80636,0.58197,-0.10531,-0.57914,0.81310,0.05892,0.11992,0.01348,0.99269,5.48962,5.66034
6.977130,-0.31525,-0.33021,4.43300,,-0.35406,0.25753,-0.04679,0.64060,1.20769,-15.61799,5640,-5669,0.80735,0.58061,-0.10528,-0.57772,0.81408,0.05926,0.12012,0.01298,0.99268,5.50475,5.66208
6.994560,-0.07358,-0.02542,4.90050,,-0.36260,0.25249,-0.05457,0.86373,-1.30793,-15.69674,5644,-5673,0.81609,0.56560,-0.11872,-0.56306,0.82443,0.05718,0.13021,0.02019,0.99128,5.52178,5.67924
7.011772,-0.31914,-0.39003,4.66301,,-0.36582,0.24801,-0.05078,0.67561,0.70894,-15.40799,5649,-5677,0.82399,0.55505,-0.11387,-0.55244,0.83165,0.05626,0.12593,0.01655,0.99190,5.53502,5.69257
7.029120,-0.42353,-0.25693,4.83589,,-0.36582,0.24801,-0.05078,1.02123,0.61269,-15.36424,5652,-5681,0.82528,0.55329,-0.11305,-0.55063,0.83284,0.05643,0.12538,0.01568,0.99199,5.55016,5.69481
7.046508,-0.35683,-0.14447,4.52991,,-0.36736,0.24325,-0.04980,0.55310,-0.10043,-15.59611,5656,-5685,0.83070,0.54546,-0.11139,-0.54281,0.83801,0.05554,0.12365,0.01433,0.99222,5.56151,5.70439
7.064033,-0.34636,-0.40499,4.77996,,-0.36918,0.23947,-0.05345,0.31248,0.88394,-15.83236,5659,-5688,0.83518,0.53715,-0.11812,-0.53461,0.84331,0.05489,0.12909,0.01730,0.99148,5.57286,5.71379
7.081316,-0.26171,-0.21685,4.68425,,-0.36918,0.23947,-0.05345,0.89873,-0.17043,-15.81924,5662,-5691,0.83591,0.53579,-0.11908,-0.53324,0.84417,0.05508,0.13004,0.01745,0.99136,5.58421,5.71535
7.098538,-0.40857,-0.10857,4.67587,,-0.37002,0.23303,-0.05435,0.65810,0.63457,-15.22424,5665,-5694,0.84161,0.52619,-0.12168,-0.52374,0.85017,0.05395,0.13184,0.01832,0.99110,5.59556,5.72653
7.115764,-0.52313,-0.11635,4.92323,,-0.37548,0.23331,-0.05729,0.50498,0.21457,-14.90924,5668,-5697,0.84471,0.52011,-0.12628,-0.51779,0.85385,0.05318,0.13548,0.02046,0.99057,5.60502,5.73328
7.133054,-0.48724,-0.42114,4.34746,,-0.37548,0.23331,-0.05729,0.78498,0.11832,-14.70361,5670,-5700,0.84523,0.51915,-0.12674,-0.51678,0.85444,0.05353,0.13609,0.02025,0.99049,5.61448,5.73443
7.150422,-0.39960,-0.24197,4.73211,,-0.37296,0.22575,-0.06002,0.50498,0.20582,-14.27924,5673,-5702,0.84949,0.51040,-0.13366,-0.50823,0.85962,0.05249,0.14169,0.02334,0.98964,5.62204,5.74403
7.167723,-0.39212,-0.29192,4.70698,,-0.37646,0.21903,-0.06023,0.64060,-0.17043,-13.95549,5675,-5704,0.85736,0.49665,-0.13515,-0.49461,0.86764,0.05070,0.14244,0.02338,0.98953,5.63150,5.75993
7.185003,-0.22911,-0.25364,4.73570,,-0.37646,0.21903,-0.06023,0.67123,0.35457,-14.21361,5678,-5706,0.85865,0.49428,-0.13568,-0.49221,0.86899,0.05084,0.14303,0.02313,0.98945,5.63907,5.76268
7.202241,-0.34427,-0.36700,4.82154,,-0.38248,0.21959,-0.04889,0.61435,0.16207,-14.51549,5680,-5708,0.86376,0.49101,-0.11325,-0.48850,0.87108,0.05090,0.12364,0.01136,0.99226,5.64664,5.76849
7.219784,-0.23270,-0.10499,4.66959,,-0.37884,0.21105,-0.06157,-0.19940,0.50332,-14.51549,5682,-5710,0.86699,0.47960,-0.13532,-0.47756,0.87722,0.04934,0.14236,0.02185,0.98957,5.65420,5.77971
7.237102,-0.33769,-0.10409,4.72403,,-0.37884,0.21105,-0.06157,0.64060,0.04832,-15.64424,5684,-5712,0.86767,0.47742,-0.13859,-0.47543,0.87837,0.04934,0.14529,0.02308,0.98912,5.66177,5.78193
7.254398,-0.49920,-0.13430,4.73599,,-0.38738,0.20923,-0.06653,0.80248,-0.21856,-17.23674,5686,-5714,0.87224,0.46670,-0.14627,-0.46497,0.88403,0.04794,0.15168,0.02620,0.98808,5.67123,5.79343
7.271635,-0.45643,-0.23450,4.66900,,-0.38360,0.20279,-0.06149,0.83310,1.01957,-16.49299,5689,-5716,0.87725,0.45911,-0.14019,-0.45722,0.88809,0.04735,0.14624,0.02256,0.98899,5.68069,5.80272
7.288916,-0.09571,-0.29013,4.54098,,-0.38360,0.20279,-0.06149,0.94248,-0.17481,-15.46049,5691,-5719,0.87792,0.45811,-0.13924,-0.45611,0.88863,0.04789,0.14568,0.02146,0.98910,5.68825,5.80403
7.306159,-0.49890,-0.37717,4.46142,,-0.38920,0.19677,-0.06800,0.64498,0.26269,-15.01861,5693,-5721,0.88338,0.44393,-0.15022,-0.44228,0.89569,0.04611,0.15502,0.02571,0.98758,5.69582,5.81900
7.323434,-0.61765,-0.21446,4.55055,,-0.39018,0.19103,-0.06639,0.87248,0.25394,-15.04924,5695,-5723,0.88929,0.43223,-0.14945,-0.43063,0.90142,0.04461,0.15400,0.02469,0.98776,5.70528,5.83222
7.340860,-0.13968,-0.20100,4.55474,,-0.39018,0.19103,-0.06513,0.77185,0.35019,-14.66424,5697,-5726,0.89045,0.43051,-0.14750,-0.42879,0.90229,0.04497,0.15245,0.02321,0.98804,5.71474,5.83442
7.358299,-0.42173,-0.02183,4.73809,,-0.39284,0.18417,-0.06513,0.83748,0.50769,-14.51549,5700,-5728,0.89661,0.41763,-0.14720,-0.41599,0.90834,0.04325,0.15177,0.02246,0.98816,5.72420,5.84879
7.375967,-0.17976,-0.20160,4.87328,,-0.39410,0.17969,-0.06240,0.69748,0.09207,-14.99674,5702,-5731,0.90192,0.40776,-0.14235,-0.40604,0.91288,0.04228,0.14719,0.01966,0.98891,5.73177,5.86017
7.393291,-0.66999,-0.23988,4.72822,,-0.39410,0.17773,-0.06395,0.82873,0.41582,-15.43424,5704,-5733,0.90389,0.40272,-0.14423,-0.40101,0.91511,0.04198,0.14889,0.01989,0.98865,5.73933,5.86562
7.410603,-0.32572,-0.30120,4.56939,,-0.39648,0.17773,-0.06395,0.78060,0.21457,-15.83236,5706,-5735,0.90505,0.40012,-0.14418,-0.39834,0.91626,0.04227,0.14902,0.01918,0.98865,5.74879,5.86857
7.427823,-0.52493,-0.11904,4.68724,,-0.39774,0.16765,-0.06751,0.91623,0.14457,-16.05111,5708,-5738,0.91163,0.38209,-0.15149,-0.38061,0.92388,0.03979,0.15516,0.02138,0.98766,5.75825,5.88768
7.445327,-0.43878,-0.18993,4.81645,,-0.40250,0.16499,-0.07017,0.85061,0.23644,-16.35299,5711,-5740,0.91520,0.37128,-0.15670,-0.36997,0.92824,0.03860,0.15979,0.02265,0.98689,5.76582,5.89902
7.462580,-0.59641,-0.17079,4.78415,,-0.40250,0.16499,-0.07017,1.01248,0.44644,-15.95924,5713,-5742,0.91578,0.36955,-0.15744,-0.36817,0.92894,0.03893,0.16064,0.02232,0.98676,5.77528,5.90093
7.480039,-0.16421,-0.17079,4.70907,,-0.40306,0.15743,-0.07521,0.69748,-0.61668,-15.68361,5715,-5745,0.91930,0.35603,-0.16774,-0.35499,0.93413,0.03714,0.16991,0.02541,0.98513,5.78284,5.91467
7.497269,-0.33888,-0.10828,4.84995,,-0.40278,0.14931,-0.07689,0.81998,-0.10481,-15.50424,5717,-5747,0.92420,0.34022,-0.17349,-0.33949,0.93997,0.03483,0.17493,0.02671,0.98422,5.79041,5.93115
7.514540,-0.30927,-0.23300,4.70339,,-0.40278,0.14931,-0.07689,0.74123,-0.13981,-15.22424,5719,-5749,0.92498,0.33763,-0.17440,-0.33682,0.94091,0.03510,0.17595,0.02628,0.98405,5.79798,5.93397
7.531941,-0.35623,-0.18754,4.66481,,-0.40726,0.14763,-0.07122,1.96185,-0.07418,-15.04924,5721,-5751,0.92898,0.33239,-0.16279,-0.33122,0.94290,0.03510,0.16516,0.02131,0.98604,5.80933,5.94069
7.549393,-0.70349,-0.25125,4.58046,,-0.41258,0.14049,-0.07535,0.65810,0.41582,-15.32924,5724,-5754,0.93390,0.31586,-0.16754,-0.31493,0.94855,0.03280,0.16928,0.02214,0.98532,5.81689,5.95794
7.566653,-0.25992,-0.10648,4.70758,,-0.41258,0.14049,-0.07535,0.92935,0.35894,-15.80611,5726,-5756,0.93466,0.31293,-0.16879,-0.31194,0.94953,0.03302,0.17060,0.02179,0.98510,5.82446,5.96106
7.584035,-0.29372,-0.29372,4.55234,,-0.40894,0.13685,-0.07689,0.55310,0.35019,-16.25674,5728,-5758,0.93550,0.30794,-0.17322,-0.30698,0.95115,0.03300,0.17492,0.02230,0.98433,5.83203,5.96612
7.601464,-0.22193,-0.39541,4.54008,,-0.40768,0.13069,-0.08200,0.68435,0.44644,-16.35736,5730,-5760,0.93704,0.29653,-0.18449,-0.29584,0.95470,0.03192,0.18559,0.02467,0.98232,5.84149,5.97737
7.619071,-0.45613,-0.05713,4.71087,,-0.40768,0.13069,-0.08200,0.95998,0.40707,-16.25236,5732,-5763,0.93727,0.29472,-0.18617,-0.29396,0.95527,0.03231,0.18736,0.02444,0.98199,5.84905,5.97927
7.636541,-0.29551,-0.36072,4.62802,,-0.40908,0.12845,-0.07697,0.64498,0.42019,-15.94611,5734,-5765,0.94040,0.29038,-0.17698,-0.28929,0.95669,0.03249,0.17875,0.02064,0.98368,5.85662,5.98474
7.653881,-0.39990,-0.11396,4.78864,,-0.41076,0.12257,-0.07991,0.55748,0.37207,-15.57861,5736,-5767,0.94330,0.27827,-0.18095,-0.27736,0.96027,0.03088,0.18235,0.02106,0.98301,5.86419,5.99722
7.671165,-0.33021,-0.34427,4.62114,,-0.41076,0.12257,-0.07991,0.75873,0.46832,-15.27236,5738,-5769,0.94377,0.27627,-0.18159,-0.27521,0.96087,0.03150,0.18319,0.02024,0.98287,5.87365,5.99945
7.688798,-0.26800,-0.29282,4.78295,,-0.41216,0.11641,-0.07745,0.58373,0.46394,-15.12361,5740,-5772,0.94789,0.26465,-0.17739,-0.26354,0.96417,0.03025,0.17904,0.01808,0.98368,5.88311,6.01201
7.706167,-0.31765,-0.05982,4.84277,,-0.41608,0.11039,-0.07571,0.79811,0.24957,-15.07111,5743,-5774,0.95264,0.25031,-0.17270,-0.24922,0.96803,0.02834,0.17427,0.01604,0.98457,5.89067,6.02731
7.723495,-0.39242,-0.10169,4.79163,,-0.41608,0.11039,-0.07571,1.03873,0.44644,-15.04486,5745,-5776,0.95341,0.24792,-0.17189,-0.24672,0.96866,0.02867,0.17361,0.01507,0.98470,5.90013,6.02997
7.740851,-0.32094,-0.40229,4.61665,,-0.41468,0.10437,-0.08095,0.80248,0.37207,-15.79736,5747,-5779,0.95433,0.23659,-0.18241,-0.23556,0.97147,0.02766,0.18375,0.01658,0.98283,5.90770,6.04119
7.758480,-0.36401,-0.40259,4.58196,,-0.41832,0.09555,-0.08082,0.70623,0.62144,-16.24361,5749,-5781,0.95876,0.21716,-0.18336,-0.21626,0.97601,0.02512,0.18442,0.01557,0.98272,5.91527,6.06134
7.775804,-0.22941,-0.43579,4.52842,,-0.41832,0.09555,-0.08466,0.64498,0.00894,-16.28299,5751,-5783,0.95816,0.21356,-0.19059,-0.21262,0.97680,0.02562,0.19164,0.01597,0.98134,5.92473,6.06482
7.793235,-0.51266,-0.10319,4.39053,,-0.41818,0.08855,-0.08466,0.90748,0.92769,-15.80611,5753,-5786,0.96064,0.20044,-0.19232,-0.19961,0.97958,0.02390,0.19318,0.01543,0.98104,5.93229,6.07831
7.810492,-0.22493,-0.39302,4.66511,,-0.42490,0.08351,-0.08397,0.96436,0.17082,-15.58299,5755,-5788,0.96398,0.18674,-0.18941,-0.18588,0.98232,0.02245,0.19025,0.01356,0.98164,5.94175,6.09270
7.827751,-0.30000,-0.19561,4.44646,,-0.42490,0.08351,-0.08515,0.55310,0.32832,-15.16299,5758,-5790,0.96410,0.18437,-0.19110,-0.18340,0.98277,0.02290,0.19203,0.01297,0.98130,5.95121,6.09520
7.845374,-0.36311,-0.27577,4.63430,,-0.42014,0.08155,-0.08515,0.72373,0.59957,-14.86986,5760,-5793,0.96410,0.18219,-0.19320,-0.18109,0.98319,0.02347,0.19423,0.01236,0.98088,5.95878,6.09751
7.862710,-0.30000,-0.05593,4.81077,,-0.42700,0.06951,-0.08341,0.98623,0.26707,-15.11924,5762,-5795,0.96932,0.15751,-0.18870,-0.15665,0.98746,0.01957,0.18941,0.01059,0.98184,5.96634,6.12297
7.879993,-0.36580,-0.18425,4.75424,,-0.42140,0.06839,-0.08648,0.95123,0.45519,-15.17174,5764,-5797,0.96873,0.15263,-0.19564,-0.15174,0.98823,0.01960,0.19633,0.01069,0.98048,5.97580,6.12781
7.897653,-0.54138,-0.16660,4.62263,,-0.42140,0.06839,-0.08648,1.04310,0.48582,-16.37049,5766,-5800,0.96870,0.15156,-0.19658,-0.15050,0.98840,0.02042,0.19739,0.00980,0.98028,5.98337,6.12906
7.914981,-0.33948,-0.27099,4.64058,,-0.42000,0.06545,-0.08767,0.96873,0.60832,-15.63986,5768,-5802,0.96883,0.14641,-0.19984,-0.14525,0.98918,0.02052,0.20068,0.00915,0.97961,5.99472,6.13437
7.932337,-0.32243,-0.44925,4.79133,,-0.41916,0.05831,-0.08600,-0.22127,-0.06543,-16.19986,5771,-5805,0.97128,0.13218,-0.19785,-0.13107,0.99120,0.01872,0.19858,0.00775,0.98005,6.00229,6.14905
7.949637,-0.52014,-0.24945,4.78385,,-0.41916,0.05831,-0.08600,1.98373,0.63019,-16.09049,5773,-5807,0.97166,0.12995,-0.19746,-0.12861,0.99150,0.01964,0.19833,0.00631,0.98011,6.00985,6.15158
