0.000005,-0.63230,-0.66281,9.46960,,-0.08918,-0.84154,-0.09940,0.21062,-0.03700,0.03533,5072,-5104,0.10743,0.99126,0.07656,-0.99199,0.11202,-0.05840,-0.06646,-0.06967,0.99535,4.82027,4.82027
0.000005,-0.65563,-0.67178,9.38964,,-0.08759,-0.84443,-0.09912,-0.09855,-0.12159,-0.07842,5072,-5104,0.10396,0.98908,0.10450,-0.99215,0.11048,-0.05862,-0.06952,-0.09759,0.99280,4.82027,4.81679
0.021189,-0.63888,-0.65414,9.41217,,-0.08890,-0.84518,-0.10528,0.04000,-0.03700,0.01783,5072,-5104,0.10384,0.98736,0.11974,-0.99205,0.11143,-0.05852,-0.07112,-0.11271,0.99108,4.82027,4.81668
0.044436,-0.65025,-0.66102,9.46302,,-0.08778,-0.83622,-0.10808,0.07937,0.09425,0.08783,5072,-5104,0.10360,0.98661,0.12599,-0.99203,0.11163,-0.05848,-0.07177,-0.11893,0.99031,4.82027,4.81644
0.057478,-0.64606,-0.65683,9.42712,,-0.08778,-0.87206,-0.10290,0.02687,0.00675,0.01783,5072,-5104,0.10017,0.98796,0.11791,-0.99244,0.10766,-0.05896,-0.07095,-0.11112,0.99127,4.82027,4.81298
0.070553,-0.64965,-0.65444,9.26321,,-0.08778,-0.83986,-0.10290,0.21062,-0.36075,0.02658,5072,-5104,0.10269,0.98741,0.12029,-0.99216,0.11033,-0.05872,-0.07126,-0.11331,0.99100,4.82027,4.81552
0.083711,-0.65204,-0.65922,9.39961,,-0.08764,-0.84434,-0.09632,0.01812,-0.08513,0.00033,5072,-5104,0.10261,0.98819,0.11378,-0.99221,0.10980,-0.05883,-0.07063,-0.10686,0.99176,4.82027,4.81544
0.107013,-0.65563,-0.66580,9.44567,,-0.08750,-0.84882,-0.09632,0.03562,-0.28200,0.15783,5072,-5104,0.10198,0.98843,0.11226,-0.99228,0.10908,-0.05898,-0.07054,-0.10537,0.99193,4.82027,4.81481
0.120041,-0.66162,-0.66281,9.40439,,-0.09170,-0.84042,-0.09744,0.11437,-0.08075,0.13158,5072,-5104,0.10678,0.98773,0.11397,-0.99177,0.11395,-0.05845,-0.07072,-0.10679,0.99176,4.82027,4.81964
0.133173,-0.64487,-0.67837,9.42054,,-0.09170,-0.84042,-0.09744,0.17562,-0.00200,-0.03467,5072,-5104,0.10761,0.98761,0.11426,-0.99167,0.11481,-0.05835,-0.07075,-0.10703,0.99174,4.82027,4.82048
0.146285,-0.65623,-0.65952,9.33889,,-0.07658,-0.83650,-0.10122,-0.04313,-0.19013,0.15783,5072,-5104,0.09331,0.98856,0.11854,-0.99308,0.10094,-0.06010,-0.07138,-0.11211,0.99113,4.82027,4.80607
0.169427,-0.64726,-0.67119,9.41037,,-0.08722,-0.83650,-0.10122,-0.27938,0.04175,-0.00842,5072,-5104,0.10137,0.98770,0.11907,-0.99228,0.10897,-0.05914,-0.07139,-0.11215,0.99112,4.82027,4.81420
0.182446,-0.64965,-0.69153,9.45105,,-0.08722,-0.83650,-0.10122,0.00937,0.01550,-0.02592,5072,-5104,0.10272,0.98754,0.11922,-0.99214,0.11032,-0.05898,-0.07140,-0.11222,0.99111,4.82027,4.81555
0.195560,-0.64487,-0.64367,9.40559,,-0.08386,-0.83370,-0.09366,-0.14813,-0.15950,0.26283,5072,-5104,0.09996,0.98865,0.11219,-0.99248,0.10708,-0.05938,-0.07072,-0.10541,0.99191,4.82027,4.81277
0.208654,-0.63500,-0.66072,9.44656,,-0.08008,-0.83692,-0.08918,0.18437,-0.12888,0.04846,5072,-5104,0.09558,0.98971,0.10648,-0.99294,0.10234,-0.05993,-0.07021,-0.10000,0.99251,4.82027,4.80835
0.231909,-0.65444,-0.67717,9.40260,,-0.07630,-0.84014,-0.08470,-0.04313,-0.05450,0.20158,5072,-5104,0.09089,0.99074,0.10084,-0.99342,0.09729,-0.06047,-0.06972,-0.09468,0.99306,4.82027,4.80363
0.244888,-0.66102,-0.65563,9.40678,,-0.08666,-0.83510,-0.09506,-0.27063,-0.10700,-0.06092,5072,-5104,0.10064,0.98878,0.11038,-0.99242,0.10763,-0.05935,-0.07057,-0.10357,0.99212,4.82027,4.81345
0.257973,-0.66640,-0.65085,9.31466,,-0.08666,-0.83510,-0.09506,-0.13938,-0.07200,-0.16592,5072,-5104,0.10229,0.98843,0.11195,-0.99223,0.10939,-0.05920,-0.07076,-0.10503,0.99195,4.82027,4.81512
0.271085,-0.65204,-0.66401,9.37598,,-0.08218,-0.83846,-0.10822,-0.02563,-0.01075,0.03533,5072,-5104,0.09767,0.98738,0.12465,-0.99260,0.10572,-0.05968,-0.07210,-0.11790,0.99040,4.82027,4.81048
0.294262,-0.65743,-0.65204,9.41456,,-0.09114,-0.84182,-0.09688,0.16687,0.13800,-0.08717,5072,-5104,0.10544,0.98772,0.11528,-0.99188,0.11275,-0.05884,-0.07112,-0.10814,0.99159,4.82027,4.81829
0.307265,-0.64845,-0.67896,9.41875,,-0.09114,-0.84182,-0.09688,0.10562,-0.06325,-0.06092,5072,-5104,0.10671,0.98776,0.11377,-0.99175,0.11391,-0.05873,-0.07097,-0.10657,0.99177,4.82027,4.81958
0.320365,-0.64845,-0.65204,9.42353,,-0.08358,-0.83958,-0.09758,0.11437,-0.08075,0.07908,5072,-5104,0.09978,0.98840,0.11453,-0.99246,0.10709,-0.05954,-0.07111,-0.10772,0.99163,4.82027,4.81259
0.333659,-0.63619,-0.65444,9.38644,,-0.08316,-0.84056,-0.10031,0.11437,-0.07200,-0.05217,5072,-5104,0.09814,0.98825,0.11720,-0.99261,0.10565,-0.05974,-0.07142,-0.11047,0.99131,4.82027,4.81094
0.356884,-0.65085,-0.63410,9.37448,,-0.08274,-0.84154,-0.10304,-0.03438,-0.19450,0.01783,5072,-5104,0.09730,0.98798,0.12011,-0.99266,0.10504,-0.05986,-0.07176,-0.11340,0.99095,4.82027,4.81010
0.369891,-0.61017,-0.66042,9.40678,,-0.08414,-0.83734,-0.09352,-0.13938,-0.10700,-0.03467,5072,-5104,0.09905,0.98878,0.11181,-0.99255,0.10618,-0.05974,-0.07095,-0.10506,0.99193,4.82027,4.81185
0.383072,-0.67418,-0.65922,9.40020,,-0.08414,-0.83734,-0.09352,-0.07813,-0.02825,0.05283,5072,-5104,0.09932,0.98890,0.11048,-0.99253,0.10636,-0.05975,-0.07084,-0.10372,0.99208,4.82027,4.81212
0.396163,-0.64128,-0.67328,9.40110,,-0.08694,-0.84154,-0.10878,0.02687,-0.25138,0.07908,5072,-5104,0.10146,0.98701,0.12454,-0.99221,0.10950,-0.05944,-0.07231,-0.11754,0.99043,4.82027,4.81429
0.419278,-0.65683,-0.65563,9.38465,,-0.09198,-0.83874,-0.10570,0.06187,0.03300,0.04408,5072,-5104,0.10706,0.98648,0.12410,-0.99163,0.11501,-0.05876,-0.07223,-0.11677,0.99053,4.82027,4.81993
0.432290,-0.65025,-0.64128,9.39482,,-0.09198,-0.83874,-0.10570,0.28937,-0.13325,-0.01717,5072,-5104,0.10800,0.98638,0.12407,-0.99152,0.11594,-0.05867,-0.07226,-0.11668,0.99054,4.82027,4.82089
0.445395,-0.65982,-0.66281,9.41277,,-0.08442,-0.83398,-0.10024,-0.15688,-0.09825,0.08783,5072,-5104,0.10133,0.98767,0.11936,-0.99226,0.10899,-0.05955,-0.07182,-0.11240,0.99106,4.82027,4.81415
0.458596,-0.64487,-0.67388,9.41396,,-0.08330,-0.83636,-0.09737,-0.01250,-0.02825,-0.03904,5072,-5104,0.09896,0.98836,0.11558,-0.99252,0.10638,-0.05987,-0.07147,-0.10879,0.99149,4.82027,4.81176
0.481833,-0.66820,-0.66341,9.44387,,-0.08218,-0.83874,-0.09450,-0.03438,-0.16825,0.00908,5072,-5104,0.09726,0.98895,0.11192,-0.99271,0.10443,-0.06014,-0.07116,-0.10526,0.99190,4.82027,4.81005
0.494794,-0.65922,-0.65025,9.39961,,-0.08526,-0.84154,-0.09730,0.03562,0.04175,0.07033,5072,-5104,0.09966,0.98850,0.11370,-0.99246,0.10694,-0.05985,-0.07132,-0.10688,0.99171,4.82027,4.81247
0.507956,-0.63350,-0.68195,9.39841,,-0.08526,-0.84154,-0.09730,0.05312,-0.01075,-0.02592,5072,-5104,0.10008,0.98843,0.11401,-0.99242,0.10738,-0.05980,-0.07135,-0.10716,0.99168,4.82027,4.81289
0.521047,-0.65055,-0.67597,9.38884,,-0.08750,-0.84518,-0.10360,-0.03875,-0.04575,-0.00842,5072,-5104,0.10188,0.98757,0.11966,-0.99219,0.10957,-0.05956,-0.07193,-0.11266,0.99103,4.82027,4.81471
0.544258,-0.67059,-0.66281,9.39721,,-0.08750,-0.84350,-0.09450,-0.04313,0.05050,-0.03467,5072,-5104,0.10246,0.98841,0.11201,-0.99219,0.10960,-0.05957,-0.07115,-0.10503,0.99192,4.82027,4.81529
0.557246,-0.64726,-0.62812,9.38046,,-0.08554,-0.84350,-0.09450,-0.00813,-0.08950,-0.02592,5072,-5104,0.10065,0.98873,0.11078,-0.99238,0.10773,-0.05980,-0.07106,-0.10392,0.99204,4.82027,4.81347
0.570332,-0.63230,-0.68913,9.61257,,-0.08554,-0.84210,-0.09744,0.00062,0.03300,0.09658,5072,-5104,0.10043,0.98844,0.11359,-0.99238,0.10770,-0.05979,-0.07133,-0.10673,0.99173,4.82027,4.81325
0.583554,-0.66431,-0.65264,9.43879,,-0.08134,-0.84210,-0.09744,0.12750,-0.10263,-0.10029,5072,-5104,0.09638,0.98878,0.11413,-0.99278,0.10373,-0.06029,-0.07146,-0.10749,0.99163,4.82027,4.80917
0.606752,-0.63350,-0.63948,9.38944,,-0.08498,-0.83846,-0.10388,-0.00813,0.07675,-0.15717,5072,-5104,0.09952,0.98768,0.12076,-0.99242,0.10731,-0.05984,-0.07207,-0.11389,0.99088,4.82027,4.81233
0.619801,-0.64247,-0.64307,9.39961,,-0.08498,-0.83846,-0.10388,-0.03438,0.11175,-0.06967,5072,-5104,0.10002,0.98750,0.12183,-0.99237,0.10789,-0.05976,-0.07215,-0.11492,0.99075,4.82027,4.81284
0.632956,-0.66760,-0.65563,9.36551,,-0.08834,-0.84042,-0.10052,-0.04313,0.21675,-0.00842,5072,-5104,0.10320,0.98758,0.11849,-0.99207,0.11079,-0.05938,-0.07177,-0.11142,0.99118,4.82027,4.81604
0.646064,-0.65593,-0.66909,9.34457,,-0.08750,-0.84070,-0.09772,-0.15250,-0.20325,0.08346,5072,-5104,0.10287,0.98800,0.11520,-0.99212,0.11024,-0.05953,-0.07151,-0.10817,0.99156,4.82027,4.81570
0.669275,-0.65384,-0.64307,9.39123,,-0.08666,-0.84098,-0.09492,1.82937,-0.05450,0.04408,5072,-5104,0.10204,0.98842,0.11231,-0.99223,0.10921,-0.05963,-0.07121,-0.10535,0.99188,4.82027,4.81487
0.682588,-0.65563,-0.65504,9.41336,,-0.07994,-0.83090,-0.09548,-0.03438,-0.08075,0.04408,5072,-5104,0.09630,0.98889,0.11321,-0.99279,0.10358,-0.06031,-0.07136,-0.10659,0.99174,4.82027,4.80908
0.695799,-0.67597,-0.67478,9.38824,,-0.07994,-0.83090,-0.09548,0.01812,0.16425,-0.05217,5072,-5104,0.09537,0.98896,0.11339,-0.99288,0.10267,-0.06040,-0.07137,-0.10682,0.99171,4.82027,4.80815
0.708961,-0.64277,-0.66790,9.40529,,-0.08946,-0.84154,-0.10150,-0.02563,-0.04575,0.03533,5072,-5104,0.10336,0.98763,0.11794,-0.99205,0.11092,-0.05943,-0.07178,-0.11086,0.99124,4.82027,4.81620
0.732204,-0.64845,-0.65085,9.42952,,-0.08750,-0.83510,-0.09030,0.01812,-0.11575,-0.19217,5072,-5104,0.10362,0.98868,0.10855,-0.99209,0.11052,-0.05951,-0.07083,-0.10152,0.99231,4.82027,4.81646
0.745224,-0.63829,-0.65982,9.40499,,-0.08750,-0.83510,-0.09030,-0.02563,0.19925,0.05283,5072,-5104,0.10362,0.98884,0.10702,-0.99211,0.11040,-0.05948,-0.07063,-0.10001,0.99248,4.82027,4.81645
0.758316,-0.64487,-0.64666,9.39422,,-0.08834,-0.83818,-0.08904,0.07062,0.02425,-0.13967,5072,-5104,0.10418,0.98898,0.10524,-0.99206,0.11083,-0.05944,-0.07044,-0.09821,0.99267,4.82027,4.81701
0.771455,-0.63320,-0.66102,9.41187,,-0.08302,-0.84014,-0.08911,0.07062,0.05925,-0.02592,5072,-5104,0.09888,0.98956,0.10488,-0.99260,0.10554,-0.05997,-0.07042,-0.09818,0.99267,4.82027,4.81168
0.794617,-0.64786,-0.64965,9.37628,,-0.07770,-0.84210,-0.08918,0.07937,0.21675,-0.04342,5072,-5104,0.09265,0.99018,0.10473,-0.99321,0.09934,-0.06059,-0.07040,-0.09841,0.99265,4.82027,4.80540
0.807614,-0.47498,-0.67418,9.40678,,-0.08862,-0.84350,-0.10262,-0.04313,-0.08075,-0.05217,5072,-5104,0.10191,0.98784,0.11740,-0.99223,0.10941,-0.05932,-0.07145,-0.11044,0.99131,4.82027,4.81473
0.820754,-0.67597,-0.64845,9.43610,,-0.08862,-0.84350,-0.10262,0.08812,0.20800,0.04408,5072,-5104,0.10344,0.98744,0.11946,-0.99205,0.11107,-0.05910,-0.07163,-0.11240,0.99108,4.82027,4.81628
0.833989,-0.65922,-0.66401,9.39691,,-0.08582,-0.83874,-0.09282,-0.11750,0.09425,0.03096,5072,-5104,0.10156,0.98863,0.11084,-0.99231,0.10860,-0.05936,-0.07072,-0.10396,0.99206,4.82027,4.81438
0.857172,-0.63829,-0.62034,9.31586,,-0.08862,-0.84406,-0.09198,0.20187,-0.02825,0.20158,5072,-5104,0.10340,0.98875,0.10810,-0.99214,0.11023,-0.05919,-0.07044,-0.10113,0.99238,4.82027,4.81624
0.870255,-0.64128,-0.66939,9.40439,,-0.08862,-0.84406,-0.09198,-0.13938,0.06800,0.07908,5072,-5104,0.10374,0.98877,0.10762,-0.99211,0.11053,-0.05914,-0.07037,-0.10064,0.99243,4.82027,4.81657
0.883442,-0.65563,-0.64427,9.40559,,-0.09058,-0.84042,-0.09744,-0.07813,-0.06325,0.00033,5072,-5104,0.10601,0.98790,0.11319,-0.99183,0.11318,-0.05887,-0.07096,-0.10602,0.99183,4.82027,4.81887
0.896575,-0.64487,-0.68435,9.48874,,-0.09058,-0.84042,-0.09744,0.13187,-0.25575,-0.02592,5072,-5104,0.10639,0.98775,0.11415,-0.99178,0.11363,-0.05887,-0.07111,-0.10694,0.99172,4.82027,4.81925
0.909767,-0.63769,-0.64247,9.39332,,-0.08162,-0.84014,-0.09884,0.06187,0.14675,-0.06529,5072,-5104,0.09781,0.98845,0.11575,-0.99265,0.10523,-0.05981,-0.07130,-0.10905,0.99148,4.82027,4.81061
0.933034,-0.65264,-0.64845,9.37747,,-0.07378,-0.83566,-0.10374,0.14937,0.21675,0.04408,5072,-5104,0.08905,0.98860,0.12138,-0.99343,0.09695,-0.06079,-0.07187,-0.11517,0.99074,4.82027,4.80179
0.946026,-0.62154,-0.63769,9.41217,,-0.07378,-0.83566,-0.10374,0.01812,0.19050,0.01783,5072,-5104,0.08760,0.98863,0.12225,-0.99356,0.09557,-0.06091,-0.07190,-0.11613,0.99063,4.82027,4.80033
0.959144,-0.62931,-0.66760,9.39063,,-0.07714,-0.83790,-0.09548,0.21937,-0.05450,-0.07842,5072,-5104,0.09054,0.98933,0.11414,-0.99335,0.09791,-0.06064,-0.07117,-0.10789,0.99161,4.82027,4.80329
0.972344,-0.64277,-0.66191,9.39691,,-0.08064,-0.83678,-0.09730,0.18000,-0.06325,-0.07404,5072,-5104,0.09454,0.98889,0.11470,-0.99297,0.10191,-0.06020,-0.07122,-0.10820,0.99157,4.82027,4.80731
0.995512,-0.63470,-0.66162,9.40918,,-0.08414,-0.83566,-0.09912,0.05312,0.09425,0.09658,5072,-5104,0.09866,0.98827,0.11659,-0.99256,0.10613,-0.05968,-0.07136,-0.10984,0.99139,4.82027,4.81146
1.008500,-0.62632,-0.67358,9.36431,,-0.07966,-0.84518,-0.09296,-0.01688,-0.11575,0.12283,5072,-5104,0.09416,0.98947,0.10994,-0.99304,0.10119,-0.06025,-0.07074,-0.10350,0.99211,4.82027,4.80693
1.021646,-0.63769,-0.64427,9.42533,,-0.07966,-0.84518,-0.09296,-0.05188,0.23425,-0.20092,5072,-5104,0.09349,0.98965,0.10884,-0.99311,0.10045,-0.06029,-0.07060,-0.10245,0.99223,4.82027,4.80625
1.034755,-0.65354,-0.65952,9.42144,,-0.07938,-0.83174,-0.10080,0.13625,-0.11575,0.00033,5072,-5104,0.09419,0.98856,0.11783,-0.99298,0.10179,-0.06017,-0.07148,-0.11134,0.99121,4.82027,4.80696
1.057914,-0.65085,-0.67837,9.40678,,-0.08722,-0.83230,-0.09660,0.19312,-0.08950,-0.02592,5072,-5104,0.10200,0.98811,0.11503,-0.99223,0.10933,-0.05932,-0.07119,-0.10808,0.99159,4.82027,4.81483
1.070924,-0.66042,-0.65862,9.42473,,-0.08722,-0.83230,-0.09660,-0.08688,-0.05450,0.00033,5072,-5104,0.10329,0.98804,0.11451,-0.99210,0.11058,-0.05920,-0.07115,-0.10749,0.99166,4.82027,4.81613
1.084099,-0.49651,-0.64487,9.43669,,-0.07938,-0.83818,-0.10486,-0.12188,-0.12450,-0.00842,5072,-5104,0.09520,0.98797,0.12185,-0.99286,0.10308,-0.06008,-0.07192,-0.11526,0.99073,4.82027,4.80798
1.097195,-0.66042,-0.67298,9.40349,,-0.07938,-0.85610,-0.09989,0.02250,-0.02388,0.06158,5072,-5104,0.09228,0.98892,0.11626,-0.99317,0.09979,-0.06048,-0.07142,-0.10989,0.99138,4.82027,4.80504
1.120370,-0.67717,-0.68315,9.46720,,-0.07546,-0.83930,-0.09492,0.00937,0.09425,-0.27092,5072,-5104,0.08961,0.98961,0.11246,-0.99344,0.09687,-0.06082,-0.07108,-0.10627,0.99179,4.82027,4.80235
1.133430,-0.65264,-0.65743,9.43131,,-0.07546,-0.84014,-0.09380,0.00937,0.00675,0.04408,5072,-5104,0.08903,0.98986,0.11065,-0.99350,0.09617,-0.06090,-0.07093,-0.10451,0.99199,4.82027,4.80176
1.146521,-0.65504,-0.62512,9.39422,,-0.08190,-0.84014,-0.09380,-0.05188,0.10300,-0.09592,5072,-5104,0.09524,0.98933,0.11027,-0.99293,0.10229,-0.06021,-0.07085,-0.10375,0.99208,4.82027,4.80801
1.159633,-0.65653,-0.65653,9.39303,,-0.08120,-0.83958,-0.10682,-0.09125,0.17737,0.03533,5072,-5104,0.09547,0.98782,0.12286,-0.99283,0.10342,-0.06002,-0.07200,-0.11625,0.99061,4.82027,4.80825
1.182875,-0.66042,-0.65324,9.37209,,-0.08050,-0.83958,-0.10682,0.07937,-0.08950,0.08783,5072,-5104,0.09481,0.98762,0.12496,-0.99287,0.10292,-0.06011,-0.07223,-0.11837,0.99034,4.82027,4.80759
1.195863,-0.65145,-0.68794,9.43490,,-0.08302,-0.84378,-0.09786,-0.16563,-0.05450,-0.08717,5072,-5104,0.09690,0.98850,0.11611,-0.99273,0.10436,-0.05996,-0.07139,-0.10945,0.99142,4.82027,4.80969
1.208994,-0.65803,-0.65324,9.44866,,-0.08302,-0.84378,-0.10542,-0.01688,-0.15075,-0.04342,5072,-5104,0.09715,0.98777,0.12197,-0.99266,0.10503,-0.05992,-0.07200,-0.11525,0.99072,4.82027,4.80994
1.222210,-0.65145,-0.65952,9.34008,,-0.07742,-0.83874,-0.10542,-0.03000,0.11175,-0.04779,5072,-5104,0.09224,0.98804,0.12357,-0.99312,0.10028,-0.06049,-0.07216,-0.11714,0.99049,4.82027,4.80500
1.245450,-0.66700,-0.68674,9.37209,,-0.08218,-0.83734,-0.08932,-0.05188,0.14675,-0.10467,5072,-5104,0.09636,0.98943,0.10833,-0.99283,0.10328,-0.06015,-0.07071,-0.10176,0.99229,4.82027,4.80914
1.258471,-0.63948,-0.67238,9.42892,,-0.08218,-0.83734,-0.08932,-0.06063,0.15550,-0.06967,5072,-5104,0.09703,0.98964,0.10585,-0.99279,0.10377,-0.06007,-0.07043,-0.09926,0.99257,4.82027,4.80982
1.271615,-0.65504,-0.65444,9.40379,,-0.08666,-0.83454,-0.09394,-0.01688,0.10300,-0.00842,5072,-5104,0.10173,0.98869,0.11021,-0.99229,0.10873,-0.05951,-0.07082,-0.10330,0.99213,4.82027,4.81455
1.284727,-0.65803,-0.65444,9.42294,,-0.08414,-0.83986,-0.09597,-0.00813,-0.03263,-0.11779,5072,-5104,0.09955,0.98867,0.11233,-0.99249,0.10673,-0.05976,-0.07107,-0.10554,0.99187,4.82027,4.81236
1.307897,-0.64427,-0.64786,9.34577,,-0.08162,-0.84518,-0.09800,0.15812,0.23425,0.13158,5072,-5104,0.09616,0.98880,0.11410,-0.99281,0.10348,-0.06009,-0.07123,-0.10750,0.99165,4.82027,4.80894
1.320919,-0.65922,-0.63649,9.41875,,-0.08050,-0.84014,-0.09940,0.10562,0.05050,0.07908,5072,-5104,0.09496,0.98866,0.11630,-0.99291,0.10245,-0.06021,-0.07144,-0.10975,0.99139,4.82027,4.80774
1.334089,-0.64487,-0.68375,9.41336,,-0.08050,-0.84014,-0.09940,0.16687,-0.15950,0.21033,5072,-5104,0.09473,0.98864,0.11669,-0.99293,0.10225,-0.06026,-0.07151,-0.11016,0.99134,4.82027,4.80750
1.347439,-0.58265,-0.65504,9.37358,,-0.08274,-0.83986,-0.08246,0.09250,0.00237,-0.10467,5072,-5104,0.09716,0.99020,0.10031,-0.99281,0.10351,-0.06011,-0.06990,-0.09374,0.99314,4.82027,4.80994
1.370606,-0.64965,-0.64726,9.42593,,-0.08666,-0.83874,-0.09814,0.03562,0.12925,-0.07842,5072,-5104,0.10130,0.98843,0.11293,-0.99231,0.10850,-0.05952,-0.07108,-0.10603,0.99182,4.82027,4.81412
1.383754,-0.63410,-0.67956,9.42054,,-0.08666,-0.83874,-0.09814,0.07062,0.08550,-0.01717,5072,-5104,0.10197,0.98812,0.11499,-0.99223,0.10931,-0.05940,-0.07127,-0.10804,0.99159,4.82027,4.81480
1.396941,-0.64367,-0.66700,9.46421,,-0.08918,-0.84154,-0.09898,-0.20063,-0.15950,0.07033,5072,-5104,0.10421,0.98780,0.11574,-0.99199,0.11159,-0.05917,-0.07136,-0.10865,0.99152,4.82027,4.81706
1.410082,-0.64786,-0.66640,9.38674,,-0.08820,-0.84266,-0.09653,0.11000,-0.01950,0.13596,5072,-5104,0.10352,0.98813,0.11346,-0.99208,0.11074,-0.05927,-0.07114,-0.10643,0.99177,4.82027,4.81636
1.433322,-0.63529,-0.67059,9.43370,,-0.08722,-0.84378,-0.09408,0.07062,0.01550,0.07908,5072,-5104,0.10241,0.98858,0.11060,-0.99222,0.10944,-0.05941,-0.07084,-0.10365,0.99209,4.82027,4.81524
1.446305,-0.65025,-0.69452,9.41695,,-0.08358,-0.84350,-0.10234,0.08812,-0.20325,-0.00842,5072,-5104,0.09866,0.98808,0.11818,-0.99254,0.10626,-0.05984,-0.07168,-0.11140,0.99119,4.82027,4.81146
1.459402,-0.63230,-0.62572,9.40379,,-0.08358,-0.84350,-0.10234,0.12312,0.01550,0.15783,5072,-5104,0.09800,0.98800,0.11937,-0.99259,0.10569,-0.05990,-0.07180,-0.11262,0.99104,4.82027,4.81080
1.472563,-0.65623,-0.66132,9.40559,,-0.09338,-0.84518,-0.09604,0.05750,0.13800,0.02658,5072,-5104,0.10728,0.98776,0.11321,-0.99168,0.11445,-0.05885,-0.07109,-0.10596,0.99183,4.82027,4.82015
1.495812,-0.65264,-0.65683,9.41277,,-0.06482,-0.84518,-0.09674,-0.04313,-0.22075,-0.01717,5072,-5104,0.08122,0.99025,0.11317,-0.99414,0.08861,-0.06189,-0.07131,-0.10748,0.99165,4.82027,4.79391
1.509142,-0.66162,-0.64008,9.40080,,-0.06482,-0.84518,-0.09674,0.05312,-0.00200,0.03533,5072,-5104,0.07686,0.99060,0.11316,-0.99449,0.08429,-0.06239,-0.07134,-0.10774,0.99162,4.82027,4.78952
1.522420,-0.67238,-0.65504,9.47199,,-0.08834,-0.84378,-0.09954,0.21937,-0.08950,0.04408,5072,-5104,0.09899,0.98833,0.11581,-0.99252,0.10642,-0.05984,-0.07147,-0.10902,0.99147,4.82027,4.81180
1.535570,-0.63440,-0.67627,9.37628,,-0.08932,-0.84252,-0.10150,-0.13500,0.02425,-0.13092,5072,-5104,0.10380,0.98755,0.11819,-0.99201,0.11136,-0.05926,-0.07168,-0.11109,0.99122,4.82027,4.81664
1.558752,-0.66999,-0.64008,9.40858,,-0.09030,-0.84126,-0.10346,-0.06938,0.01550,0.01783,5072,-5104,0.10559,0.98707,0.12061,-0.99180,0.11331,-0.05903,-0.07194,-0.11339,0.99094,4.82027,4.81845
1.571793,-0.64187,-0.64965,9.41755,,-0.08414,-0.83986,-0.09324,0.06187,0.05925,-0.11342,5072,-5104,0.10021,0.98871,0.11138,-0.99243,0.10732,-0.05970,-0.07098,-0.10455,0.99198,4.82027,4.81302
1.584934,-0.65862,-0.64247,9.41097,,-0.08414,-0.83986,-0.09324,0.05312,-0.06325,0.04408,5072,-5104,0.09927,0.98897,0.10988,-0.99253,0.10628,-0.05984,-0.07086,-0.10312,0.99214,4.82027,4.81208
1.598028,-0.66281,-0.63888,9.42204,,-0.08414,-0.84658,-0.10402,0.15812,0.00237,0.00033,5072,-5104,0.09837,0.98797,0.11932,-0.99256,0.10606,-0.05988,-0.07181,-0.11254,0.99105,4.82027,4.81117
1.621164,-0.63111,-0.66939,9.38884,,-0.08554,-0.84070,-0.08764,0.14062,0.12925,0.02658,5072,-5104,0.10031,0.98933,0.10566,-0.99246,0.10701,-0.05974,-0.07041,-0.09887,0.99261,4.82027,4.81312
1.634214,-0.67358,-0.67717,9.43071,,-0.08554,-0.84070,-0.08764,-0.06063,-0.28200,-0.07842,5072,-5104,0.10064,0.98953,0.10343,-0.99244,0.10719,-0.05980,-0.07026,-0.09663,0.99284,4.82027,4.81346
1.647307,-0.65204,-0.65324,9.40080,,-0.08162,-0.84574,-0.10542,-0.14813,0.10300,-0.01717,5072,-5104,0.09624,0.98814,0.11967,-0.99276,0.10397,-0.06018,-0.07191,-0.11302,0.99099,4.82027,4.80902
1.660402,-0.64217,-0.63559,9.35354,,-0.08162,-0.84574,-0.10143,0.11000,0.07675,0.03971,5072,-5104,0.09553,0.98835,0.11852,-0.99284,0.10319,-0.06025,-0.07178,-0.11192,0.99112,4.82027,4.80831
1.683722,-0.65504,-0.65623,9.38585,,-0.09086,-0.84770,-0.09744,-0.05188,0.02425,-0.03467,5072,-5104,0.10418,0.98799,0.11415,-0.99200,0.11146,-0.05930,-0.07131,-0.10706,0.99169,4.82027,4.81703
1.696737,-0.63290,-0.66640,9.36790,,-0.09086,-0.84602,-0.09450,0.05312,0.19050,0.06158,5072,-5104,0.10581,0.98819,0.11083,-0.99185,0.11283,-0.05911,-0.07091,-0.10367,0.99208,4.82027,4.81867
1.709817,-0.66401,-0.68195,9.43789,,-0.08106,-0.84602,-0.09450,-0.12188,-0.15950,0.00033,5072,-5104,0.09664,0.98918,0.11038,-0.99279,0.10370,-0.06017,-0.07097,-0.10377,0.99207,4.82027,4.80942
1.722942,-0.65324,-0.65204,9.43580,,-0.08162,-0.84266,-0.07938,0.03125,0.08112,0.14033,5072,-5104,0.09606,0.99073,0.09602,-0.99294,0.10212,-0.06030,-0.06955,-0.08955,0.99355,4.82027,4.80883
1.746054,-0.64187,-0.64965,9.39841,,-0.08218,-0.84266,-0.11522,-0.18313,0.06800,-0.04342,5072,-5104,0.09619,0.98707,0.12823,-0.99271,0.10453,-0.05998,-0.07261,-0.12152,0.98993,4.82027,4.80898
1.759027,-0.65623,-0.62871,9.41755,,-0.08862,-0.83734,-0.08456,0.00937,-0.15950,0.00033,5072,-5104,0.10332,0.98916,0.10438,-0.99216,0.10991,-0.05946,-0.07028,-0.09741,0.99276,4.82027,4.81615
1.772153,-0.64546,-0.66221,9.36970,,-0.08862,-0.83734,-0.10318,-0.23563,-0.06325,-0.14842,5072,-5104,0.10432,0.98745,0.11857,-0.99195,0.11191,-0.05924,-0.07177,-0.11144,0.99118,4.82027,4.81717
1.785246,-0.65833,-0.64696,9.44058,,-0.07770,-0.83818,-0.10318,0.04000,0.03737,-0.10467,5072,-5104,0.09380,0.98822,0.12094,-0.99298,0.10165,-0.06051,-0.07209,-0.11442,0.99081,4.82027,4.80657
1.808323,-0.63948,-0.65444,9.43669,,-0.07826,-0.84014,-0.09576,0.06187,-0.08950,0.00908,5072,-5104,0.09244,0.98918,0.11390,-0.99315,0.09981,-0.06073,-0.07144,-0.10751,0.99163,4.82027,4.80520
1.821277,-0.67298,-0.65743,9.39721,,-0.07826,-0.84014,-0.09576,-0.08688,0.17300,-0.01717,5072,-5104,0.09223,0.98933,0.11274,-0.99318,0.09951,-0.06075,-0.07132,-0.10637,0.99177,4.82027,4.80498
1.834415,-0.64247,-0.65982,9.42832,,-0.09086,-0.83622,-0.09184,0.01812,0.02425,-0.06967,5072,-5104,0.10489,0.98849,0.10905,-0.99195,0.11181,-0.05940,-0.07091,-0.10195,0.99226,4.82027,4.81773
1.847500,-0.65085,-0.65444,9.39422,,-0.09030,-0.84042,-0.09821,-0.15250,-0.10700,0.00908,5072,-5104,0.10592,0.98780,0.11414,-0.99180,0.11320,-0.05929,-0.07148,-0.10692,0.99169,4.82027,4.81878
1.870633,-0.65145,-0.67657,9.43669,,-0.08974,-0.84462,-0.10458,0.20187,0.08550,0.08783,5072,-5104,0.10503,0.98712,0.12071,-0.99185,0.11279,-0.05932,-0.07217,-0.11350,0.99091,4.82027,4.81789
1.883746,-0.63350,-0.63948,9.36072,,-0.08890,-0.84098,-0.10108,-0.06063,0.17300,-0.00842,5072,-5104,0.10451,0.98741,0.11877,-0.99192,0.11213,-0.05937,-0.07194,-0.11160,0.99115,4.82027,4.81737
1.896898,-0.66162,-0.64965,9.44806,,-0.08890,-0.84098,-0.10108,0.15812,-0.08950,-0.00842,5072,-5104,0.10442,0.98745,0.11850,-0.99193,0.11202,-0.05940,-0.07193,-0.11134,0.99118,4.82027,4.81727
1.910055,-0.65623,-0.65563,9.40439,,-0.08498,-0.83958,-0.08764,-0.01250,-0.09388,-0.02592,5072,-5104,0.10090,0.98928,0.10562,-0.99239,0.10761,-0.05992,-0.07065,-0.09877,0.99260,4.82027,4.81371
1.933302,-0.67597,-0.67119,9.39721,,-0.08778,-0.84294,-0.09352,0.05312,-0.06325,0.06158,5072,-5104,0.10260,0.98875,0.10887,-0.99219,0.10954,-0.05974,-0.07099,-0.10189,0.99226,4.82027,4.81543
1.946306,-0.65384,-0.65623,9.40260,,-0.08778,-0.84294,-0.09352,-0.05188,-0.16825,0.10533,5072,-5104,0.10288,0.98866,0.10937,-0.99215,0.10985,-0.05975,-0.07108,-0.10237,0.99220,4.82027,4.81571
1.959412,-0.67358,-0.65204,9.42533,,-0.08722,-0.83930,-0.10024,0.02687,0.06800,0.06158,5072,-5104,0.10268,0.98788,0.11636,-0.99212,0.11016,-0.05972,-0.07181,-0.10931,0.99141,4.82027,4.81552
1.972550,-0.66012,-0.64786,9.38256,,-0.08582,-0.83804,-0.09772,0.07062,-0.15075,0.01346,5072,-5104,0.10145,0.98814,0.11523,-0.99225,0.10886,-0.05993,-0.07176,-0.10826,0.99153,4.82027,4.81427
1.995785,-0.65504,-0.67238,9.39422,,-0.08442,-0.83678,-0.09520,-0.00813,-0.05450,0.16658,5072,-5104,0.10000,0.98858,0.11274,-0.99241,0.10724,-0.06013,-0.07153,-0.10587,0.99180,4.82027,4.81281
2.008791,-0.67478,-0.65743,9.44327,,-0.08470,-0.83734,-0.09142,0.06187,0.02425,0.02658,5072,-5104,0.10005,0.98904,0.10860,-0.99244,0.10700,-0.06017,-0.07113,-0.10176,0.99226,4.82027,4.81286
2.022207,-0.65264,-0.65504,9.44567,,-0.08470,-0.83734,-0.09142,-0.20063,-0.24700,-0.08717,5072,-5104,0.10008,0.98911,0.10789,-0.99243,0.10698,-0.06023,-0.07112,-0.10105,0.99234,4.82027,4.81289
2.035289,-0.64935,-0.66700,9.44567,,-0.08386,-0.84266,-0.09730,-0.08250,0.05487,-0.02154,5072,-5104,0.09869,0.98869,0.11292,-0.99254,0.10596,-0.06034,-0.07162,-0.10612,0.99177,4.82027,4.81149
2.058209,-0.65324,-0.64487,9.36730,,-0.08722,-0.84434,-0.10178,-0.19188,0.06800,-0.01717,5072,-5104,0.10149,0.98784,0.11780,-0.99222,0.10909,-0.05996,-0.07208,-0.11080,0.99123,4.82027,4.81432
2.071315,-0.63829,-0.66879,9.40080,,-0.08722,-0.84434,-0.10178,-0.03438,-0.11575,0.09658,5072,-5104,0.10192,0.98769,0.11863,-0.99217,0.10958,-0.05992,-0.07218,-0.11160,0.99113,4.82027,4.81476
2.084481,-0.66221,-0.63290,9.42952,,-0.08386,-0.83846,-0.09408,0.21937,0.05050,0.14033,5072,-5104,0.09940,0.98872,0.11205,-0.99247,0.10660,-0.06026,-0.07152,-0.10521,0.99187,4.82027,4.81221
2.097615,-0.66371,-0.66670,9.37986,,-0.08372,-0.84028,-0.09156,0.01375,-0.10263,0.02221,5072,-5104,0.09870,0.98920,0.10833,-0.99257,0.10565,-0.06041,-0.07120,-0.10156,0.99228,4.82027,4.81151
2.120879,-0.65683,-0.67238,9.42832,,-0.08358,-0.84210,-0.08904,0.01812,0.08550,0.20158,5072,-5104,0.09827,0.98959,0.10510,-0.99263,0.10500,-0.06046,-0.07087,-0.09838,0.99262,4.82027,4.81107
2.133931,-0.64666,-0.65922,9.39362,,-0.08526,-0.84490,-0.09856,0.21062,-0.12450,0.11408,5072,-5104,0.09947,0.98855,0.11348,-0.99245,0.10678,-0.06028,-0.07170,-0.10663,0.99171,4.82027,4.81228
2.147011,-0.67119,-0.65324,9.38345,,-0.08526,-0.84490,-0.09856,-0.17438,0.03300,0.07033,5072,-5104,0.09969,0.98838,0.11476,-0.99242,0.10709,-0.06025,-0.07184,-0.10789,0.99156,4.82027,4.81250
2.160171,-0.66072,-0.65803,9.41546,,-0.09226,-0.84210,-0.10920,-0.09125,-0.12450,0.06158,5072,-5104,0.10661,0.98636,0.12545,-0.99162,0.11473,-0.05934,-0.07292,-0.11807,0.99032,4.82027,4.81949
2.183372,-0.62931,-0.65683,9.41755,,-0.09226,-0.83090,-0.09394,-0.00813,-0.02825,-0.17467,5072,-5104,0.10922,0.98749,0.11371,-0.99143,0.11646,-0.05914,-0.07165,-0.10628,0.99175,4.82027,4.82211
2.196330,-0.63410,-0.66640,9.43490,,-0.07910,-0.83090,-0.09394,0.20187,0.02425,0.08783,5072,-5104,0.09668,0.98899,0.11200,-0.99274,0.10390,-0.06056,-0.07153,-0.10534,0.99186,4.82027,4.80947
2.209388,-0.62871,-0.65085,9.43669,,-0.08526,-0.84182,-0.10374,-0.34063,-0.03700,-0.15717,5072,-5104,0.09951,0.98780,0.11983,-0.99241,0.10727,-0.06016,-0.07228,-0.11293,0.99097,4.82027,4.81232
2.222542,-0.64666,-0.66251,9.38764,,-0.08526,-0.84182,-0.10374,-0.17875,-0.05450,-0.00842,5072,-5104,0.09995,0.98759,0.12111,-0.99235,0.10780,-0.06012,-0.07243,-0.11418,0.99082,4.82027,4.81277
2.245654,-0.65862,-0.64128,9.44686,,-0.08722,-0.83986,-0.10528,0.06187,-0.11575,0.07908,5072,-5104,0.10207,0.98714,0.12306,-0.99212,0.11005,-0.05987,-0.07264,-0.11598,0.99059,4.82027,4.81491
2.258647,-0.64726,-0.64068,9.41755,,-0.08722,-0.83986,-0.09786,-0.14813,-0.14200,-0.00842,5072,-5104,0.10254,0.98792,0.11617,-0.99212,0.11002,-0.05991,-0.07197,-0.10912,0.99142,4.82027,4.81537
2.271846,-0.65683,-0.67298,9.36611,,-0.09170,-0.83594,-0.09786,0.06187,-0.04575,0.10533,5072,-5104,0.10734,0.98749,0.11550,-0.99162,0.11473,-0.05938,-0.07189,-0.10816,0.99153,4.82027,4.82021
2.284972,-0.65773,-0.66700,9.40230,,-0.08862,-0.83650,-0.09793,-0.00375,0.12050,-0.02154,5072,-5104,0.10512,0.98774,0.11541,-0.99186,0.11253,-0.05960,-0.07186,-0.10821,0.99153,4.82027,4.81798
2.308150,-0.64726,-0.66102,9.37448,,-0.08554,-0.83706,-0.09800,0.11437,0.05925,0.09658,5072,-5104,0.10166,0.98810,0.11546,-0.99222,0.10910,-0.05999,-0.07188,-0.10847,0.99150,4.82027,4.81449
2.321234,-0.64427,-0.65384,9.44208,,-0.08218,-0.83874,-0.09758,-0.09563,-0.18575,0.03533,5072,-5104,0.09767,0.98857,0.11487,-0.99262,0.10510,-0.06050,-0.07188,-0.10812,0.99154,4.82027,4.81047
2.334380,-0.65504,-0.65025,9.39841,,-0.08218,-0.83874,-0.09758,-0.13063,-0.12450,-0.11342,5072,-5104,0.09704,0.98864,0.11477,-0.99268,0.10447,-0.06061,-0.07191,-0.10805,0.99154,4.82027,4.80983
2.347492,-0.64816,-0.66491,9.38286,,-0.08218,-0.83678,-0.09646,0.00937,-0.04575,-0.03904,5072,-5104,0.09712,0.98873,0.11392,-0.99268,0.10449,-0.06063,-0.07185,-0.10720,0.99164,4.82027,4.80991
2.370594,-0.67119,-0.64606,9.38944,,-0.08078,-0.83818,-0.10164,-0.13938,-0.22075,-0.02592,5072,-5104,0.09557,0.98833,0.11863,-0.99279,0.10330,-0.06083,-0.07238,-0.11196,0.99107,4.82027,4.80836
2.383644,-0.64187,-0.66341,9.46062,,-0.08078,-0.83818,-0.10164,-0.20938,-0.06325,0.00033,5072,-5104,0.09531,0.98826,0.11938,-0.99281,0.10310,-0.06087,-0.07247,-0.11272,0.99098,4.82027,4.80809
2.396827,-0.64008,-0.66281,9.40738,,-0.08330,-0.83482,-0.09604,-0.21813,0.19050,0.03533,5072,-5104,0.09810,0.98858,0.11441,-0.99257,0.10551,-0.06056,-0.07194,-0.10762,0.99159,4.82027,4.81090
2.409937,-0.57099,-0.67119,9.40260,,-0.08064,-0.83650,-0.10038,-0.01688,-0.01513,-0.13967,5072,-5104,0.09582,0.98841,0.11771,-0.99277,0.10348,-0.06077,-0.07224,-0.11104,0.99119,4.82027,4.80861
2.433268,-0.65264,-0.66640,9.39362,,-0.07798,-0.83818,-0.10472,0.11437,-0.02825,-0.06967,5072,-5104,0.09261,0.98816,0.12230,-0.99304,0.10063,-0.06113,-0.07271,-0.11579,0.99061,4.82027,4.80537
2.446275,-0.64965,-0.67059,9.38764,,-0.09226,-0.83594,-0.10332,-0.18313,-0.09825,0.00033,5072,-5104,0.10618,0.98687,0.12173,-0.99169,0.11404,-0.05951,-0.07261,-0.11440,0.99078,4.82027,4.81906
2.459345,-0.63589,-0.66879,9.42892,,-0.09226,-0.83594,-0.10332,0.14062,-0.20325,-0.03467,5072,-5104,0.10845,0.98662,0.12170,-0.99145,0.11629,-0.05926,-0.07262,-0.11424,0.99080,4.82027,4.82134
2.472489,-0.65623,-0.65204,9.44088,,-0.09086,-0.83706,-0.09996,-0.01688,-0.08075,0.02658,5072,-5104,0.10738,0.98716,0.11829,-0.99159,0.11498,-0.05946,-0.07230,-0.11091,0.99120,4.82027,4.82026
2.495629,-0.62333,-0.65743,9.39303,,-0.08666,-0.83594,-0.09800,-0.05188,-0.02825,-0.00842,5072,-5104,0.10326,0.98787,0.11601,-0.99204,0.11074,-0.05996,-0.07208,-0.10889,0.99144,4.82027,4.81611
2.508604,-0.65025,-0.68614,9.39721,,-0.08666,-0.83594,-0.09800,0.17562,0.00675,0.05283,5072,-5104,0.10256,0.98797,0.11570,-0.99211,0.11002,-0.06004,-0.07205,-0.10863,0.99147,4.82027,4.81540
2.521832,-0.64487,-0.64367,9.33141,,-0.08190,-0.83342,-0.10108,0.00937,0.04175,0.08783,5072,-5104,0.09800,0.98805,0.11893,-0.99255,0.10574,-0.06055,-0.07240,-0.11211,0.99105,4.82027,4.81081
2.534940,-0.49412,-0.66371,9.41307,,-0.08736,-0.83790,-0.10241,-0.09125,0.06362,0.02221,5072,-5104,0.10213,0.98749,0.12013,-0.99213,0.10990,-0.05994,-0.07239,-0.11306,0.99095,4.82027,4.81497
2.558108,-0.63769,-0.64008,9.39602,,-0.09282,-0.84238,-0.10374,0.13187,-0.14200,-0.06092,5072,-5104,0.10764,0.98679,0.12107,-0.99154,0.11544,-0.05929,-0.07248,-0.11366,0.99087,4.82027,4.82053
2.571069,-0.65623,-0.64307,9.37867,,-0.08442,-0.83790,-0.09702,0.07062,-0.01950,-0.10467,5072,-5104,0.10097,0.98818,0.11533,-0.99229,0.10841,-0.06013,-0.07192,-0.10837,0.99151,4.82027,4.81380
2.584225,-0.65145,-0.67478,9.44327,,-0.08442,-0.83790,-0.09702,0.00062,-0.19450,-0.06092,5072,-5104,0.09984,0.98840,0.11441,-0.99240,0.10722,-0.06031,-0.07188,-0.10752,0.99160,4.82027,4.81266
2.597293,-0.64576,-0.65085,9.39990,,-0.08162,-0.83594,-0.10122,0.00500,0.07237,0.03533,5072,-5104,0.09704,0.98819,0.11857,-0.99265,0.10475,-0.06058,-0.07229,-0.11182,0.99110,4.82027,4.80984
2.620473,-0.63230,-0.65145,9.39482,,-0.08526,-0.83146,-0.10654,0.07062,0.21675,0.09658,5072,-5104,0.10050,0.98706,0.12492,-0.99227,0.10863,-0.06004,-0.07283,-0.11792,0.99035,4.82027,4.81333
2.633547,-0.66580,-0.69811,9.41994,,-0.08526,-0.83146,-0.10654,0.07062,-0.15075,-0.09592,5072,-5104,0.10111,0.98687,0.12598,-0.99220,0.10931,-0.05999,-0.07298,-0.11893,0.99022,4.82027,4.81394
2.646644,-0.62213,-0.66879,9.43969,,-0.09870,-0.83762,-0.09688,-0.08688,-0.13325,0.07908,5072,-5104,0.11373,0.98674,0.11583,-0.99091,0.12110,-0.05863,-0.07188,-0.10811,0.99154,4.82027,4.82666
2.659735,-0.66431,-0.65952,9.40977,,-0.09870,-0.84084,-0.09345,0.07500,-0.01950,0.07471,5072,-5104,0.11550,0.98713,0.11056,-0.99075,0.12248,-0.05849,-0.07128,-0.10278,0.99215,4.82027,4.82845
2.682931,-0.64427,-0.68195,9.40319,,-0.09170,-0.84406,-0.09002,-0.08688,-0.18575,-0.02592,5072,-5104,0.10877,0.98839,0.10612,-0.99154,0.11548,-0.05929,-0.07086,-0.09877,0.99258,4.82027,4.82165
2.696174,-0.65204,-0.65743,9.43310,,-0.09170,-0.83706,-0.09576,0.03562,-0.07200,0.16658,5072,-5104,0.10827,0.98783,0.11170,-0.99155,0.11538,-0.05932,-0.07148,-0.10434,0.99197,4.82027,4.82115
2.709332,-0.66162,-0.67717,9.34816,,-0.09170,-0.83706,-0.09576,0.01812,-0.07200,0.05283,5072,-5104,0.10821,0.98773,0.11261,-0.99155,0.11539,-0.05934,-0.07161,-0.10524,0.99187,4.82027,4.82109
2.722484,-0.58265,-0.66102,9.43669,,-0.09128,-0.83958,-0.09660,-0.14813,-0.03263,-0.14842,5072,-5104,0.10759,0.98773,0.11324,-0.99161,0.11482,-0.05940,-0.07167,-0.10590,0.99179,4.82027,4.82047
2.745628,-0.65803,-0.62991,9.37388,,-0.09086,-0.83958,-0.10906,-0.07813,-0.04575,-0.06092,5072,-5104,0.10688,0.98633,0.12539,-0.99159,0.11500,-0.05940,-0.07301,-0.11799,0.99033,4.82027,4.81976
2.758596,-0.64128,-0.66461,9.41755,,-0.09114,-0.83398,-0.10906,0.05312,-0.12450,0.02658,5072,-5104,0.10760,0.98591,0.12809,-0.99149,0.11591,-0.05931,-0.07332,-0.12062,0.98999,4.82027,4.82049
2.771779,-0.65384,-0.65324,9.41396,,-0.09114,-0.83342,-0.10108,0.09687,-0.07200,0.05283,5072,-5104,0.10788,0.98679,0.12085,-0.99151,0.11566,-0.05936,-0.07255,-0.11342,0.99089,4.82027,4.82076
2.784895,-0.65833,-0.64816,9.44058,,-0.08918,-0.83342,-0.10108,0.03562,-0.11575,0.05721,5072,-5104,0.10600,0.98714,0.11969,-0.99172,0.11372,-0.05964,-0.07249,-0.11238,0.99102,4.82027,4.81887
2.808119,-0.64128,-0.66520,9.50010,,-0.08946,-0.83930,-0.09058,-0.09563,-0.08075,-0.11342,5072,-5104,0.10553,0.98847,0.10863,-0.99186,0.11246,-0.05980,-0.07132,-0.10144,0.99228,4.82027,4.81838
2.821123,-0.66401,-0.69033,9.40678,,-0.08946,-0.83930,-0.09058,0.00062,-0.03700,-0.06092,5072,-5104,0.10543,0.98867,0.10688,-0.99188,0.11224,-0.05984,-0.07116,-0.09970,0.99247,4.82027,4.81829
2.834285,-0.64606,-0.64008,9.47677,,-0.07658,-0.84378,-0.10710,-0.09563,-0.23825,0.07908,5072,-5104,0.09229,0.98821,0.12214,-0.99306,0.10033,-0.06137,-0.07290,-0.11563,0.99061,4.82027,4.80506
2.847442,-0.64098,-0.65474,9.43669,,-0.07980,-0.84322,-0.10612,0.01375,-0.05450,0.06158,5072,-5104,0.09328,0.98792,0.12372,-0.99296,0.10142,-0.06125,-0.07305,-0.11714,0.99043,4.82027,4.80605
2.870581,-0.66221,-0.66042,9.46660,,-0.08302,-0.84266,-0.10514,0.10562,0.03300,0.07033,5072,-5104,0.09663,0.98768,0.12308,-0.99264,0.10470,-0.06083,-0.07297,-0.11629,0.99053,4.82027,4.80943
2.883640,-0.61615,-0.63649,9.35893,,-0.08666,-0.83790,-0.10276,-0.12188,-0.04575,0.13158,5072,-5104,0.10119,0.98746,0.12115,-0.99220,0.10908,-0.06029,-0.07275,-0.11410,0.99080,4.82027,4.81403
2.896760,-0.63769,-0.66162,9.43969,,-0.08666,-0.83790,-0.10276,0.04437,-0.00200,-0.09592,5072,-5104,0.10200,0.98741,0.12088,-0.99212,0.10986,-0.06019,-0.07272,-0.11379,0.99084,4.82027,4.81484
2.909828,-0.66132,-0.66461,9.42353,,-0.08582,-0.83846,-0.10108,-0.08250,0.03737,-0.04779,5072,-5104,0.10129,0.98770,0.11912,-0.99221,0.10902,-0.06030,-0.07254,-0.11209,0.99105,4.82027,4.81412
2.933054,-0.63888,-0.66102,9.38405,,-0.08834,-0.84434,-0.09758,-0.01688,0.22550,-0.13967,5072,-5104,0.10308,0.98803,0.11479,-0.99206,0.11048,-0.06008,-0.07205,-0.10768,0.99157,4.82027,4.81592
2.946014,-0.66042,-0.63290,9.40200,,-0.08834,-0.84434,-0.09758,0.15812,-0.06325,-0.12217,5072,-5104,0.10337,0.98808,0.11411,-0.99203,0.11072,-0.06008,-0.07199,-0.10699,0.99165,4.82027,4.81621
2.959105,-0.63829,-0.64427,9.45285,,-0.08414,-0.84042,-0.09170,0.05312,-0.04575,0.01783,5072,-5104,0.09977,0.98905,0.10877,-0.99244,0.10677,-0.06052,-0.07147,-0.10191,0.99222,4.82027,4.81258
2.972233,-0.63769,-0.65085,9.31945,,-0.08064,-0.84196,-0.09954,0.00062,0.12050,0.00033,5072,-5104,0.09555,0.98872,0.11535,-0.99281,0.10305,-0.06091,-0.07211,-0.10870,0.99146,4.82027,4.80834
2.995456,-0.65504,-0.65982,9.36611,,-0.07714,-0.84350,-0.10738,0.00062,0.13800,-0.13092,5072,-5104,0.09127,0.98810,0.12383,-0.99315,0.09942,-0.06135,-0.07293,-0.11738,0.99041,4.82027,4.80403
3.008698,-0.65145,-0.65743,9.41037,,-0.07882,-0.83930,-0.09856,0.18437,0.08550,0.09658,5072,-5104,0.09260,0.98878,0.11719,-0.99308,0.10026,-0.06122,-0.07229,-0.11071,0.99122,4.82027,4.80537
3.021872,-0.63769,-0.61436,9.35653,,-0.07882,-0.83930,-0.09856,-0.11313,0.01550,0.00908,5072,-5104,0.09284,0.98890,0.11605,-0.99306,0.10041,-0.06120,-0.07218,-0.10956,0.99136,4.82027,4.80561
3.034989,-0.64576,-0.67956,9.40499,,-0.08610,-0.83762,-0.10052,0.05750,-0.10700,0.06596,5072,-5104,0.10007,0.98797,0.11795,-0.99235,0.10772,-0.06037,-0.07234,-0.11101,0.99118,4.82027,4.81289
3.058169,-0.65204,-0.64845,9.39721,,-0.08778,-0.84406,-0.10612,0.09687,-0.05450,-0.07842,5072,-5104,0.10224,0.98714,0.12286,-0.99209,0.11023,-0.06007,-0.07284,-0.11575,0.99060,4.82027,4.81509
3.071160,-0.64905,-0.65444,9.40858,,-0.08778,-0.84406,-0.10612,0.00937,-0.11575,0.00033,5072,-5104,0.10259,0.98701,0.12364,-0.99205,0.11063,-0.06005,-0.07295,-0.11650,0.99051,4.82027,4.81543
3.084275,-0.64487,-0.66281,9.38585,,-0.08498,-0.83930,-0.10458,-0.00813,0.11175,0.03533,5072,-5104,0.10042,0.98733,0.12289,-0.99227,0.10843,-0.06030,-0.07286,-0.11588,0.99059,4.82027,4.81325
3.097420,-0.63918,-0.66730,9.38345,,-0.08456,-0.83902,-0.10017,0.07500,-0.19013,0.00471,5072,-5104,0.09972,0.98792,0.11857,-0.99237,0.10743,-0.06048,-0.07249,-0.11164,0.99110,4.82027,4.81254
3.120528,-0.65324,-0.64128,9.37328,,-0.08414,-0.83874,-0.09576,0.13187,0.26050,0.07908,5072,-5104,0.09928,0.98855,0.11362,-0.99246,0.10662,-0.06053,-0.07195,-0.10675,0.99168,4.82027,4.81209
3.133636,-0.65145,-0.67956,9.43550,,-0.08750,-0.83230,-0.09758,0.08812,-0.29075,-0.09592,5072,-5104,0.10312,0.98797,0.11529,-0.99205,0.11056,-0.06013,-0.07215,-0.10817,0.99151,4.82027,4.81596
3.146770,-0.65025,-0.65204,9.40619,,-0.08750,-0.83230,-0.09758,0.07062,0.04175,-0.04342,5072,-5104,0.10375,0.98787,0.11553,-0.99198,0.11121,-0.06005,-0.07217,-0.10838,0.99149,4.82027,4.81660
3.159837,-0.64038,-0.64905,9.41456,,-0.08806,-0.83622,-0.10346,0.02250,0.16862,-0.09154,5072,-5104,0.10397,0.98721,0.12082,-0.99192,0.11180,-0.05992,-0.07266,-0.11361,0.99086,4.82027,4.81683
3.183000,-0.63888,-0.62991,9.44507,,-0.07910,-0.84546,-0.10626,0.07937,0.30425,0.15783,5072,-5104,0.09435,0.98787,0.12337,-0.99287,0.10245,-0.06102,-0.07292,-0.11673,0.99048,4.82027,4.80713
3.195959,-0.50070,-0.65922,9.36850,,-0.07910,-0.84546,-0.10626,-0.10438,-0.05450,0.12283,5072,-5104,0.09274,0.98797,0.12377,-0.99302,0.10087,-0.06115,-0.07290,-0.11723,0.99043,4.82027,4.80551
3.209045,-0.66401,-0.65743,9.43131,,-0.08330,-0.83790,-0.10164,-0.02563,0.15550,-0.03467,5072,-5104,0.09733,0.98796,0.12024,-0.99261,0.10517,-0.06060,-0.07252,-0.11345,0.99089,4.82027,4.81013
3.222158,-0.64696,-0.65563,9.40290,,-0.08330,-0.85582,-0.09982,0.10125,0.04175,-0.03467,5072,-5104,0.09645,0.98856,0.11594,-0.99272,0.10397,-0.06073,-0.07209,-0.10924,0.99140,4.82027,4.80924
