0.000004,-0.73220,-0.46899,9.37568,,-0.74872,0.45262,-0.14679,0.12514,-0.06513,0.08613,5057,-5092,0.85245,0.51459,0.09231,-0.51699,0.85599,0.00244,-0.07776,-0.04981,0.99573,5.73802,5.73802
0.000004,-0.75214,-0.44925,9.41994,,-0.75180,0.45850,-0.13993,-0.01486,-0.03596,0.01904,5057,-5092,0.85155,0.51774,-0.08248,-0.51932,0.85457,0.00264,0.07185,0.04058,0.99659,5.73802,5.73555
0.021091,-0.74447,-0.45972,9.38794,,-0.75572,0.45906,-0.14315,0.15139,-0.20513,0.05988,5057,-5092,0.84549,0.51369,-0.14584,-0.51892,0.85482,0.00257,0.12598,0.07351,0.98930,5.73802,5.73271
0.044667,-0.74536,-0.61196,9.45344,,-0.75460,0.46522,-0.14553,0.02889,-0.15263,0.02488,5057,-5092,0.84110,0.51729,-0.15802,-0.52339,0.85208,0.00345,0.13643,0.07980,0.98743,5.73802,5.72655
0.058221,-0.74178,-0.47737,9.40499,,-0.75460,0.46522,-0.10969,-0.12861,0.02237,-0.00137,5057,-5092,0.84439,0.52036,-0.12742,-0.52424,0.85156,0.00355,0.11036,0.06380,0.99184,5.73802,5.72758
0.072401,-0.74477,-0.44865,9.36371,,-0.75656,0.46774,-0.13223,0.28264,-0.15263,-0.07137,5057,-5092,0.84201,0.52027,-0.14259,-0.52518,0.85098,0.00372,0.12328,0.07175,0.98977,5.73802,5.72551
0.086964,-0.72323,-0.60957,9.36670,,-0.75908,0.45570,-0.14945,0.24764,-0.02138,-0.07137,5057,-5092,0.84507,0.50977,-0.16121,-0.51623,0.85644,0.00211,0.13914,0.08144,0.98692,5.73802,5.73481
0.101414,-0.75075,-0.47079,9.43430,,-0.75908,0.45570,-0.14945,-0.11111,0.18862,0.12113,5057,-5092,0.84552,0.50803,-0.16432,-0.51477,0.85732,0.00182,0.14180,0.08305,0.98641,5.73802,5.73630
0.115610,-0.72921,-0.46600,9.39362,,-0.75936,0.45682,-0.13951,0.26514,0.15362,0.04238,5057,-5092,0.84648,0.50915,-0.15568,-0.51517,0.85709,0.00196,0.13443,0.07854,0.98781,5.73802,5.73646
0.130819,-0.74895,-0.46421,9.42054,,-0.75936,0.45682,-0.13951,0.09889,-0.03013,0.05988,5057,-5092,0.84664,0.50933,-0.15425,-0.51523,0.85705,0.00198,0.13321,0.07780,0.98803,5.73802,5.73649
0.144798,-0.74357,-0.52971,9.40559,,-0.75404,0.46298,-0.14287,0.00264,0.10112,0.07738,5057,-5092,0.84234,0.51548,-0.15729,-0.52154,0.85322,0.00320,0.13586,0.07934,0.98755,5.73802,5.72880
0.169080,-0.62333,-0.44267,9.45165,,-0.75796,0.46802,-0.15491,-0.05861,0.01362,-0.10637,5057,-5092,0.83916,0.51735,-0.16778,-0.52424,0.85156,0.00375,0.14482,0.08482,0.98582,5.73802,5.72479
0.183069,-0.74596,-0.46600,9.45643,,-0.75796,0.46802,-0.15491,0.12514,-0.17888,0.02488,5057,-5092,0.83863,0.51770,-0.16936,-0.52472,0.85126,0.00383,0.14615,0.08566,0.98555,5.73802,5.72409
0.198376,-0.74178,-0.47438,9.37807,,-0.75348,0.45850,-0.13867,0.09014,0.03987,0.05113,5057,-5092,0.84321,0.51435,-0.15631,-0.52034,0.85395,0.00302,0.13503,0.07879,0.98770,5.73802,5.73029
0.213425,-0.72203,-0.44686,9.37867,,-0.75348,0.46158,-0.14973,-0.13736,-0.11763,0.08613,5057,-5092,0.84133,0.51504,-0.16401,-0.52165,0.85315,0.00322,0.14158,0.08285,0.98645,5.73802,5.72817
0.228224,-0.74536,-0.43430,9.37986,,-0.75460,0.46158,-0.14973,0.14264,-0.01263,0.10363,5057,-5092,0.84131,0.51472,-0.16509,-0.52143,0.85329,0.00317,0.14250,0.08342,0.98627,5.73802,5.72835
0.243245,-0.77228,-0.46840,9.36970,,-0.75628,0.45934,-0.13853,-0.12861,0.05737,-0.09762,5057,-5092,0.84410,0.51327,-0.15510,-0.51919,0.85466,0.00272,0.13396,0.07823,0.98789,5.73802,5.73175
0.257176,-0.75194,-0.48574,9.45165,,-0.75628,0.45934,-0.13853,0.01139,0.06612,0.00738,5057,-5092,0.84453,0.51304,-0.15348,-0.51883,0.85487,0.00267,0.13258,0.07737,0.98815,5.73802,5.73228
0.271813,-0.74477,-0.46062,9.40619,,-0.75880,0.46270,-0.14917,-0.22486,0.05737,0.22613,5057,-5092,0.84259,0.51352,-0.16230,-0.52002,0.85415,0.00285,0.14009,0.08200,0.98674,5.73802,5.73023
0.286842,-0.67926,-0.46630,9.41695,,-0.75558,0.46536,-0.14553,-0.03236,-0.00825,0.00300,5057,-5092,0.84081,0.51694,-0.16064,-0.52326,0.85217,0.00347,0.13869,0.08114,0.98701,5.73802,5.72651
0.307754,-0.72443,-0.47079,9.41935,,-0.75236,0.46802,-0.14189,0.01139,0.04862,-0.01012,5057,-5092,0.83901,0.52090,-0.15726,-0.52689,0.84992,0.00415,0.13582,0.07938,0.98755,5.73802,5.72243
0.318486,-0.72981,-0.39631,9.40589,,-0.75264,0.46354,-0.13825,-0.05861,0.08362,0.09488,5057,-5092,0.84102,0.51870,-0.15376,-0.52445,0.85143,0.00365,0.13281,0.07757,0.98810,5.73802,5.72560
0.337612,-0.72921,-0.46241,9.40619,,-0.75292,0.45906,-0.13461,0.13389,0.03987,0.10363,5057,-5092,0.84369,0.51541,-0.15012,-0.52093,0.85360,0.00303,0.12970,0.07564,0.98866,5.73802,5.73004
0.348071,-0.73789,-0.53509,9.39572,,-0.75348,0.45570,-0.14189,-0.02798,0.09675,0.07738,5057,-5092,0.84476,0.51179,-0.15636,-0.51783,0.85548,0.00248,0.13503,0.07887,0.98770,5.73802,5.73327
0.367630,-0.68465,-0.46062,9.39392,,-0.75264,0.45444,-0.13874,0.12077,0.07050,-0.12825,5057,-5092,0.84564,0.51084,-0.15471,-0.51675,0.85613,0.00234,0.13365,0.07797,0.98796,5.73802,5.73466
0.387109,-0.73579,-0.45284,9.41037,,-0.75180,0.45318,-0.13559,-0.07611,-0.11763,0.05113,5057,-5092,0.84644,0.51041,-0.15172,-0.51610,0.85652,0.00219,0.13108,0.07645,0.98842,5.73802,5.73564
0.397846,-0.74477,-0.38166,9.43370,,-0.75292,0.45430,-0.14679,0.09014,-0.06950,0.02925,5057,-5092,0.84503,0.50983,-0.16124,-0.51629,0.85641,0.00220,0.13921,0.08139,0.98691,5.73802,5.73474
0.416889,-0.75494,-0.46181,9.42473,,-0.75404,0.45542,-0.14679,0.35264,0.03987,0.19113,5057,-5092,0.84463,0.51009,-0.16253,-0.51664,0.85620,0.00230,0.14033,0.08203,0.98670,5.73802,5.73422
0.427484,-0.75344,-0.38943,9.38644,,-0.75488,0.46830,-0.13503,0.08139,0.18862,0.01175,5057,-5092,0.84104,0.51945,-0.15107,-0.52498,0.85111,0.00379,0.13054,0.07612,0.98852,5.73802,5.72516
0.446567,-0.81775,-0.53928,9.42383,,-0.75152,0.46382,-0.13867,0.03764,0.07925,0.02488,5057,-5092,0.84091,0.51906,-0.15316,-0.52475,0.85125,0.00377,0.13233,0.07721,0.98819,5.73802,5.72528
0.465525,-0.76152,-0.31825,9.42952,,-0.74816,0.45934,-0.14231,-0.07611,0.10987,0.15613,5057,-5092,0.84132,0.51703,-0.15767,-0.52312,0.85225,0.00336,0.13611,0.07965,0.98749,5.73802,5.72691
0.475831,-0.73938,-0.38824,9.42832,,-0.77112,0.46018,-0.14819,-0.10673,0.00050,0.02050,5057,-5092,0.84645,0.50763,-0.16072,-0.51410,0.85773,0.00157,0.13866,0.08130,0.98700,5.73802,5.73738
0.494914,-0.73938,-0.47797,9.41037,,-0.75824,0.46018,-0.14819,-0.01486,-0.07388,0.05113,5057,-5092,0.84392,0.51117,-0.16281,-0.51776,0.85552,0.00228,0.14045,0.08237,0.98666,5.73802,5.73289
0.505437,-0.73041,-0.38405,9.41037,,-0.75684,0.45654,-0.14665,-0.18111,-0.09138,0.14300,5057,-5092,0.84476,0.50996,-0.16226,-0.51654,0.85626,0.00194,0.13993,0.08217,0.98675,5.73802,5.73438
0.524554,-0.75045,-0.46152,9.44597,,-0.75614,0.45584,-0.14210,0.08139,-0.00825,0.04675,5057,-5092,0.84558,0.50989,-0.15814,-0.51613,0.85651,0.00188,0.13640,0.08003,0.98741,5.73802,5.73516
0.543519,-0.74836,-0.46660,9.39123,,-0.75544,0.45514,-0.13755,0.18639,-0.02138,0.01613,5057,-5092,0.84637,0.51000,-0.15347,-0.51587,0.85666,0.00185,0.13241,0.07761,0.98815,5.73802,5.73580
0.553781,-0.73998,-0.46869,9.38615,,-0.75740,0.46186,-0.13125,0.15139,0.15362,0.13863,5057,-5092,0.84502,0.51433,-0.14630,-0.51961,0.85440,0.00254,0.12631,0.07387,0.98924,5.73802,5.73188
0.573041,-0.74536,-0.43968,9.40379,,-0.75740,0.46186,-0.13125,0.03764,-0.08263,0.03363,5057,-5092,0.84481,0.51501,-0.14512,-0.52019,0.85405,0.00262,0.12529,0.07327,0.98941,5.73802,5.73127
0.583444,-0.68076,-0.38644,9.37089,,-0.75936,0.45570,-0.14693,0.09889,0.09237,-0.01012,5057,-5092,0.84589,0.50897,-0.15942,-0.51533,0.85699,0.00171,0.13749,0.08071,0.98721,5.73802,5.73602
0.602515,-0.74776,-0.53360,9.41636,,-0.75656,0.45668,-0.14525,-0.05861,0.02237,0.06425,5057,-5092,0.84514,0.50990,-0.16043,-0.51632,0.85639,0.00192,0.13837,0.08121,0.98704,5.73802,5.73477
0.621583,-0.75613,-0.45643,9.40080,,-0.75376,0.45766,-0.14525,-0.17236,-0.17013,-0.10637,5057,-5092,0.84390,0.51182,-0.16087,-0.51826,0.85522,0.00224,0.13873,0.08148,0.98697,5.73802,5.73245
0.631870,-0.75314,-0.46929,9.40738,,-0.75292,0.46018,-0.14021,0.07702,0.00925,0.06863,5057,-5092,0.84305,0.51463,-0.15627,-0.52067,0.85376,0.00270,0.13481,0.07909,0.98771,5.73802,5.72993
0.650935,-0.74656,-0.48335,9.41336,,-0.75292,0.46018,-0.14021,0.16889,0.11862,0.10363,5057,-5092,0.84290,0.51510,-0.15554,-0.52106,0.85351,0.00280,0.13420,0.07868,0.98783,5.73802,5.72951
0.661558,-0.68584,-0.38704,9.44327,,-0.75208,0.45710,-0.13909,0.05514,0.15362,0.04675,5057,-5092,0.84403,0.51347,-0.15482,-0.51940,0.85453,0.00250,0.13358,0.07830,0.98794,5.73802,5.73153
0.680623,-0.74297,-0.54407,9.41546,,-0.75292,0.45934,-0.14189,-0.03236,0.08362,0.00300,5057,-5092,0.84321,0.51418,-0.15691,-0.52026,0.85400,0.00270,0.13538,0.07936,0.98761,5.73802,5.73036
0.699818,-0.75852,-0.61256,9.45703,,-0.75376,0.45934,-0.14189,0.00264,0.09237,0.08613,5057,-5092,0.84330,0.51397,-0.15710,-0.52006,0.85412,0.00272,0.13558,0.07941,0.98758,5.73802,5.73057
0.710129,-0.74237,-0.37208,9.44327,,-0.75628,0.45626,-0.14483,0.07264,0.17112,0.11238,5057,-5092,0.84483,0.51060,-0.15981,-0.51696,0.85601,0.00212,0.13788,0.08082,0.98715,5.73802,5.73406
0.729187,-0.89133,-0.47617,9.37986,,-0.75628,0.45626,-0.10899,0.06389,0.10987,0.20863,5057,-5092,0.84918,0.51251,-0.12737,-0.51649,0.85629,0.00202,0.11010,0.06407,0.99185,5.73802,5.73674
0.739862,-0.82851,-0.45135,9.36132,,-0.75376,0.46214,-0.13643,0.02452,-0.14825,0.15175,5057,-5092,0.84383,0.51606,-0.14711,-0.52137,0.85332,0.00282,0.12698,0.07432,0.98912,5.73802,5.72973
0.759193,-0.75015,-0.46181,9.36192,,-0.75628,0.46074,-0.13965,-0.05861,-0.18763,0.04238,5057,-5092,0.84379,0.51438,-0.15307,-0.52018,0.85405,0.00256,0.13205,0.07746,0.98821,5.73802,5.73074
0.769541,-0.74297,-0.38764,9.42084,,-0.75628,0.46074,-0.13965,-0.00611,-0.09138,-0.03637,5057,-5092,0.84379,0.51409,-0.15406,-0.51997,0.85418,0.00246,0.13286,0.07803,0.98806,5.73802,5.73092
0.788902,-0.73848,-0.52403,9.39003,,-0.75348,0.45822,-0.13307,-0.02798,-0.06075,0.14300,5057,-5092,0.84482,0.51397,-0.14872,-0.51944,0.85450,0.00237,0.12830,0.07525,0.98888,5.73802,5.73191
0.807892,-0.74716,-0.45643,9.41336,,-0.75348,0.46270,-0.15043,-0.10236,0.00487,0.02488,5057,-5092,0.84107,0.51568,-0.16333,-0.52229,0.85276,0.00290,0.14078,0.08287,0.98657,5.73802,5.72748
0.818166,-0.72921,-0.45852,9.40499,,-0.75684,0.46270,-0.15043,0.01139,0.03987,-0.03200,5057,-5092,0.84135,0.51460,-0.16526,-0.52138,0.85332,0.00272,0.14242,0.08387,0.98625,5.73802,5.72841
0.837199,-0.74477,-0.31107,9.41815,,-0.75236,0.45850,-0.13951,-0.18986,-0.15263,0.09488,5057,-5092,0.84325,0.51421,-0.15659,-0.52030,0.85398,0.00240,0.13496,0.07945,0.98766,5.73802,5.73034
0.848145,-0.71396,-0.45823,9.44836,,-0.75236,0.45850,-0.13951,-0.00611,0.02237,-0.04950,5057,-5092,0.84357,0.51411,-0.15517,-0.52010,0.85410,0.00237,0.13375,0.07871,0.98788,5.73802,5.73069
0.867292,-0.73968,-0.46959,9.40290,,-0.75292,0.45934,-0.14385,-0.01923,0.05300,0.00300,5057,-5092,0.84289,0.51414,-0.15875,-0.52041,0.85391,0.00242,0.13681,0.08057,0.98732,5.73802,5.73006
0.886435,-0.74237,-0.59701,9.42952,,-0.75348,0.45710,-0.14343,-0.03236,0.12737,0.07738,5057,-5092,0.84388,0.51242,-0.15902,-0.51873,0.85494,0.00217,0.13706,0.08066,0.98727,5.73802,5.73203
0.896722,-0.75165,-0.38136,9.38973,,-0.75348,0.45710,-0.14343,0.02889,0.11862,0.05988,5057,-5092,0.84403,0.51214,-0.15912,-0.51846,0.85510,0.00209,0.13714,0.08073,0.98726,5.73802,5.73234
0.915740,-0.75075,-0.43729,9.41636,,-0.75824,0.45570,-0.13629,0.12514,0.20612,-0.01012,5057,-5092,0.84678,0.50973,-0.15215,-0.51552,0.85688,0.00158,0.13117,0.07710,0.98836,5.73802,5.73632
0.926555,-0.74088,-0.45613,9.43101,,-0.75824,0.45570,-0.14035,-0.02361,0.04862,0.10800,5057,-5092,0.84672,0.50905,-0.15470,-0.51505,0.85716,0.00149,0.13336,0.07842,0.98796,5.73802,5.73669
0.945681,-0.81147,-0.46780,9.36581,,-0.75712,0.46046,-0.14441,-0.06298,0.00925,0.09925,5057,-5092,0.84401,0.51236,-0.15853,-0.51863,0.85500,0.00212,0.13663,0.08043,0.98735,5.73802,5.73219
0.965203,-0.75015,-0.46062,9.42473,,-0.76160,0.46130,-0.14343,-0.11111,-0.05638,0.00738,5057,-5092,0.84456,0.51173,-0.15766,-0.51794,0.85541,0.00197,0.13588,0.08000,0.98749,5.73802,5.73306
0.975659,-0.74477,-0.45523,9.35504,,-0.76160,0.46130,-0.14343,-0.02361,0.10112,-0.02762,5057,-5092,0.84464,0.51162,-0.15755,-0.51782,0.85549,0.00195,0.13578,0.07993,0.98751,5.73802,5.73321
0.994755,-0.73699,-0.48156,9.42712,,-0.75488,0.45738,-0.13727,0.16014,-0.00388,0.06863,5057,-5092,0.84519,0.51209,-0.15303,-0.51793,0.85542,0.00200,0.13193,0.07757,0.98822,5.73802,5.73341
1.007193,-0.74297,-0.47079,9.46242,,-0.75488,0.45738,-0.14147,0.07264,0.14487,0.12113,5057,-5092,0.84475,0.51187,-0.15615,-0.51795,0.85541,0.00202,0.13461,0.07917,0.98773,5.73802,5.73316
1.020741,-0.82851,-0.53151,9.42712,,-0.75740,0.45822,-0.14147,0.03764,0.10550,0.02925,5057,-5092,0.84503,0.51139,-0.15623,-0.51748,0.85570,0.00197,0.13469,0.07918,0.98772,5.73802,5.73372
1.043981,-0.75374,-0.46421,9.36551,,-0.75516,0.45738,-0.13741,-0.06736,0.06612,0.02488,5057,-5092,0.84531,0.51191,-0.15293,-0.51774,0.85553,0.00201,0.13187,0.07748,0.98823,5.73802,5.73364
1.057137,-0.73579,-0.45404,9.37149,,-0.75516,0.45738,-0.13741,0.02889,-0.06513,0.25238,5057,-5092,0.84533,0.51205,-0.15238,-0.51783,0.85548,0.00201,0.13138,0.07721,0.98832,5.73802,5.73357
1.070278,-0.73998,-0.47737,9.43131,,-0.75376,0.45822,-0.14147,0.09014,0.03112,0.15613,5057,-5092,0.84414,0.51290,-0.15610,-0.51896,0.85479,0.00223,0.13458,0.07912,0.98774,5.73802,5.73197
1.084314,-0.71844,-0.47019,9.41277,,-0.75376,0.45626,-0.14091,0.04639,-0.11763,0.02488,5057,-5092,0.84482,0.51170,-0.15633,-0.51780,0.85550,0.00202,0.13477,0.07924,0.98770,5.73802,5.73333
1.098312,-0.74447,-0.46780,9.41935,,-0.76048,0.45626,-0.14091,0.10764,-0.04325,0.11675,5057,-5092,0.84669,0.50885,-0.15551,-0.51492,0.85724,0.00150,0.13407,0.07881,0.98783,5.73802,5.73680
1.122216,-0.73280,-0.45165,9.41037,,-0.75964,0.45822,-0.14007,0.00264,0.26737,0.09488,5057,-5092,0.84610,0.51009,-0.15467,-0.51607,0.85654,0.00173,0.13336,0.07836,0.98796,5.73802,5.73549
1.135995,-0.72861,-0.47976,9.42174,,-0.75768,0.45766,-0.13853,0.15139,-0.01263,-0.04512,5057,-5092,0.84592,0.51079,-0.15335,-0.51665,0.85619,0.00187,0.13225,0.07764,0.98817,5.73802,5.73490
1.150935,-0.75015,-0.32901,9.41875,,-0.75768,0.45766,-0.13853,-0.08486,0.10987,0.08613,5057,-5092,0.84587,0.51092,-0.15321,-0.51678,0.85612,0.00182,0.13210,0.07763,0.98819,5.73802,5.73475
1.164978,-0.75194,-0.45105,9.43191,,-0.76188,0.45570,-0.14175,0.00264,-0.05638,0.11238,5057,-5092,0.84736,0.50769,-0.15566,-0.51378,0.85792,0.00125,0.13418,0.07892,0.98781,5.73802,5.73812
1.178251,-0.74955,-0.47856,9.46840,,-0.76188,0.45570,-0.14175,0.16014,0.18862,0.10363,5057,-5092,0.84761,0.50715,-0.15608,-0.51328,0.85822,0.00121,0.13457,0.07909,0.98774,5.73802,5.73868
1.191445,-0.81835,-0.46840,9.38734,,-0.75740,0.45430,-0.14637,0.24327,-0.20513,0.21300,5057,-5092,0.84644,0.50760,-0.16086,-0.51411,0.85772,0.00137,0.13866,0.08154,0.98698,5.73802,5.73736
1.214812,-0.75314,-0.46840,9.39063,,-0.75600,0.45206,-0.14077,0.14264,-0.03013,-0.11512,5057,-5092,0.84752,0.50701,-0.15700,-0.51320,0.85827,0.00122,0.13536,0.07954,0.98760,5.73802,5.73871
1.227908,-0.73998,-0.45165,9.38525,,-0.75600,0.45206,-0.14077,-0.16361,0.07487,-0.06262,5057,-5092,0.84769,0.50690,-0.15643,-0.51306,0.85835,0.00118,0.13487,0.07926,0.98769,5.73802,5.73892
1.241013,-0.73101,-0.47737,9.27877,,-0.74844,0.45766,-0.14931,0.14264,0.09237,0.14738,5057,-5092,0.84233,0.51321,-0.16462,-0.51994,0.85420,0.00256,0.14193,0.08344,0.98635,5.73802,5.73017
1.254367,-0.74865,-0.45135,9.39602,,-0.74844,0.45696,-0.15015,-0.09798,-0.02575,0.12113,5057,-5092,0.84160,0.51371,-0.16678,-0.52062,0.85378,0.00264,0.14375,0.08461,0.98599,5.73802,5.72920
1.277977,-0.76032,-0.44925,9.38944,,-0.75180,0.45626,-0.15099,-0.23361,-0.06513,0.09488,5057,-5092,0.84258,0.51186,-0.16749,-0.51887,0.85485,0.00222,0.14432,0.08503,0.98587,5.73802,5.73122
1.291058,-0.73759,-0.46720,9.35594,,-0.75936,0.45626,-0.14931,-0.04986,0.10987,0.31363,5057,-5092,0.84496,0.50871,-0.16511,-0.51556,0.85685,0.00157,0.14227,0.08380,0.98627,5.73802,5.73533
1.304761,-0.75793,-0.45344,9.39422,,-0.75936,0.45626,-0.14931,-0.24236,0.03112,-0.10637,5057,-5092,0.84541,0.50809,-0.16473,-0.51492,0.85723,0.00140,0.14192,0.08363,0.98634,5.73802,5.73611
1.318699,-0.74656,-0.45643,9.43490,,-0.76776,0.45934,-0.14945,-0.08486,0.22362,-0.04512,5057,-5092,0.84643,0.50678,-0.16349,-0.51353,0.85807,0.00114,0.14087,0.08299,0.98654,5.73802,5.73786
1.332592,-0.74536,-0.46451,9.45614,,-0.76300,0.45976,-0.14350,0.14702,0.06175,0.09488,5057,-5092,0.84591,0.50923,-0.15847,-0.51553,0.85687,0.00157,0.13659,0.08036,0.98736,5.73802,5.73585
1.356451,-0.74776,-0.61256,9.42353,,-0.75824,0.46018,-0.13755,0.07264,0.10112,0.19988,5057,-5092,0.84512,0.51227,-0.15280,-0.51808,0.85533,0.00212,0.13178,0.07737,0.98825,5.73802,5.73325
1.369943,-0.73161,-0.50010,9.44686,,-0.75712,0.45318,-0.14735,0.17764,0.10112,0.20863,5057,-5092,0.84628,0.50768,-0.16147,-0.51423,0.85765,0.00143,0.13921,0.08182,0.98688,5.73802,5.73717
1.383873,-0.74237,-0.45344,9.41217,,-0.75712,0.45318,-0.14735,-0.13736,-0.18763,-0.04512,5057,-5092,0.84651,0.50685,-0.16286,-0.51353,0.85807,0.00125,0.14038,0.08257,0.98665,5.73802,5.73789
1.397561,-0.73400,-0.46600,9.45643,,-0.76132,0.45458,-0.13923,0.09889,0.08362,-0.19387,5057,-5092,0.84812,0.50659,-0.15511,-0.51265,0.85860,0.00113,0.13375,0.07856,0.98790,5.73802,5.73950
1.411460,-0.76002,-0.44327,9.40888,,-0.76104,0.45668,-0.13685,-0.08923,0.09675,-0.04512,5057,-5092,0.84774,0.50829,-0.15162,-0.51405,0.85776,0.00136,0.13075,0.07678,0.98844,5.73802,5.73809
1.435483,-0.89133,-0.43908,9.42772,,-0.76076,0.45878,-0.13447,0.04639,0.07487,0.03363,5057,-5092,0.84703,0.51033,-0.14868,-0.51585,0.85668,0.00164,0.12821,0.07531,0.98888,5.73802,5.73617
1.448945,-0.61376,-0.47498,9.47318,,-0.75824,0.45822,-0.14217,-0.12861,0.05737,0.11238,5057,-5092,0.84553,0.51074,-0.15567,-0.51679,0.85611,0.00184,0.13421,0.07889,0.98781,5.73802,5.73457
1.462616,-0.73400,-0.49711,9.52403,,-0.75824,0.45822,-0.14217,-0.11986,0.16237,0.14738,5057,-5092,0.84528,0.51082,-0.15675,-0.51695,0.85601,0.00188,0.13514,0.07945,0.98764,5.73802,5.73429
1.476435,-0.75015,-0.47079,9.44627,,-0.75908,0.45514,-0.13811,0.17764,0.07487,0.05988,5057,-5092,0.84720,0.50867,-0.15332,-0.51455,0.85746,0.00148,0.13222,0.07764,0.98817,5.73802,5.73737
1.490189,-0.73280,-0.44865,9.41217,,-0.75908,0.45514,-0.13811,0.05514,0.02237,0.04238,5057,-5092,0.84752,0.50830,-0.15279,-0.51415,0.85770,0.00141,0.13176,0.07736,0.98826,5.73802,5.73789
1.503983,-0.73220,-0.39123,9.41187,,-0.75432,0.45122,-0.13979,0.04639,0.19737,0.12550,5057,-5092,0.84766,0.50734,-0.15517,-0.51339,0.85815,0.00129,0.13382,0.07857,0.98789,5.73802,5.73862
1.528227,-0.75075,-0.60658,9.41217,,-0.75236,0.45878,-0.13993,0.16014,0.05737,0.05988,5057,-5092,0.84413,0.51317,-0.15524,-0.51914,0.85469,0.00244,0.13393,0.07853,0.98787,5.73802,5.73181
1.541854,-0.75434,-0.31705,9.45584,,-0.75236,0.45878,-0.13993,-0.04986,-0.00388,0.10363,5057,-5092,0.84353,0.51413,-0.15534,-0.52011,0.85410,0.00253,0.13397,0.07866,0.98786,5.73802,5.73066
1.555636,-0.74477,-0.48215,9.42413,,-0.75796,0.45290,-0.13839,-0.09361,-0.10888,0.03363,5057,-5092,0.84749,0.50808,-0.15364,-0.51400,0.85779,0.00139,0.13250,0.07779,0.98813,5.73802,5.73800
1.569346,-0.73460,-0.46840,9.36910,,-0.75796,0.45290,-0.17423,0.22139,0.03112,0.08613,5057,-5092,0.84337,0.50425,-0.18566,-0.51297,0.85840,0.00121,0.15998,0.09422,0.98261,5.73802,5.73673
1.583183,-0.75494,-0.43669,9.36431,,-0.75740,0.45542,-0.14105,0.06389,0.03987,0.19113,5057,-5092,0.84603,0.50829,-0.16088,-0.51478,0.85732,0.00154,0.13871,0.08151,0.98697,5.73802,5.73656
1.597048,-0.67956,-0.45852,9.40379,,-0.75978,0.45346,-0.14007,0.15139,-0.01263,0.09488,5057,-5092,0.84794,0.50668,-0.15582,-0.51278,0.85852,0.00122,0.13439,0.07887,0.98778,5.73802,5.73929
1.617635,-0.89133,-0.48455,9.39063,,-0.76216,0.45150,-0.13909,0.08139,0.19737,0.02488,5057,-5092,0.84979,0.50415,-0.15391,-0.51013,0.86010,0.00074,0.13275,0.07789,0.98809,5.73802,5.74254
1.628212,-0.74925,-0.45374,9.38914,,-0.75460,0.45626,-0.13335,0.02014,0.09675,-0.05825,5057,-5092,0.84690,0.51044,-0.14901,-0.51597,0.85660,0.00179,0.12856,0.07537,0.98883,5.73802,5.73600
1.647962,-0.89731,-0.44656,9.41097,,-0.75614,0.45892,-0.13734,0.09014,0.01362,0.05113,5057,-5092,0.84527,0.51244,-0.15139,-0.51814,0.85530,0.00214,0.13058,0.07663,0.98847,5.73802,5.73327
1.667353,-0.73220,-0.43011,9.44028,,-0.75768,0.46158,-0.14133,0.06389,0.07487,0.21738,5057,-5092,0.84384,0.51370,-0.15510,-0.51966,0.85437,0.00241,0.13375,0.07856,0.98790,5.73802,5.73120
1.677910,-0.73400,-0.38345,9.40290,,-0.75376,0.45934,-0.14035,0.10327,-0.07825,0.01175,5057,-5092,0.84359,0.51400,-0.15543,-0.51999,0.85417,0.00244,0.13402,0.07877,0.98784,5.73802,5.73079
1.697341,-0.76271,-0.46301,9.37089,,-0.74984,0.45710,-0.14035,-0.12861,0.26737,0.08613,5057,-5092,0.84339,0.51410,-0.15619,-0.52015,0.85407,0.00246,0.13466,0.07917,0.98772,5.73802,5.73055
1.707951,-0.74417,-0.45494,9.41067,,-0.75936,0.46662,-0.14357,0.04639,0.06175,0.05988,5057,-5092,0.84169,0.51654,-0.15730,-0.52265,0.85254,0.00294,0.13562,0.07974,0.98755,5.73802,5.72750
1.727456,-0.73819,-0.45045,9.40379,,-0.75936,0.46662,-0.10773,0.00264,0.04862,0.08613,5057,-5092,0.84536,0.51937,-0.12498,-0.52315,0.85224,0.00299,0.10806,0.06285,0.99216,5.73802,5.72902
1.738011,-0.73938,-0.45643,9.43580,,-0.75628,0.45262,-0.13909,0.05077,-0.02575,-0.05387,5057,-5092,0.84743,0.50939,-0.14961,-0.51499,0.85719,0.00155,0.12903,0.07574,0.98874,5.73802,5.73712
1.757619,-0.74088,-0.47677,9.43729,,-0.76020,0.45962,-0.14609,0.12952,0.06175,0.00300,5057,-5092,0.84509,0.51046,-0.15892,-0.51676,0.85613,0.00192,0.13704,0.08050,0.98729,5.73802,5.73436
1.777049,-0.71785,-0.45464,9.42174,,-0.76020,0.45962,-0.14609,-0.00611,-0.06513,-0.01012,5057,-5092,0.84470,0.51062,-0.16043,-0.51705,0.85595,0.00197,0.13833,0.08129,0.98704,5.73802,5.73391
1.787587,-0.74776,-0.48275,9.39362,,-0.75320,0.46354,-0.13923,-0.05423,0.00487,0.06425,5057,-5092,0.84202,0.51668,-0.15504,-0.52261,0.85257,0.00298,0.13372,0.07851,0.98790,5.73802,5.72772
1.807131,-0.73280,-0.45763,9.42114,,-0.75236,0.45682,-0.14077,-0.07611,-0.12638,0.07738,5057,-5092,0.84388,0.51330,-0.15617,-0.51936,0.85455,0.00235,0.13466,0.07913,0.98773,5.73802,5.73149
1.817668,-0.74716,-0.47019,9.39362,,-0.75236,0.45682,-0.14077,0.17764,0.01800,-0.07575,5057,-5092,0.84421,0.51272,-0.15633,-0.51879,0.85490,0.00228,0.13482,0.07918,0.98770,5.73802,5.73215
1.837193,-0.91226,-0.58564,9.38465,,-0.75404,0.45150,-0.14581,0.11639,-0.13513,0.06863,5057,-5092,0.84622,0.50791,-0.16104,-0.51443,0.85753,0.00146,0.13883,0.08161,0.98695,5.73802,5.73697
1.847770,-0.73101,-0.46092,9.42054,,-0.75404,0.45150,-0.14420,0.00702,0.17112,-0.02762,5057,-5092,0.84675,0.50721,-0.16051,-0.51368,0.85798,0.00135,0.13840,0.08131,0.98703,5.73802,5.73789
1.867329,-0.74507,-0.53210,9.33889,,-0.75572,0.45038,-0.14259,0.21264,0.06175,0.07738,5057,-5092,0.84792,0.50580,-0.15875,-0.51214,0.85890,0.00115,0.13693,0.08033,0.98732,5.73802,5.73984
1.886747,-0.73460,-0.42353,9.45045,,-0.75992,0.46522,-0.14063,0.02014,0.09237,0.10363,5057,-5092,0.84352,0.51420,-0.15512,-0.52015,0.85407,0.00261,0.13383,0.07848,0.98789,5.73802,5.73062
1.897246,-0.76241,-0.39212,9.39213,,-0.75992,0.46522,-0.14063,0.02889,0.07925,0.09925,5057,-5092,0.84277,0.51561,-0.15453,-0.52150,0.85324,0.00282,0.13331,0.07821,0.98798,5.73802,5.72906
1.916819,-0.75793,-0.44686,9.39721,,-0.76300,0.45934,-0.14875,0.03764,-0.13513,-0.04512,5057,-5092,0.84484,0.50997,-0.16175,-0.51652,0.85627,0.00184,0.13944,0.08199,0.98683,5.73802,5.73444
1.927331,-0.74507,-0.44895,9.40439,,-0.75432,0.45962,-0.14497,-0.25111,0.06612,-0.01012,5057,-5092,0.84323,0.51298,-0.16067,-0.51940,0.85453,0.00233,0.13849,0.08149,0.98700,5.73802,5.73111
1.946817,-0.73400,-0.47079,9.38824,,-0.74564,0.45990,-0.14119,0.01139,-0.04763,-0.08887,5057,-5092,0.84097,0.51748,-0.15807,-0.52364,0.85193,0.00313,0.13628,0.08014,0.98742,5.73802,5.72626
1.957407,-0.68764,-0.53629,9.45165,,-0.74900,0.45892,-0.14224,0.09889,0.20612,0.04238,5057,-5092,0.84175,0.51614,-0.15831,-0.52232,0.85274,0.00297,0.13653,0.08019,0.98738,5.73802,5.72781
1.976876,-0.89192,-0.48574,9.39901,,-0.75236,0.45794,-0.14329,0.08139,0.06612,0.00738,5057,-5092,0.84308,0.51379,-0.15885,-0.52005,0.85413,0.00251,0.13697,0.08049,0.98730,5.73802,5.73047
1.987423,-0.74417,-0.47438,9.39632,,-0.74760,0.45514,-0.14581,-0.11111,0.21487,0.08613,5057,-5092,0.84280,0.51321,-0.16220,-0.51975,0.85431,0.00246,0.13983,0.08223,0.98676,5.73802,5.73057
2.007316,-0.82223,-0.45374,9.33919,,-0.74900,0.45598,-0.14147,0.11639,-0.16575,0.05988,5057,-5092,0.84337,0.51347,-0.15837,-0.51970,0.85434,0.00241,0.13654,0.08027,0.98738,5.73802,5.73092
2.026811,-0.75613,-0.45404,9.46541,,-0.75040,0.45682,-0.13713,0.27389,-0.18763,0.06863,5057,-5092,0.84403,0.51384,-0.15358,-0.51969,0.85435,0.00241,0.13245,0.07778,0.98813,5.73802,5.73128
2.037325,-0.82971,-0.45553,9.41785,,-0.77168,0.44954,-0.15071,0.06389,-0.03013,0.06425,5057,-5092,0.85090,0.49941,-0.16296,-0.50621,0.86241,-0.00022,0.14043,0.08268,0.98663,5.73802,5.74651
2.056814,-0.72503,-0.47438,9.41277,,-0.75712,0.44954,-0.15071,-0.14611,0.14487,0.18238,5057,-5092,0.84826,0.50273,-0.16648,-0.50977,0.86031,0.00049,0.14347,0.08445,0.98604,5.73802,5.74206
2.067529,-0.72951,-0.44207,9.35414,,-0.75264,0.45766,-0.15351,-0.02361,0.14487,0.04238,5057,-5092,0.84302,0.51046,-0.16955,-0.51765,0.85559,0.00209,0.14613,0.08600,0.98552,5.73802,5.73251
2.087268,-0.75434,-0.46600,9.39123,,-0.75264,0.45766,-0.13223,0.10764,-0.09138,0.03363,5057,-5092,0.84485,0.51337,-0.15061,-0.51899,0.85478,0.00233,0.12993,0.07619,0.98859,5.73802,5.73232
2.097886,-0.75852,-0.46092,9.38854,,-0.75740,0.45766,-0.13223,0.04202,-0.04325,0.04675,5057,-5092,0.84637,0.51191,-0.14698,-0.51728,0.85582,0.00202,0.12682,0.07432,0.98914,5.73802,5.73459
2.117411,-0.75015,-0.48215,9.42054,,-0.75796,0.46886,-0.13965,-0.14611,0.03112,0.17363,5057,-5092,0.84138,0.51855,-0.15228,-0.52424,0.85157,0.00326,0.13137,0.07709,0.98833,5.73802,5.72597
2.127925,-0.74447,-0.52493,9.40678,,-0.75796,0.46886,-0.15757,0.09014,-0.01263,0.05550,5057,-5092,0.83832,0.51827,-0.16918,-0.52533,0.85089,0.00351,0.14577,0.08593,0.98558,5.73802,5.72340
2.147968,-0.69721,-0.38554,9.47109,,-0.75544,0.45878,-0.15211,0.10327,-0.04325,0.14738,5057,-5092,0.84184,0.51284,-0.16822,-0.51990,0.85422,0.00239,0.14493,0.08544,0.98575,5.73802,5.72994
2.167330,-0.90987,-0.45165,9.36431,,-0.76104,0.46298,-0.14175,0.09889,0.11862,0.02488,5057,-5092,0.84360,0.51333,-0.15760,-0.51951,0.85446,0.00228,0.13583,0.07995,0.98750,5.73802,5.73121
2.177857,-0.75464,-0.45254,9.42712,,-0.76104,0.46298,-0.14175,0.09014,-0.03013,0.07300,5057,-5092,0.84386,0.51341,-0.15592,-0.51946,0.85449,0.00227,0.13440,0.07908,0.98777,5.73802,5.73139
2.197374,-0.74656,-0.47258,9.37927,,-0.75712,0.45402,-0.14161,0.35264,-0.03888,0.19988,5057,-5092,0.84646,0.50888,-0.15666,-0.51504,0.85717,0.00148,0.13504,0.07943,0.98765,5.73802,5.73657
2.207922,-0.73340,-0.53210,9.33111,,-0.75446,0.46032,-0.14595,-0.07611,0.00050,0.09050,5057,-5092,0.84312,0.51318,-0.16061,-0.51960,0.85441,0.00236,0.13844,0.08146,0.98702,5.73802,5.73088
2.227433,-0.73460,-0.47019,9.39422,,-0.75180,0.46662,-0.15029,-0.04111,-0.13513,0.12988,5057,-5092,0.83875,0.51892,-0.16500,-0.52562,0.85071,0.00352,0.14220,0.08378,0.98629,5.73802,5.72338
2.238009,-0.74716,-0.46032,9.44238,,-0.75320,0.46452,-0.14714,-0.01048,0.03550,0.17800,5057,-5092,0.83963,0.51816,-0.16288,-0.52471,0.85128,0.00332,0.14037,0.08268,0.98664,5.73802,5.72464
2.257463,-0.82612,-0.46840,9.37867,,-0.75460,0.46242,-0.14945,-0.00611,0.02675,0.09050,5057,-5092,0.84073,0.51584,-0.16457,-0.52256,0.85260,0.00286,0.14179,0.08359,0.98636,5.73802,5.72707
2.276898,-0.71545,-0.45344,9.43490,,-0.75068,0.46298,-0.15491,0.09889,-0.17013,0.11238,5057,-5092,0.83890,0.51696,-0.17026,-0.52415,0.85162,0.00317,0.14664,0.08658,0.98539,5.73802,5.72472
2.287416,-0.74566,-0.46181,9.41516,,-0.75348,0.46228,-0.14903,-0.06736,-0.06513,0.05113,5057,-5092,0.84043,0.51601,-0.16556,-0.52282,0.85244,0.00286,0.14261,0.08415,0.98620,5.73802,5.72668
2.307029,-0.75494,-0.46959,9.42832,,-0.75628,0.46158,-0.14315,0.23889,0.04862,0.12988,5057,-5092,0.84245,0.51473,-0.15917,-0.52102,0.85354,0.00255,0.13717,0.08078,0.98725,5.73802,5.72930
2.320659,-0.76211,-0.46181,9.44866,,-0.75516,0.45850,-0.14189,0.18639,0.05737,0.26988,5057,-5092,0.84386,0.51297,-0.15737,-0.51914,0.85469,0.00221,0.13564,0.07983,0.98754,5.73802,5.73166
2.334438,-0.72084,-0.44566,9.38226,,-0.75516,0.45850,-0.14189,-0.13736,0.21487,0.28738,5057,-5092,0.84408,0.51267,-0.15716,-0.51883,0.85488,0.00213,0.13545,0.07974,0.98757,5.73802,5.73205
2.348311,-0.73071,-0.40379,9.42114,,-0.75852,0.45402,-0.13993,-0.00173,0.20175,0.09925,5057,-5092,0.84706,0.50831,-0.15529,-0.51437,0.85757,0.00132,0.13384,0.07876,0.98787,5.73802,5.73746
2.371556,-0.73579,-0.46720,9.41636,,-0.75712,0.45626,-0.14329,0.06389,0.05737,0.04238,5057,-5092,0.84590,0.50941,-0.15796,-0.51567,0.85678,0.00159,0.13615,0.08012,0.98744,5.73802,5.73573
2.385106,-0.76750,-0.44387,9.41636,,-0.75712,0.45626,-0.14329,-0.15486,0.24112,0.00738,5057,-5092,0.84571,0.50959,-0.15844,-0.51588,0.85666,0.00161,0.13655,0.08038,0.98737,5.73802,5.73544
2.398750,-0.74297,-0.46062,9.42533,,-0.75768,0.45654,-0.14133,0.27389,-0.00388,-0.03637,5057,-5092,0.84596,0.50973,-0.15657,-0.51587,0.85666,0.00165,0.13497,0.07937,0.98767,5.73802,5.73559
2.412531,-0.75852,-0.47976,9.40918,,-0.75768,0.45654,-0.14133,0.18639,0.07487,0.33113,5057,-5092,0.84596,0.50983,-0.15628,-0.51594,0.85662,0.00169,0.13473,0.07920,0.98771,5.73802,5.73552
2.426453,-0.74417,-0.47737,9.37269,,-0.75628,0.45962,-0.14567,-0.04986,-0.07388,0.09488,5057,-5092,0.84385,0.51214,-0.16011,-0.51853,0.85506,0.00217,0.13801,0.08119,0.98710,5.73802,5.73218
2.440234,-0.82074,-0.45075,9.40020,,-0.75488,0.46256,-0.14539,0.04639,0.10112,0.12550,5057,-5092,0.84195,0.51516,-0.16043,-0.52153,0.85323,0.00273,0.13829,0.08137,0.98704,5.73802,5.72860
2.464695,-0.75553,-0.47617,9.38824,,-0.75348,0.46550,-0.14511,0.44889,0.18862,0.05988,5057,-5092,0.84012,0.51822,-0.16016,-0.52453,0.85139,0.00339,0.13811,0.08117,0.98708,5.73802,5.72505
2.478206,-0.73280,-0.45224,9.40140,,-0.75796,0.45990,-0.14035,-0.14611,-0.07388,-0.03637,5057,-5092,0.84389,0.51343,-0.15571,-0.51944,0.85450,0.00239,0.13429,0.07886,0.98780,5.73802,5.73142
2.491859,-0.73699,-0.45165,9.36491,,-0.75796,0.45990,-0.13825,0.02014,-0.02138,-0.20262,5057,-5092,0.84478,0.51275,-0.15307,-0.51857,0.85503,0.00223,0.13203,0.07749,0.98821,5.73802,5.73264
2.505478,-0.73759,-0.44327,9.35953,,-0.75908,0.45598,-0.13825,-0.07611,-0.21388,0.19113,5057,-5092,0.84676,0.50957,-0.15278,-0.51541,0.85694,0.00161,0.13174,0.07738,0.98826,5.73802,5.73640
2.519173,-0.74297,-0.44566,9.46840,,-0.75712,0.47712,-0.15253,0.06827,-0.01700,0.10800,5057,-5092,0.83632,0.52307,-0.16422,-0.52964,0.84821,0.00439,0.14158,0.08331,0.98641,5.73802,5.71864
2.542926,-0.88774,-0.30927,9.24108,,-0.75516,0.46242,-0.15253,0.00264,-0.02138,0.09488,5057,-5092,0.83994,0.51618,-0.16749,-0.52315,0.85224,0.00294,0.14426,0.08515,0.98587,5.73802,5.72614
2.556374,-0.90688,-0.46540,9.39781,,-0.75348,0.45430,-0.15057,0.15139,-0.01263,0.19988,5057,-5092,0.84360,0.51032,-0.16706,-0.51734,0.85578,0.00175,0.14386,0.08495,0.98594,5.73802,5.73308
2.570142,-0.88056,-0.41635,9.36670,,-0.75628,0.46074,-0.13937,0.20389,-0.06513,0.21738,5057,-5092,0.84379,0.51351,-0.15599,-0.51959,0.85441,0.00212,0.13437,0.07926,0.98776,5.73802,5.73124
2.584077,-0.73041,-0.46540,9.41636,,-0.75628,0.46074,-0.13937,0.05514,-0.01263,0.22613,5057,-5092,0.84379,0.51402,-0.15428,-0.51996,0.85419,0.00218,0.13290,0.07838,0.98803,5.73802,5.73092
2.598111,-0.75135,-0.51924,9.41426,,-0.76216,0.45626,-0.14301,0.09014,0.07487,0.16488,5057,-5092,0.84669,0.50843,-0.15690,-0.51464,0.85741,0.00124,0.13516,0.07969,0.98761,5.73802,5.73703
2.622162,-0.74417,-0.46181,9.45703,,-0.75348,0.46158,-0.15323,0.07264,-0.13513,0.08613,5057,-5092,0.84146,0.51379,-0.16723,-0.52077,0.85369,0.00245,0.14403,0.08503,0.98591,5.73802,5.72899
2.635601,-0.74836,-0.43071,9.40140,,-0.75348,0.46158,-0.15323,0.02889,-0.03013,0.07738,5057,-5092,0.84058,0.51467,-0.16893,-0.52179,0.85307,0.00263,0.14546,0.08593,0.98562,5.73802,5.72765
2.649354,-0.73161,-0.49292,9.44148,,-0.75236,0.45486,-0.14861,0.07264,-0.03013,0.12988,5057,-5092,0.84344,0.51104,-0.16570,-0.51793,0.85542,0.00188,0.14270,0.08423,0.98617,5.73802,5.73248
2.662908,-0.74297,-0.45344,9.36252,,-0.75236,0.45486,-0.14861,0.04639,-0.09138,-0.00137,5057,-5092,0.84393,0.51040,-0.16517,-0.51726,0.85583,0.00174,0.14224,0.08397,0.98626,5.73802,5.73332
2.676726,-0.77647,-0.46002,9.38286,,-0.77028,0.45990,-0.14553,-0.04111,0.16237,0.11238,5057,-5092,0.84710,0.50688,-0.15966,-0.51333,0.85819,0.00099,0.13752,0.08112,0.98717,5.73802,5.73837
2.690462,-0.74865,-0.46271,9.42772,,-0.76244,0.46130,-0.14511,0.09014,0.07925,0.00300,5057,-5092,0.84508,0.51037,-0.15927,-0.51673,0.85614,0.00168,0.13721,0.08088,0.98723,5.73802,5.73438
2.714532,-0.73699,-0.60957,9.43251,,-0.75460,0.46270,-0.14469,-0.30361,0.21487,0.17363,5057,-5092,0.84212,0.51510,-0.15972,-0.52144,0.85329,0.00260,0.13763,0.08109,0.98716,5.73802,5.72877
2.728013,-0.61496,-0.46600,9.39123,,-0.75068,0.45374,-0.14245,0.12514,0.09237,0.07738,5057,-5092,0.84447,0.51147,-0.15897,-0.51778,0.85551,0.00198,0.13701,0.08065,0.98728,5.73802,5.73315
2.741939,-0.89731,-0.49412,9.37448,,-0.75068,0.45374,-0.14245,0.04639,0.33737,-0.01012,5057,-5092,0.84488,0.51085,-0.15877,-0.51716,0.85589,0.00187,0.13684,0.08053,0.98731,5.73802,5.73391
2.755989,-0.74836,-0.46181,9.42413,,-0.75572,0.45430,-0.13685,0.21264,0.17987,0.03363,5057,-5092,0.84674,0.50953,-0.15299,-0.51539,0.85696,0.00160,0.13192,0.07750,0.98823,5.73802,5.73641
2.769839,-0.74387,-0.45045,9.38555,,-0.75096,0.45570,-0.13790,0.05077,0.14050,-0.03200,5057,-5092,0.84510,0.51210,-0.15352,-0.51796,0.85540,0.00210,0.13240,0.07774,0.98814,5.73802,5.73333
2.793564,-0.90688,-0.59701,9.39063,,-0.74620,0.45710,-0.13895,0.08139,-0.03888,0.17363,5057,-5092,0.84283,0.51541,-0.15489,-0.52134,0.85335,0.00274,0.13358,0.07844,0.98793,5.73802,5.72924
2.807094,-0.72981,-0.47498,9.40140,,-0.75376,0.45710,-0.14623,0.18639,-0.07388,0.05988,5057,-5092,0.84359,0.51231,-0.16089,-0.51876,0.85492,0.00226,0.13871,0.08156,0.98697,5.73802,5.73185
2.820774,-0.75852,-0.48455,9.33799,,-0.75376,0.45710,-0.14623,-0.20736,0.01362,0.14738,5057,-5092,0.84371,0.51180,-0.16190,-0.51834,0.85517,0.00214,0.13955,0.08211,0.98681,5.73802,5.73227
2.834555,-0.73998,-0.45882,9.35594,,-0.75404,0.45850,-0.14721,0.06389,-0.01263,-0.06262,5057,-5092,0.84314,0.51246,-0.16279,-0.51906,0.85473,0.00229,0.14031,0.08257,0.98666,5.73802,5.73136
2.848479,-0.74536,-0.44387,9.38824,,-0.75404,0.45850,-0.14721,0.08139,-0.04763,0.08613,5057,-5092,0.84303,0.51260,-0.16293,-0.51921,0.85464,0.00231,0.14043,0.08265,0.98664,5.73802,5.73117
2.862195,-0.73190,-0.48335,9.39572,,-0.75572,0.45878,-0.14455,0.02889,-0.03013,0.11238,5057,-5092,0.84368,0.51236,-0.16030,-0.51877,0.85491,0.00222,0.13818,0.08128,0.98707,5.73802,5.73189
2.886265,-0.74776,-0.47856,9.39243,,-0.75348,0.46158,-0.14567,0.20389,-0.03888,0.13863,5057,-5092,0.84192,0.51505,-0.16094,-0.52147,0.85327,0.00276,0.13875,0.08160,0.98696,5.73802,5.72864
2.899677,-0.74895,-0.48933,9.38824,,-0.75348,0.46158,-0.14567,-0.04111,-0.01263,-0.08012,5057,-5092,0.84165,0.51545,-0.16107,-0.52187,0.85302,0.00283,0.13886,0.08167,0.98694,5.73802,5.72815
2.913330,-0.74118,-0.47737,9.39901,,-0.75208,0.46550,-0.14847,-0.03236,-0.12638,0.19988,5057,-5092,0.83925,0.51859,-0.16348,-0.52517,0.85099,0.00345,0.14091,0.08296,0.98654,5.73802,5.72404
2.927106,-0.76092,-0.60479,9.44985,,-0.75208,0.46550,-0.13615,0.11639,0.04862,0.09488,5057,-5092,0.84039,0.52004,-0.15267,-0.52573,0.85064,0.00361,0.13175,0.07723,0.98827,5.73802,5.72417
2.941034,-0.73938,-0.46510,9.39213,,-0.75152,0.45822,-0.13615,-0.05861,-0.02575,0.05113,5057,-5092,0.84337,0.51551,-0.15158,-0.52118,0.85345,0.00275,0.13078,0.07668,0.98844,5.73802,5.72966
2.965279,-0.74058,-0.48215,9.39781,,-0.75180,0.45934,-0.14035,0.03764,0.13612,-0.00137,5057,-5092,0.84298,0.51509,-0.15513,-0.52103,0.85353,0.00275,0.13382,0.07851,0.98789,5.73802,5.72958
2.978678,-0.75194,-0.31705,9.42054,,-0.75180,0.45934,-0.14819,0.02889,0.02237,0.07738,5057,-5092,0.84193,0.51443,-0.16286,-0.52101,0.85354,0.00267,0.14038,0.08260,0.98665,5.73802,5.72903
2.992409,-0.74656,-0.43430,9.39661,,-0.75852,0.45626,-0.14819,-0.15486,0.09237,-0.02762,5057,-5092,0.84481,0.50948,-0.16347,-0.51619,0.85647,0.00169,0.14087,0.08295,0.98655,5.73802,5.73471
3.006102,-0.75733,-0.46062,9.44268,,-0.75404,0.45626,-0.14413,0.17764,0.16237,0.02488,5057,-5092,0.84460,0.51079,-0.16044,-0.51722,0.85585,0.00193,0.13830,0.08135,0.98704,5.73802,5.73371
3.020021,-0.73161,-0.30867,9.45464,,-0.75404,0.45626,-0.14413,-0.04986,0.10987,-0.02762,5057,-5092,0.84457,0.51098,-0.16002,-0.51739,0.85575,0.00189,0.13790,0.08119,0.98711,5.73802,5.73355
3.033725,-0.81984,-0.53629,9.42473,,-0.75376,0.45934,-0.13783,0.11202,0.00925,0.06863,5057,-5092,0.84402,0.51377,-0.15387,-0.51964,0.85438,0.00234,0.13267,0.07798,0.98809,5.73802,5.73132
3.057925,-0.88295,-0.30927,9.42413,,-0.75460,0.45654,-0.14161,0.09014,0.09237,0.06863,5057,-5092,0.84482,0.51166,-0.15648,-0.51779,0.85551,0.00190,0.13484,0.07942,0.98768,5.73802,5.73334
3.071280,-0.71725,-0.50189,9.37328,,-0.75460,0.45654,-0.14161,-0.13736,0.15362,-0.03637,5057,-5092,0.84496,0.51128,-0.15696,-0.51745,0.85571,0.00185,0.13526,0.07965,0.98760,5.73802,5.73370
3.084898,-0.74118,-0.47378,9.45165,,-0.75180,0.46270,-0.14637,0.09889,0.08362,0.21738,5057,-5092,0.84112,0.51627,-0.16120,-0.52271,0.85251,0.00288,0.13891,0.08184,0.98692,5.73802,5.72714
3.098612,-0.89492,-0.44806,9.43430,,-0.75180,0.46270,-0.14637,0.27389,0.04862,-0.02762,5057,-5092,0.84051,0.51707,-0.16180,-0.52354,0.85199,0.00303,0.13942,0.08216,0.98682,5.73802,5.72611
3.112341,-0.82014,-0.46481,9.41636,,-0.75684,0.46270,-0.14077,0.06827,-0.01263,0.16050,5057,-5092,0.84244,0.51564,-0.15623,-0.52169,0.85313,0.00266,0.13465,0.07926,0.98772,5.73802,5.72872
3.136387,-0.74716,-0.47378,9.38884,,-0.75964,0.45598,-0.14133,-0.04986,-0.05638,0.08613,5057,-5092,0.84615,0.50959,-0.15603,-0.51570,0.85677,0.00153,0.13446,0.07917,0.98775,5.73802,5.73584
3.149893,-0.75852,-0.45583,9.38166,,-0.75964,0.45598,-0.14133,-0.14611,-0.08263,0.26113,5057,-5092,0.84675,0.50861,-0.15600,-0.51474,0.85735,0.00130,0.13440,0.07920,0.98776,5.73802,5.73698
3.163588,-0.78245,-0.44327,9.41097,,-0.75572,0.46326,-0.14217,0.16889,0.03112,0.00738,5057,-5092,0.84281,0.51491,-0.15667,-0.52101,0.85355,0.00248,0.13500,0.07954,0.98765,5.73802,5.72950
3.177449,-0.72981,-0.60718,9.40319,,-0.75572,0.46326,-0.14217,-0.08486,0.14487,-0.08887,5057,-5092,0.84216,0.51593,-0.15681,-0.52202,0.85293,0.00273,0.13516,0.07956,0.98763,5.73802,5.72829
3.191136,-0.73759,-0.38674,9.37657,,-0.75656,0.45822,-0.14679,-0.13298,0.15800,0.07738,5057,-5092,0.84369,0.51200,-0.16139,-0.51852,0.85506,0.00201,0.13902,0.08199,0.98689,5.73802,5.73211
3.214981,-0.76451,-0.46720,9.35713,,-0.74424,0.46158,-0.14567,0.02014,0.13612,0.04238,5057,-5092,0.83939,0.51872,-0.16234,-0.52523,0.85095,0.00331,0.13987,0.08249,0.98673,5.73802,5.72406
3.228511,-0.88774,-0.45823,9.46302,,-0.74424,0.46158,-0.14567,0.09014,0.17987,0.05988,5057,-5092,0.83867,0.51985,-0.16245,-0.52636,0.85026,0.00350,0.13995,0.08257,0.98671,5.73802,5.72271
3.242093,-0.73101,-0.45344,9.44746,,-0.76076,0.45486,-0.14959,-0.04986,-0.20513,0.05113,5057,-5092,0.84525,0.50845,-0.16443,-0.51528,0.85702,0.00129,0.14158,0.08364,0.98639,5.73802,5.73572
3.255803,-0.75793,-0.48096,9.41875,,-0.76076,0.45486,-0.14959,0.10764,-0.08263,0.07738,5057,-5092,0.84632,0.50655,-0.16473,-0.51344,0.85813,0.00094,0.14184,0.08378,0.98634,5.73802,5.73788
3.269540,-0.74118,-0.46690,9.42114,,-0.75348,0.46550,-0.13881,0.28702,-0.08700,-0.02762,5057,-5092,0.84166,0.51726,-0.15510,-0.52321,0.85220,0.00281,0.13363,0.07879,0.98789,5.73802,5.72700
3.293336,-0.74895,-0.43609,9.37628,,-0.75712,0.46746,-0.13699,0.14264,0.22362,0.31363,5057,-5092,0.84121,0.51907,-0.15141,-0.52472,0.85127,0.00309,0.13049,0.07685,0.98847,5.73802,5.72547
