0.000005,-0.91107,-0.69870,9.42353,,0.49602,-0.74242,0.07644,-0.18623,0.06232,0.02933,20118,-20314,-0.56481,0.82519,0.00658,-0.81962,-0.56003,-0.12076,-0.09597,-0.07360,0.99266,4.10901,4.10901
0.000005,-0.77248,-0.70130,9.43231,,0.49602,-0.74205,0.07093,-0.03457,0.01565,0.15475,20118,-20314,-0.57016,0.81852,0.07025,-0.81938,-0.56040,-0.12072,-0.05945,-0.12640,0.99020,4.10901,4.10445
0.021049,-0.83629,-0.70319,9.41606,,0.48902,-0.74242,0.07224,0.08502,0.11919,0.10370,20118,-20314,-0.57817,0.79257,0.19378,-0.81582,-0.56532,-0.12187,0.01295,-0.22855,0.97345,4.10901,4.09585
0.044834,-0.75613,-0.67597,9.35295,,0.49406,-0.73766,0.08190,0.20752,-0.05143,-0.02317,20118,-20314,-0.56252,0.71640,0.41273,-0.81378,-0.56793,-0.12332,0.14605,-0.40524,0.90247,4.10901,4.10757
0.058479,-0.75254,-0.74118,9.44567,,0.49406,-0.73766,0.08190,0.13752,0.06232,0.05558,20118,-20314,-0.46868,0.50364,0.72574,-0.81102,-0.57094,-0.12754,0.35012,-0.64836,0.67605,4.10901,4.18839
0.072309,-0.76331,-0.69571,9.43729,,0.49350,-0.73626,0.08918,0.00627,-0.13018,-0.05817,20118,-20314,-0.20356,0.05887,0.97729,-0.80961,-0.57141,-0.13421,0.55054,-0.81855,0.16398,4.10901,4.46607
0.086372,-0.76032,-0.69332,9.39422,,0.49350,-0.73626,0.08918,0.11127,0.14107,0.14308,20118,-20314,0.18838,-0.47977,0.85693,-0.81080,-0.56834,-0.13996,0.55418,-0.66844,-0.49606,4.10901,4.94067
0.100080,-0.78185,-0.70648,9.39961,,0.48090,-0.74438,0.07840,0.09377,0.00107,0.12558,20118,-20314,0.45198,-0.78116,0.43070,-0.81865,-0.55502,-0.14754,0.35430,-0.28591,-0.89036,4.10901,5.21685
0.113662,-0.76780,-0.69272,9.40529,,0.48580,-0.74242,0.08120,0.12002,-0.16081,0.13870,20118,-20314,0.53089,-0.83102,0.16602,-0.81971,-0.55327,-0.14819,0.21500,-0.05742,-0.97492,4.10901,5.28712
0.137766,-0.90568,-0.70588,9.43729,,0.49070,-0.74046,0.08400,0.09377,-0.01643,0.12558,20118,-20314,0.54678,-0.83037,0.10732,-0.81712,-0.55717,-0.14787,0.18258,-0.00684,-0.98317,4.10901,5.30211
0.151339,-0.90329,-0.72861,9.37508,,0.49378,-0.74270,0.08316,0.09377,0.21107,0.32683,20118,-20314,0.55047,-0.82933,0.09591,-0.81606,-0.55875,-0.14781,0.17618,0.00310,-0.98435,4.10901,5.30582
0.165013,-0.75912,-0.73759,9.39183,,0.49378,-0.74270,0.08316,0.19877,-0.05143,0.05558,20118,-20314,0.55101,-0.82918,0.09400,-0.81588,-0.55895,-0.14804,0.17530,0.00488,-0.98450,4.10901,5.30639
0.178862,-0.77527,-0.71007,9.45524,,0.49266,-0.74074,0.07770,0.18127,0.14107,0.21308,20118,-20314,0.55151,-0.82943,0.08878,-0.81612,-0.55853,-0.14831,0.17260,0.00934,-0.98495,4.10901,5.30667
0.192646,-0.74387,-0.69571,9.41905,,0.49378,-0.73850,0.07399,0.06752,0.08857,0.09058,20118,-20314,0.55344,-0.82859,0.08455,-0.81529,-0.55970,-0.14842,0.17031,0.01321,-0.98530,4.10901,5.30876
0.216568,-0.75613,-0.71067,9.43310,,0.49490,-0.73626,0.07028,0.15502,0.20232,0.03808,20118,-20314,0.55558,-0.82756,0.08045,-0.81430,-0.56112,-0.14851,0.16804,0.01699,-0.98563,4.10901,5.31112
0.230141,-0.76391,-0.69870,9.41875,,0.49490,-0.74074,0.06790,-0.07248,-0.06893,0.14308,20118,-20314,0.55414,-0.82883,0.07733,-0.81557,-0.55917,-0.14893,0.16668,0.01946,-0.98582,4.10901,5.30919
0.244050,-0.76391,-0.70409,9.35055,,0.49490,-0.74074,0.06790,-0.05498,-0.06893,0.07308,20118,-20314,0.55388,-0.82905,0.07679,-0.81575,-0.55882,-0.14920,0.16661,0.02000,-0.98582,4.10901,5.30887
0.257814,-0.75494,-0.68554,9.29971,,0.48958,-0.74634,0.07070,0.11127,0.03607,0.28308,20118,-20314,0.54793,-0.83277,0.07912,-0.81934,-0.55334,-0.14998,0.16868,0.01736,-0.98552,4.10901,5.30183
0.271855,-0.77348,-0.73579,9.34696,,0.48958,-0.74634,0.07070,0.00627,0.07982,0.09933,20118,-20314,0.54690,-0.83341,0.07956,-0.81992,-0.55239,-0.15029,0.16920,0.01696,-0.98544,4.10901,5.30063
0.285851,-0.68674,-0.70857,9.41157,,0.49490,-0.74550,0.07980,-0.00248,0.07107,0.09933,20118,-20314,0.55016,-0.83042,0.08787,-0.81682,-0.55703,-0.15006,0.17356,0.01079,-0.98476,4.10901,5.30513
0.309931,-0.73759,-0.73699,9.39901,,0.49770,-0.73822,0.08778,0.17252,0.14982,-0.00567,20118,-20314,0.55518,-0.82605,0.09701,-0.81242,-0.56357,-0.14954,0.17820,0.00421,-0.98399,4.10901,5.31186
0.323421,-0.77886,-0.68076,9.37747,,0.49770,-0.73822,0.08778,-0.13373,-0.13018,-0.09317,20118,-20314,0.55599,-0.82532,0.09861,-0.81164,-0.56466,-0.14965,0.17919,0.00317,-0.98381,4.10901,5.31299
0.337037,-0.88235,-0.68853,9.39422,,0.49098,-0.74102,0.08764,0.08502,0.25482,0.02933,20118,-20314,0.55062,-0.82889,0.09878,-0.81513,-0.55941,-0.15044,0.17995,0.00232,-0.98367,4.10901,5.30649
0.350742,-0.90269,-0.71067,9.37927,,0.49098,-0.73878,0.08120,0.13752,-0.05143,0.26558,20118,-20314,0.55104,-0.82928,0.09304,-0.81550,-0.55879,-0.15070,0.17697,0.00717,-0.98419,4.10901,5.30662
0.364723,-0.75972,-0.70528,9.44178,,0.48734,-0.73878,0.08120,0.13752,0.05357,0.12995,20118,-20314,0.54872,-0.83090,0.09224,-0.81706,-0.55636,-0.15124,0.17698,0.00762,-0.98418,4.10901,5.30378
0.388533,-0.76391,-0.69571,9.39961,,0.49630,-0.74634,0.08344,0.06752,0.07982,0.18683,20118,-20314,0.55083,-0.82939,0.09324,-0.81552,-0.55862,-0.15123,0.17752,0.00727,-0.98409,4.10901,5.30643
0.402140,-0.74297,-0.67837,9.39661,,0.49630,-0.74578,0.08610,-0.23873,-0.02518,0.17808,20118,-20314,0.55129,-0.82878,0.09595,-0.81486,-0.55955,-0.15138,0.17915,0.00527,-0.98381,4.10901,5.30720
0.415788,-0.89013,-0.71067,9.36611,,0.50050,-0.74578,0.08610,0.04127,0.28107,0.20433,20118,-20314,0.55407,-0.82690,0.09609,-0.81298,-0.56231,-0.15120,0.17906,0.00566,-0.98382,4.10901,5.31061
0.429478,-0.73759,-0.70229,9.39661,,0.49406,-0.74382,0.07056,-0.12498,-0.25268,0.20433,20118,-20314,0.55192,-0.82982,0.08238,-0.81596,-0.55779,-0.15195,0.17204,0.01665,-0.98495,4.10901,5.30710
0.443258,-0.76211,-0.68255,9.43969,,0.49406,-0.74382,0.07056,0.00627,0.23732,0.05558,20118,-20314,0.55154,-0.83031,0.07992,-0.81644,-0.55699,-0.15226,0.17093,0.01873,-0.98510,4.10901,5.30651
0.457360,-0.74507,-0.70977,9.39691,,0.48930,-0.74102,0.08050,-0.05061,0.03169,0.25245,20118,-20314,0.54922,-0.83091,0.08914,-0.81685,-0.55630,-0.15258,0.17637,0.01099,-0.98426,4.10901,5.30433
0.481279,-0.76391,-0.70648,9.40499,,0.49322,-0.73906,0.08120,0.03252,-0.00768,0.17808,20118,-20314,0.55212,-0.82875,0.09132,-0.81466,-0.55954,-0.15249,0.17747,0.00980,-0.98408,4.10901,5.30802
0.494728,-0.76810,-0.69870,9.40918,,0.49322,-0.73906,0.08120,0.26002,0.07107,0.16058,20118,-20314,0.55260,-0.82839,0.09164,-0.81425,-0.56006,-0.15271,0.17783,0.00977,-0.98401,4.10901,5.30865
0.508405,-0.74536,-0.69990,9.41755,,0.49574,-0.74298,0.07378,-0.00248,-0.13018,0.08183,20118,-20314,0.55296,-0.82891,0.08453,-0.81480,-0.55916,-0.15309,0.17417,0.01578,-0.98459,4.10901,5.30863
0.522388,-0.75374,-0.71127,9.38286,,0.49574,-0.74298,0.07378,0.08502,0.07982,0.12558,20118,-20314,0.55303,-0.82899,0.08327,-0.81485,-0.55901,-0.15337,0.17369,0.01697,-0.98465,4.10901,5.30867
0.536333,-0.84676,-0.70170,9.40529,,0.49714,-0.73822,0.08848,-0.03311,-0.07768,0.04683,20118,-20314,0.55529,-0.82599,0.09690,-0.81171,-0.56365,-0.15307,0.18105,0.00634,-0.98345,4.10901,5.31237
0.560553,-0.76391,-0.68973,9.40499,,0.49602,-0.74354,0.08008,-0.00248,0.12357,0.29183,20118,-20314,0.55311,-0.82811,0.09116,-0.81380,-0.56047,-0.15367,0.17835,0.01081,-0.98391,4.10901,5.30934
0.574066,-0.74237,-0.72503,9.45045,,0.49602,-0.74354,0.08008,-0.05498,-0.00768,0.05558,20118,-20314,0.55270,-0.82849,0.09021,-0.81413,-0.55989,-0.15400,0.17810,0.01167,-0.98394,4.10901,5.30880
0.587919,-0.91226,-0.69212,9.39602,,0.49070,-0.74326,0.07546,-0.20373,-0.06018,0.28308,20118,-20314,0.54957,-0.83101,0.08600,-0.81664,-0.55606,-0.15459,0.17629,0.01473,-0.98423,4.10901,5.30474
0.601644,-0.62931,-0.69033,9.40798,,0.49070,-0.74326,0.07546,-0.20373,0.06232,0.44058,20118,-20314,0.54906,-0.83141,0.08535,-0.81698,-0.55545,-0.15497,0.17626,0.01536,-0.98422,4.10901,5.30412
0.615475,-0.74477,-0.71545,9.48395,,0.49070,-0.74186,0.08428,0.07627,-0.02518,-0.02317,20118,-20314,0.54908,-0.83053,0.09343,-0.81597,-0.55690,-0.15511,0.18086,0.00893,-0.98347,4.10901,5.30471
0.629365,-0.82313,-0.69182,9.40738,,0.49560,-0.74284,0.07763,0.07627,0.07107,-0.02755,20118,-20314,0.55215,-0.82905,0.08833,-0.81453,-0.55900,-0.15512,0.17798,0.01370,-0.98394,4.10901,5.30811
0.653258,-0.75374,-0.70110,9.44387,,0.50050,-0.74382,0.07098,-0.01123,0.07107,0.05558,20118,-20314,0.55570,-0.82742,0.08110,-0.81299,-0.56122,-0.15518,0.17391,0.02030,-0.98455,4.10901,5.31197
0.666745,-0.76152,-0.68734,9.38345,,0.49294,-0.74074,0.07350,-0.00248,0.08857,0.30058,20118,-20314,0.55269,-0.82928,0.08268,-0.81474,-0.55852,-0.15571,0.17531,0.01870,-0.98434,4.10901,5.30844
0.680738,-0.75733,-0.69093,9.43071,,0.49294,-0.74074,0.07350,-0.04623,0.07107,0.10808,20118,-20314,0.55214,-0.82961,0.08296,-0.81502,-0.55803,-0.15604,0.17574,0.01854,-0.98426,4.10901,5.30783
0.694362,-0.77527,-0.68913,9.37089,,0.48538,-0.74522,0.07532,-0.11623,-0.13018,0.11683,20118,-20314,0.54513,-0.83406,0.08476,-0.81930,-0.55145,-0.15700,0.17768,0.01614,-0.98396,4.10901,5.29949
0.708259,-0.75733,-0.72443,9.40260,,0.48538,-0.74522,0.08134,-0.02873,0.03607,0.04683,20118,-20314,0.54367,-0.83439,0.09064,-0.81950,-0.55106,-0.15732,0.18121,0.01125,-0.98338,4.10901,5.29814
0.722072,-0.68973,-0.69841,9.40319,,0.48706,-0.74802,0.08134,0.12877,-0.08643,0.05995,20118,-20314,0.54334,-0.83452,0.09137,-0.81956,-0.55087,-0.15772,0.18195,0.01081,-0.98325,4.10901,5.29783
0.745974,-0.75613,-0.71306,9.39721,,0.49154,-0.74270,0.08960,0.30377,0.12357,-0.03192,20118,-20314,0.54804,-0.83054,0.09923,-0.81553,-0.55693,-0.15730,0.18590,0.00528,-0.98255,4.10901,5.30408
0.759628,-0.77228,-0.71486,9.36252,,0.49154,-0.74270,0.07756,0.05877,0.06232,0.21308,20118,-20314,0.54945,-0.83072,0.08951,-0.81574,-0.55653,-0.15761,0.18074,0.01359,-0.98344,4.10901,5.30515
0.773393,-0.62094,-0.70170,9.38824,,0.49434,-0.74382,0.07756,-0.13373,-0.03393,0.09058,20118,-20314,0.55100,-0.82989,0.08771,-0.81488,-0.55772,-0.15784,0.17991,0.01549,-0.98356,4.10901,5.30694
0.787113,-0.73998,-0.69571,9.39721,,0.49126,-0.75250,0.07630,0.01502,-0.02518,0.11683,20118,-20314,0.54566,-0.83361,0.08573,-0.81852,-0.55211,-0.15873,0.17966,0.01644,-0.98359,4.10901,5.30037
0.800891,-0.83988,-0.70708,9.42234,,0.49126,-0.75250,0.07693,-0.23436,-0.06018,0.04245,20118,-20314,0.54474,-0.83418,0.08602,-0.81904,-0.55125,-0.15906,0.18010,0.01619,-0.98351,4.10901,5.29931
0.824941,-0.76211,-0.69153,9.39003,,0.49098,-0.74578,0.07756,0.12877,0.26357,0.02058,20118,-20314,0.54720,-0.83247,0.08700,-0.81728,-0.55385,-0.15906,0.18060,0.01593,-0.98343,4.10901,5.30238
0.838365,-0.74178,-0.67896,9.43310,,0.48986,-0.74550,0.07210,-0.03748,-0.06018,-0.03192,20118,-20314,0.54722,-0.83294,0.08225,-0.81777,-0.55301,-0.15947,0.17831,0.02000,-0.98377,4.10901,5.30211
0.852085,-0.75314,-0.71785,9.37029,,0.48986,-0.74550,0.07210,0.01502,0.06232,-0.11067,20118,-20314,0.54721,-0.83302,0.08143,-0.81783,-0.55284,-0.15977,0.17811,0.02083,-0.98379,4.10901,5.30208
0.865687,-0.76869,-0.70469,9.42832,,0.49378,-0.74522,0.07196,0.03252,0.00107,0.17808,20118,-20314,0.54994,-0.83127,0.08101,-0.81605,-0.55545,-0.15982,0.17785,0.02179,-0.98382,4.10901,5.30539
0.879492,-0.76570,-0.71366,9.41636,,0.49266,-0.74214,0.07798,0.08502,-0.21331,0.15620,20118,-20314,0.55073,-0.83016,0.08677,-0.81478,-0.55725,-0.16002,0.18119,0.01742,-0.98329,4.10901,5.30678
0.903448,-0.75852,-0.67478,9.41935,,0.49154,-0.73906,0.08400,0.02377,0.00982,0.06433,20118,-20314,0.55113,-0.82916,0.09357,-0.81363,-0.55888,-0.16015,0.18508,0.01214,-0.98265,4.10901,5.30776
0.916997,-0.91765,-0.71426,9.42294,,0.49210,-0.74326,0.08638,0.12877,0.12357,-0.16317,20118,-20314,0.54961,-0.82983,0.09653,-0.81422,-0.55794,-0.16047,0.18702,0.00960,-0.98231,4.10901,5.30615
0.930799,-0.75912,-0.74716,9.42114,,0.49210,-0.74326,0.08638,0.15502,-0.08643,0.16933,20118,-20314,0.54940,-0.82989,0.09714,-0.81422,-0.55784,-0.16081,0.18764,0.00926,-0.98219,4.10901,5.30597
0.944516,-0.61854,-0.69511,9.36132,,0.49014,-0.73654,0.07616,0.05877,0.12357,0.05558,20118,-20314,0.55142,-0.82953,0.08835,-0.81391,-0.55820,-0.16114,0.18299,0.01694,-0.98297,4.10901,5.30785
0.958448,-0.76211,-0.72144,9.33620,,0.49014,-0.73654,0.07616,-0.03748,0.12357,0.08183,20118,-20314,0.55178,-0.82946,0.08681,-0.81381,-0.55826,-0.16141,0.18234,0.01841,-0.98306,4.10901,5.30821
0.972311,-0.85274,-0.69870,9.37717,,0.48986,-0.73626,0.07294,0.05439,0.05794,0.17808,20118,-20314,0.55197,-0.82967,0.08352,-0.81404,-0.55785,-0.16171,0.18075,0.02127,-0.98330,4.10901,5.30824
0.996361,-0.75254,-0.71545,9.40858,,0.49658,-0.74242,0.08540,-0.06373,-0.06893,0.09933,20118,-20314,0.55311,-0.82781,0.09385,-0.81197,-0.56086,-0.16169,0.18648,0.01323,-0.98237,4.10901,5.31038
1.009952,-0.90329,-0.69332,9.39243,,0.49658,-0.74242,0.08540,0.03252,-0.05143,-0.04942,20118,-20314,0.55326,-0.82751,0.09555,-0.81161,-0.56132,-0.16189,0.18760,0.01202,-0.98217,4.10901,5.31072
1.023475,-0.62871,-0.69332,9.38345,,0.49070,-0.74074,0.07014,-0.14248,0.05357,0.05558,20118,-20314,0.55090,-0.83051,0.08222,-0.81473,-0.55654,-0.16273,0.18091,0.02266,-0.98324,4.10901,5.30695
1.037457,-0.74836,-0.69392,9.38345,,0.49070,-0.74074,0.07014,0.08502,-0.14768,0.16933,20118,-20314,0.55053,-0.83098,0.07987,-0.81518,-0.55575,-0.16317,0.17998,0.02473,-0.98336,4.10901,5.30638
1.051442,-0.68734,-0.68345,9.42323,,0.49546,-0.74550,0.08078,-0.05061,-0.02081,0.18245,20118,-20314,0.55110,-0.82970,0.08882,-0.81366,-0.55793,-0.16331,0.18505,0.01774,-0.98257,4.10901,5.30773
1.075534,-0.74417,-0.72203,9.44268,,0.48930,-0.73738,0.07798,0.16377,0.07982,0.05558,20118,-20314,0.55072,-0.82998,0.08855,-0.81388,-0.55750,-0.16369,0.18522,0.01808,-0.98253,4.10901,5.30728
1.089069,-0.76570,-0.70708,9.38046,,0.48930,-0.73738,0.07798,-0.00248,-0.19143,0.08183,20118,-20314,0.55066,-0.83002,0.08855,-0.81385,-0.55744,-0.16405,0.18552,0.01827,-0.98247,4.10901,5.30725
1.102925,-0.75972,-0.69870,9.35713,,0.48958,-0.73178,0.07952,0.05002,0.13232,0.16058,20118,-20314,0.55320,-0.82814,0.09031,-0.81191,-0.56025,-0.16406,0.18646,0.01743,-0.98231,4.10901,5.31049
1.116688,-0.74836,-0.69212,9.46182,,0.48958,-0.73178,0.07952,0.03252,-0.01643,0.06433,20118,-20314,0.55360,-0.82784,0.09063,-0.81155,-0.56069,-0.16436,0.18688,0.01744,-0.98223,4.10901,5.31103
1.130549,-0.75314,-0.70289,9.43789,,0.49602,-0.73990,0.08092,-0.11623,0.09732,0.19558,20118,-20314,0.55432,-0.82730,0.09113,-0.81095,-0.56149,-0.16458,0.18733,0.01732,-0.98214,4.10901,5.31198
1.144389,-0.68465,-0.71097,9.40379,,0.49602,-0.73934,0.07182,0.02377,-0.04268,-0.07130,20118,-20314,0.55501,-0.82770,0.08285,-0.81145,-0.56063,-0.16504,0.18306,0.02437,-0.98280,4.10901,5.31228
1.168333,-0.76869,-0.69212,9.44806,,0.49602,-0.73878,0.07182,-0.17748,-0.03393,0.00308,20118,-20314,0.55541,-0.82758,0.08145,-0.81130,-0.56076,-0.16536,0.18252,0.02576,-0.98286,4.10901,5.31270
1.181898,-0.72861,-0.71665,9.38465,,0.49238,-0.73906,0.07084,0.10252,0.07982,0.18683,20118,-20314,0.55307,-0.82924,0.08040,-0.81290,-0.55826,-0.16595,0.18250,0.02642,-0.98285,4.10901,5.30982
1.195631,-0.90748,-0.70768,9.45105,,0.49238,-0.73458,0.08372,-0.13373,0.07982,0.11683,20118,-20314,0.55403,-0.82734,0.09247,-0.81073,-0.56144,-0.16583,0.18912,0.01691,-0.98181,4.10901,5.31187
1.209379,-0.62094,-0.71725,9.39542,,0.49518,-0.73458,0.08372,-0.14248,0.07982,0.08183,20118,-20314,0.55596,-0.82582,0.09452,-0.80913,-0.56371,-0.16595,0.19033,0.01578,-0.98159,4.10901,5.31441
1.223307,-0.75434,-0.69721,9.40290,,0.48594,-0.74018,0.07560,0.08939,-0.01206,0.06870,20118,-20314,0.54825,-0.83175,0.08727,-0.81501,-0.55477,-0.16726,0.18754,0.02058,-0.98204,4.10901,5.30455
1.247380,-0.74357,-0.70708,9.40020,,0.48594,-0.73934,0.06888,-0.01998,-0.23518,0.02933,20118,-20314,0.54759,-0.83292,0.07988,-0.81627,-0.55274,-0.16785,0.18396,0.02671,-0.98257,4.10901,5.30328
1.260915,-0.91884,-0.69990,9.37867,,0.50554,-0.73934,0.06888,-0.06373,0.08857,-0.01442,20118,-20314,0.56016,-0.82473,0.07773,-0.80823,-0.56469,-0.16700,0.18162,0.03072,-0.98289,4.10901,5.31845
1.274826,-0.76271,-0.67059,9.36192,,0.49098,-0.74158,0.08162,0.00627,-0.04268,0.11683,20118,-20314,0.55141,-0.82941,0.08964,-0.81244,-0.55829,-0.16806,0.18944,0.01984,-0.98169,4.10901,5.30868
1.288299,-0.75613,-0.68973,9.43610,,0.49098,-0.74158,0.08162,0.14627,0.09732,0.23058,20118,-20314,0.54994,-0.83016,0.09168,-0.81307,-0.55724,-0.16854,0.19100,0.01814,-0.98142,4.10901,5.30708
1.302316,-0.75912,-0.70828,9.37927,,0.48846,-0.73934,0.07630,-0.00248,-0.15643,0.00308,20118,-20314,0.54920,-0.83111,0.08743,-0.81401,-0.55569,-0.16908,0.18910,0.02169,-0.98172,4.10901,5.30592
1.316047,-0.77139,-0.70379,9.46660,,0.49098,-0.73780,0.07658,-0.09873,0.03607,0.12995,20118,-20314,0.55142,-0.82968,0.08694,-0.81256,-0.55778,-0.16919,0.18887,0.02265,-0.98174,4.10901,5.30862
1.340065,-0.75254,-0.69332,9.42652,,0.49350,-0.73626,0.07686,0.01502,-0.00768,0.03808,20118,-20314,0.55404,-0.82792,0.08708,-0.81076,-0.56036,-0.16929,0.18896,0.02319,-0.98171,4.10901,5.31186
1.353818,-0.74536,-0.72622,9.40918,,0.49490,-0.74186,0.07672,0.22502,0.02732,0.08183,20118,-20314,0.55300,-0.82868,0.08653,-0.81144,-0.55922,-0.16979,0.18909,0.02368,-0.98167,4.10901,5.31059
1.367516,-0.76690,-0.70588,9.38405,,0.49490,-0.74186,0.07672,-0.09873,0.03607,-0.05817,20118,-20314,0.55280,-0.82882,0.08646,-0.81152,-0.55901,-0.17015,0.18935,0.02389,-0.98162,4.10901,5.31038
1.381436,-0.77408,-0.65803,9.45703,,0.49434,-0.74718,0.07210,-0.02873,0.13232,0.14308,20118,-20314,0.55039,-0.83089,0.08182,-0.81360,-0.55576,-0.17082,0.18741,0.02745,-0.98190,4.10901,5.30716
1.395344,-0.82433,-0.69661,9.38824,,0.49406,-0.74508,0.06706,-0.01561,-0.07768,0.10370,20118,-20314,0.55091,-0.83105,0.07654,-0.81385,-0.55528,-0.17122,0.18480,0.03203,-0.98225,4.10901,5.30745
1.419660,-0.76152,-0.67537,9.36790,,0.49378,-0.74298,0.06202,0.12002,0.21982,0.16058,20118,-20314,0.55190,-0.83088,0.07104,-0.81381,-0.55523,-0.17158,0.18201,0.03688,-0.98260,4.10901,5.30831
1.433153,-0.91525,-0.68435,9.45584,,0.50106,-0.73906,0.07420,-0.07248,0.05357,0.11683,20118,-20314,0.55796,-0.82588,0.08131,-0.80850,-0.56307,-0.17111,0.18710,0.02973,-0.98189,4.10901,5.31645
1.446896,-0.76929,-0.71007,9.37867,,0.50106,-0.73906,0.07420,-0.03748,0.27232,0.07308,20118,-20314,0.55893,-0.82504,0.08311,-0.80757,-0.56435,-0.17129,0.18822,0.02862,-0.98171,4.10901,5.31780
1.460675,-0.62453,-0.73101,9.38345,,0.49574,-0.74774,0.06482,0.18127,0.00982,0.09058,20118,-20314,0.55234,-0.83028,0.07451,-0.81291,-0.55627,-0.17247,0.18465,0.03469,-0.98219,4.10901,5.30920
1.474459,-0.91585,-0.68734,9.37568,,0.49574,-0.74774,0.06482,-0.05498,0.04482,0.04683,20118,-20314,0.55126,-0.83114,0.07295,-0.81375,-0.55490,-0.17288,0.18416,0.03594,-0.98224,4.10901,5.30781
1.488371,-0.69990,-0.68584,9.37867,,0.50106,-0.74186,0.07350,-0.08561,0.00107,0.00745,20118,-20314,0.55664,-0.82680,0.08091,-0.80916,-0.56166,-0.17262,0.18817,0.03062,-0.98166,4.10901,5.31496
1.512686,-0.75254,-0.72802,9.40499,,0.49966,-0.74130,0.06650,0.13752,0.08857,0.19558,20118,-20314,0.55719,-0.82691,0.07586,-0.80936,-0.56124,-0.17304,0.18566,0.03502,-0.98199,4.10901,5.31531
1.526345,-0.75135,-0.72084,9.38764,,0.49966,-0.74130,0.06650,0.27752,0.07107,0.16933,20118,-20314,0.55728,-0.82694,0.07496,-0.80934,-0.56114,-0.17344,0.18549,0.03599,-0.98199,4.10901,5.31539
1.540151,-0.74357,-0.69392,9.36970,,0.49294,-0.74270,0.08008,0.14627,0.10607,0.20433,20118,-20314,0.55181,-0.82936,0.08756,-0.81126,-0.55815,-0.17415,0.19330,0.02506,-0.98082,4.10901,5.30969
1.554003,-0.76989,-0.71246,9.36790,,0.45710,-0.74774,0.07154,0.32127,0.21107,-0.00567,20118,-20314,0.52512,-0.84698,0.08293,-0.82857,-0.53107,-0.17729,0.19420,0.02438,-0.98066,4.10901,5.27727
1.567851,-0.61436,-0.70349,9.41576,,0.48398,-0.74774,0.07154,-0.07248,-0.04268,0.19558,20118,-20314,0.53880,-0.83851,0.08122,-0.82021,-0.54414,-0.17653,0.19222,0.02850,-0.98094,4.10901,5.29360
1.581916,-0.84197,-0.70020,9.40888,,0.49546,-0.73710,0.07378,-0.00686,0.04044,0.07308,20118,-20314,0.55302,-0.82902,0.08308,-0.81077,-0.55844,-0.17549,0.19188,0.02969,-0.98097,4.10901,5.31099
1.605801,-0.76271,-0.73400,9.45823,,0.49546,-0.74354,0.08442,-0.07248,0.17607,0.21308,20118,-20314,0.55215,-0.82856,0.09282,-0.81001,-0.55947,-0.17572,0.19753,0.02184,-0.98005,4.10901,5.31070
1.619362,-0.74836,-0.70110,9.41576,,0.49350,-0.74354,0.08442,0.13752,0.14982,0.25683,20118,-20314,0.55073,-0.82931,0.09455,-0.81062,-0.55842,-0.17624,0.19896,0.02041,-0.97980,4.10901,5.30915
1.633176,-0.77527,-0.69930,9.42712,,0.49238,-0.74494,0.07686,-0.00248,0.19357,0.13433,20118,-20314,0.54950,-0.83086,0.08784,-0.81223,-0.55588,-0.17687,0.19578,0.02584,-0.98031,4.10901,5.30720
1.646904,-0.76570,-0.65743,9.41576,,0.49238,-0.74494,0.07686,0.21627,-0.16518,0.03808,20118,-20314,0.54928,-0.83113,0.08667,-0.81243,-0.55542,-0.17738,0.19557,0.02702,-0.98032,4.10901,5.30689
1.660920,-0.77647,-0.70768,9.39901,,0.49602,-0.74522,0.08022,0.15502,-0.02518,0.08183,20118,-20314,0.55134,-0.82948,0.08941,-0.81066,-0.55796,-0.17753,0.19714,0.02540,-0.98005,4.10901,5.30964
1.674821,-0.75434,-0.71426,9.37508,,0.48384,-0.74606,0.08092,0.01939,0.13669,0.13433,20118,-20314,0.54339,-0.83453,0.09102,-0.81549,-0.55048,-0.17872,0.19926,0.02289,-0.97968,4.10901,5.30016
1.698930,-0.90987,-0.68016,9.40200,,0.47166,-0.74690,0.08162,-0.16873,0.00982,-0.11067,20118,-20314,0.53350,-0.84074,0.09244,-0.82147,-0.54107,-0.18010,0.20143,0.02015,-0.97930,4.10901,5.28837
1.712464,-0.76929,-0.71127,9.38644,,0.48174,-0.74382,0.07602,-0.15998,0.10607,-0.04942,20118,-20314,0.54013,-0.83704,0.08730,-0.81788,-0.54653,-0.17991,0.19830,0.02578,-0.97980,4.10901,5.29604
1.726232,-0.61436,-0.72323,9.39243,,0.48174,-0.74382,0.07602,0.20752,0.05357,0.14308,20118,-20314,0.54126,-0.83640,0.08641,-0.81718,-0.54745,-0.18032,0.19812,0.02699,-0.97981,4.10901,5.29740
1.740077,-0.75254,-0.72562,9.37269,,0.49350,-0.74242,0.06776,-0.35248,0.05357,0.18683,20118,-20314,0.55012,-0.83141,0.07824,-0.81246,-0.55453,-0.18004,0.19307,0.03547,-0.98054,4.10901,5.30759
1.754134,-0.76780,-0.71426,9.38884,,0.49532,-0.74074,0.07546,0.05002,-0.01643,0.01183,20118,-20314,0.55315,-0.82885,0.08390,-0.80967,-0.55858,-0.18006,0.19611,0.03167,-0.98007,4.10901,5.31173
1.778351,-0.77109,-0.70828,9.35414,,0.49714,-0.73906,0.08316,0.18127,-0.02518,0.11683,20118,-20314,0.55520,-0.82661,0.09201,-0.80716,-0.56218,-0.18009,0.20060,0.02572,-0.97934,4.10901,5.31491
1.791906,-0.75494,-0.69990,9.33261,,0.49714,-0.73738,0.07756,-0.01998,-0.21768,0.05558,20118,-20314,0.55650,-0.82613,0.08840,-0.80670,-0.56272,-0.18049,0.19885,0.02913,-0.97960,4.10901,5.31627
1.805632,-0.75434,-0.70588,9.39781,,0.49714,-0.73738,0.07756,0.14627,-0.13018,0.04683,20118,-20314,0.55672,-0.82606,0.08774,-0.80655,-0.56279,-0.18095,0.19885,0.02997,-0.97957,4.10901,5.31654
1.819593,-0.77767,-0.72144,9.39063,,0.50246,-0.74550,0.07448,0.01502,0.11482,0.12558,20118,-20314,0.55685,-0.82635,0.08402,-0.80688,-0.56217,-0.18140,0.19714,0.03322,-0.97981,4.10901,5.31646
1.833510,-0.62931,-0.68674,9.41277,,0.50246,-0.74550,0.07448,0.18127,0.11482,0.24808,20118,-20314,0.55689,-0.82639,0.08339,-0.80684,-0.56207,-0.18192,0.19720,0.03403,-0.97977,4.10901,5.31652
1.847276,-0.68704,-0.69003,9.41247,,0.49826,-0.74018,0.07434,-0.04623,0.12794,0.14308,20118,-20314,0.55649,-0.82663,0.08368,-0.80698,-0.56172,-0.18239,0.19777,0.03397,-0.97966,4.10901,5.31610
1.868018,-0.74776,-0.72024,9.41516,,0.49826,-0.73598,0.06874,-0.14248,0.21982,0.16933,20118,-20314,0.55845,-0.82579,0.07880,-0.80625,-0.56266,-0.18269,0.19520,0.03849,-0.98001,4.10901,5.31816
1.878654,-0.68166,-0.69482,9.35713,,0.49826,-0.73598,0.06874,-0.05061,-0.13893,-0.00567,20118,-20314,0.55874,-0.82567,0.07800,-0.80606,-0.56278,-0.18318,0.19514,0.03948,-0.97998,4.10901,5.31852
1.898283,-0.82522,-0.68794,9.37986,,0.49182,-0.74606,0.07896,0.01939,0.03607,0.21308,20118,-20314,0.54997,-0.83066,0.08686,-0.81054,-0.55592,-0.18432,0.20139,0.03096,-0.97902,4.10901,5.30855
1.917593,-0.77348,-0.70828,9.19861,,0.48930,-0.74270,0.06650,0.01502,-0.20893,0.26558,20118,-20314,0.54877,-0.83240,0.07724,-0.81250,-0.55282,-0.18506,0.19674,0.03880,-0.97969,4.10901,5.30642
1.928056,-0.75284,-0.72323,9.42294,,0.48930,-0.74270,0.06650,-0.06373,-0.02956,0.05120,20118,-20314,0.54855,-0.83270,0.07559,-0.81276,-0.55226,-0.18556,0.19626,0.04035,-0.97972,4.10901,5.30608
1.947798,-0.72742,-0.70229,9.43071,,0.49490,-0.73906,0.08554,-0.18623,0.05357,0.11683,20118,-20314,0.55289,-0.82806,0.09294,-0.80755,-0.55998,-0.18516,0.20537,0.02731,-0.97830,4.10901,5.31274
1.958342,-0.75882,-0.72383,9.42413,,0.49490,-0.73906,0.07833,-0.08123,0.22419,0.07308,20118,-20314,0.55393,-0.82777,0.08922,-0.80730,-0.56022,-0.18551,0.20355,0.03073,-0.97858,4.10901,5.31376
1.977949,-0.75374,-0.70110,9.40738,,0.49686,-0.73458,0.07112,-0.06373,0.10607,0.07308,20118,-20314,0.55760,-0.82604,0.08210,-0.80575,-0.56237,-0.18574,0.19960,0.03741,-0.97916,4.10901,5.31774
1.988539,-0.76899,-0.72263,9.47887,,0.49420,-0.73612,0.07035,0.16377,-0.04706,0.00745,20118,-20314,0.55586,-0.82741,0.08014,-0.80707,-0.56025,-0.18642,0.19915,0.03894,-0.97920,4.10901,5.31551
2.008174,-0.77049,-0.70947,9.32004,,0.49154,-0.73766,0.06958,-0.10748,0.17607,0.14308,20118,-20314,0.55324,-0.82926,0.07913,-0.80884,-0.55747,-0.18710,0.19927,0.03951,-0.97915,4.10901,5.31229
2.018984,-0.77767,-0.68644,9.41905,,0.49126,-0.74130,0.07168,0.08502,0.12794,-0.02317,20118,-20314,0.55094,-0.83064,0.08064,-0.81004,-0.55551,-0.18773,0.20073,0.03811,-0.97890,4.10901,5.30966
2.038635,-0.76211,-0.69960,9.45165,,0.49378,-0.73990,0.07560,-0.15561,-0.06018,0.16933,20118,-20314,0.55268,-0.82909,0.08462,-0.80828,-0.55799,-0.18794,0.20304,0.03547,-0.97853,4.10901,5.31214
2.058023,-0.77827,-0.66760,9.42234,,0.49658,-0.73486,0.07952,-0.09873,-0.24393,0.15183,20118,-20314,0.55673,-0.82590,0.08912,-0.80490,-0.56286,-0.18792,0.20537,0.03289,-0.97813,4.10901,5.31751
2.068643,-0.75942,-0.69781,9.40140,,0.49560,-0.73794,0.08169,-0.02436,-0.01643,0.12558,20118,-20314,0.55536,-0.82654,0.09173,-0.80535,-0.56204,-0.18849,0.20735,0.03080,-0.97778,4.10901,5.31609
2.088209,-0.76092,-0.70289,9.40619,,0.49462,-0.74102,0.08386,0.05002,-0.10393,0.10808,20118,-20314,0.55305,-0.82783,0.09401,-0.80644,-0.56024,-0.18918,0.20928,0.02881,-0.97743,4.10901,5.31352
2.098845,-0.75852,-0.71306,9.41845,,0.50274,-0.73990,0.08386,-0.29561,0.00544,0.13870,20118,-20314,0.55838,-0.82422,0.09417,-0.80282,-0.56547,-0.18902,0.20904,0.02994,-0.97745,4.10901,5.32010
2.118332,-0.74118,-0.68674,9.38345,,0.50274,-0.73990,0.08386,0.18127,-0.02518,0.00308,20118,-20314,0.55922,-0.82366,0.09409,-0.80216,-0.56627,-0.18943,0.20931,0.03046,-0.97738,4.10901,5.32120
2.129025,-0.74058,-0.69392,9.44567,,0.49490,-0.73262,0.07000,-0.01561,-0.00768,0.10370,20118,-20314,0.55813,-0.82568,0.08211,-0.80446,-0.56270,-0.19028,0.20331,0.04015,-0.97829,4.10901,5.31894
2.148667,-0.75374,-0.72084,9.41815,,0.49154,-0.73766,0.07518,0.06752,0.08857,0.13433,20118,-20314,0.55337,-0.82862,0.08467,-0.80714,-0.55856,-0.19118,0.20571,0.03745,-0.97790,4.10901,5.31338
2.159482,-0.68584,-0.71067,9.35833,,0.49154,-0.73766,0.07518,0.12877,0.11919,0.10808,20118,-20314,0.55257,-0.82911,0.08511,-0.80749,-0.55785,-0.19176,0.20647,0.03724,-0.97775,4.10901,5.31251
2.178992,-0.84706,-0.69182,9.37927,,0.49714,-0.72870,0.07448,-0.22561,0.05357,0.20870,20118,-20314,0.56002,-0.82412,0.08490,-0.80253,-0.56507,-0.19143,0.20573,0.03907,-0.97783,4.10901,5.32165
2.198382,-0.75613,-0.73340,9.40379,,0.49714,-0.73374,0.08526,-0.06373,-0.02518,0.19558,20118,-20314,0.55853,-0.82408,0.09456,-0.80205,-0.56561,-0.19184,0.21158,0.03131,-0.97686,4.10901,5.32068
2.209112,-0.75942,-0.67418,9.39422,,0.48734,-0.73374,0.08526,-0.07248,0.05357,0.05995,20118,-20314,0.55189,-0.82830,0.09668,-0.80600,-0.55956,-0.19303,0.21399,0.02861,-0.97642,4.10901,5.31279
2.228544,-0.76391,-0.69511,9.38286,,0.48958,-0.74102,0.08162,0.15502,0.11482,0.21308,20118,-20314,0.54931,-0.83043,0.09300,-0.80808,-0.55625,-0.19390,0.21275,0.03136,-0.97660,4.10901,5.30941
2.239154,-0.74178,-0.70499,9.38016,,0.48958,-0.74102,0.08162,-0.00248,0.04919,0.17808,20118,-20314,0.54890,-0.83076,0.09240,-0.80832,-0.55570,-0.19446,0.21290,0.03205,-0.97655,4.10901,5.30893
2.258731,-0.77468,-0.70409,9.43789,,0.49462,-0.74382,0.07966,0.06752,0.00982,0.10808,20118,-20314,0.55098,-0.82965,0.09005,-0.80720,-0.55721,-0.19480,0.21179,0.03465,-0.97670,4.10901,5.31133
2.269322,-0.74716,-0.71844,9.39003,,0.49476,-0.74060,0.07917,0.06314,-0.00768,0.13433,20118,-20314,0.55283,-0.82849,0.08941,-0.80597,-0.55886,-0.19514,0.21164,0.03581,-0.97669,4.10901,5.31360
2.288901,-0.76451,-0.69990,9.39961,,0.49490,-0.73738,0.07868,0.07627,0.12357,0.13433,20118,-20314,0.55462,-0.82733,0.08904,-0.80475,-0.56051,-0.19546,0.21162,0.03675,-0.97666,4.10901,5.31582
2.299451,-0.83599,-0.72084,9.39422,,0.49406,-0.73990,0.07630,-0.05061,0.04482,0.03370,20118,-20314,0.55339,-0.82840,0.08664,-0.80579,-0.55880,-0.19609,0.21085,0.03869,-0.97675,4.10901,5.31418
2.319465,-0.76570,-0.71426,9.38106,,0.49294,-0.74452,0.07938,0.23814,-0.17831,0.16058,20118,-20314,0.55038,-0.83018,0.08881,-0.80731,-0.55629,-0.19694,0.21290,0.03669,-0.97638,4.10901,5.31076
2.338842,-0.76331,-0.73161,9.39243,,0.49266,-0.74662,0.08484,0.09377,-0.09518,0.17808,20118,-20314,0.54853,-0.83082,0.09411,-0.80764,-0.55561,-0.19755,0.21641,0.03235,-0.97577,4.10901,5.30900
2.349385,-0.81864,-0.69541,9.41366,,0.49294,-0.74354,0.07798,0.16814,0.14544,0.04245,20118,-20314,0.55002,-0.83042,0.08882,-0.80732,-0.55590,-0.19800,0.21379,0.03720,-0.97617,4.10901,5.31045
2.368852,-0.76869,-0.69990,9.43550,,0.49322,-0.74046,0.07112,0.05877,-0.05143,0.13433,20118,-20314,0.55207,-0.82977,0.08182,-0.80686,-0.55640,-0.19849,0.21022,0.04356,-0.97668,4.10901,5.31245
2.379439,-0.74536,-0.71665,9.35683,,0.49378,-0.73766,0.08232,0.09814,0.12357,-0.00567,20118,-20314,0.55346,-0.82787,0.09113,-0.80453,-0.55972,-0.19863,0.21545,0.03662,-0.97583,4.10901,5.31497
2.398928,-0.75374,-0.70947,9.40678,,0.49378,-0.73766,0.08232,-0.00248,-0.09518,0.33558,20118,-20314,0.55373,-0.82751,0.09278,-0.80399,-0.56031,-0.19911,0.21675,0.03566,-0.97558,4.10901,5.31550
2.409580,-0.75194,-0.70798,9.37598,,0.49574,-0.73794,0.08036,-0.01561,0.14982,0.16933,20118,-20314,0.55501,-0.82684,0.09111,-0.80328,-0.56118,-0.19951,0.21609,0.03755,-0.97565,4.10901,5.31700
2.429022,-0.80638,-0.69631,9.39123,,0.49364,-0.73850,0.06776,-0.07686,0.01419,0.13433,20118,-20314,0.55418,-0.82862,0.07919,-0.80543,-0.55781,-0.20034,0.21017,0.04724,-0.97652,4.10901,5.31505
2.448301,-0.76092,-0.71725,9.40678,,0.49154,-0.73906,0.06776,-0.08123,0.21107,0.09933,20118,-20314,0.55241,-0.82999,0.07718,-0.80675,-0.55564,-0.20104,0.20975,0.04879,-0.97654,4.10901,5.31280
2.458867,-0.74895,-0.68674,9.42054,,0.49126,-0.74466,0.07322,0.05439,0.00982,0.07308,20118,-20314,0.54933,-0.83162,0.08156,-0.80801,-0.55353,-0.20180,0.21297,0.04496,-0.97602,4.10901,5.30947
2.478384,-0.62393,-0.66580,9.34517,,0.49126,-0.74466,0.03738,-0.30873,0.17607,0.33558,20118,-20314,0.55004,-0.83369,0.04913,-0.81183,-0.54757,-0.20274,0.19593,0.07163,-0.97800,4.10901,5.30788
2.488976,-0.76002,-0.69691,9.40379,,0.48706,-0.74354,0.06874,-0.01123,-0.10393,0.18683,20118,-20314,0.54695,-0.83399,0.07284,-0.81054,-0.54931,-0.20317,0.20946,0.05209,-0.97643,4.10901,5.30600
2.508509,-0.76989,-0.68973,9.37448,,0.48902,-0.74774,0.07574,0.17252,0.10607,0.20433,20118,-20314,0.54557,-0.83395,0.08302,-0.80989,-0.55010,-0.20365,0.21550,0.04387,-0.97552,4.10901,5.30520
2.519256,-0.76660,-0.69601,9.40349,,0.48902,-0.74774,0.07574,0.03689,-0.00768,0.15620,20118,-20314,0.54533,-0.83392,0.08480,-0.80966,-0.55023,-0.20420,0.21695,0.04270,-0.97525,4.10901,5.30512
2.538787,-0.64008,-0.71545,9.40140,,0.48902,-0.73766,0.08008,-0.02873,0.04482,0.20433,20118,-20314,0.54936,-0.83074,0.08987,-0.80621,-0.55524,-0.20427,0.21960,0.03976,-0.97478,4.10901,5.31053
2.549309,-0.76271,-0.69332,9.44178,,0.49042,-0.74242,0.07917,0.07189,0.00982,0.12558,20118,-20314,0.54897,-0.83105,0.08943,-0.80640,-0.55474,-0.20490,0.21989,0.04037,-0.97469,4.10901,5.31009
2.572301,-0.61854,-0.69272,9.34517,,0.49182,-0.74718,0.07826,-0.01998,-0.16518,0.03808,20118,-20314,0.54779,-0.83195,0.08822,-0.80719,-0.55329,-0.20572,0.21996,0.04148,-0.97463,4.10901,5.30863
2.585793,-0.74895,-0.71844,9.38405,,0.48678,-0.74550,0.07518,0.03252,0.11482,0.20433,20118,-20314,0.54519,-0.83395,0.08543,-0.80912,-0.55013,-0.20660,0.21929,0.04352,-0.97469,4.10901,5.30532
2.599536,-0.76630,-0.70768,9.37149,,0.48678,-0.74550,0.07518,-0.03748,-0.10393,0.22183,20118,-20314,0.54477,-0.83427,0.08497,-0.80933,-0.54958,-0.20724,0.21959,0.04413,-0.97459,4.10901,5.30484
2.613313,-0.75733,-0.70050,9.41665,,0.49798,-0.74550,0.08386,0.05439,0.13669,0.03370,20118,-20314,0.55155,-0.82902,0.09233,-0.80378,-0.55780,-0.20689,0.22302,0.03990,-0.97400,4.10901,5.31379
2.637206,-0.74776,-0.69272,9.44088,,0.49574,-0.74130,0.07098,0.02377,-0.06018,0.17808,20118,-20314,0.55361,-0.82872,0.08214,-0.80380,-0.55753,-0.20752,0.21777,0.04886,-0.97478,4.10901,5.31552
2.650718,-0.91406,-0.69511,9.39482,,0.49574,-0.74130,0.07098,-0.23873,-0.04268,-0.00567,20118,-20314,0.55394,-0.82867,0.08037,-0.80373,-0.55744,-0.20801,0.21717,0.05063,-0.97482,4.10901,5.31584
2.664435,-0.75852,-0.69212,9.47857,,0.48678,-0.74186,0.07490,-0.01998,-0.19143,0.22183,20118,-20314,0.54779,-0.83238,0.08407,-0.80702,-0.55223,-0.20917,0.22054,0.04674,-0.97426,4.10901,5.30873
2.678228,-0.77767,-0.70050,9.38764,,0.48678,-0.74186,0.07490,-0.08123,-0.21768,0.21308,20118,-20314,0.54676,-0.83299,0.08473,-0.80745,-0.55134,-0.20988,0.22154,0.04634,-0.97405,4.10901,5.30761
2.692300,-0.77049,-0.68674,9.43251,,0.49042,-0.74438,0.07994,-0.10748,0.27232,-0.14567,20118,-20314,0.54761,-0.83198,0.08912,-0.80614,-0.55312,-0.21022,0.22419,0.04328,-0.97358,4.10901,5.30908
2.706092,-0.76361,-0.70738,9.40828,,0.48944,-0.73990,0.07266,-0.01561,-0.00768,0.16933,20118,-20314,0.54941,-0.83137,0.08350,-0.80567,-0.55360,-0.21077,0.22145,0.04852,-0.97396,4.10901,5.31089
2.730204,-0.73041,-0.69272,9.40439,,0.48846,-0.73542,0.07266,0.08502,0.04482,0.10808,20118,-20314,0.55096,-0.83041,0.08284,-0.80463,-0.55493,-0.21125,0.22140,0.04974,-0.97391,4.10901,5.31280
2.743715,-0.61675,-0.68973,9.38704,,0.49322,-0.74018,0.08568,-0.08123,-0.08643,0.09058,20118,-20314,0.55168,-0.82870,0.09436,-0.80229,-0.55818,-0.21157,0.22799,0.04101,-0.97280,4.10901,5.31476
2.757423,-0.62453,-0.70170,9.42294,,0.49322,-0.73598,0.07224,-0.21248,0.01857,0.20433,20118,-20314,0.55422,-0.82810,0.08417,-0.80202,-0.55834,-0.21220,0.22272,0.05010,-0.97359,4.10901,5.31708
2.771313,-0.91107,-0.71246,9.38465,,0.49322,-0.73598,0.07224,0.01502,0.03607,0.10808,20118,-20314,0.55466,-0.82800,0.08228,-0.80190,-0.55831,-0.21273,0.22208,0.05201,-0.97364,4.10901,5.31751
2.785141,-0.83539,-0.71127,9.40439,,0.49182,-0.74018,0.07896,0.07189,0.01419,0.09933,20118,-20314,0.55173,-0.82937,0.08799,-0.80281,-0.55671,-0.21348,0.22604,0.04714,-0.97298,4.10901,5.31451
2.809213,-0.74178,-0.69990,9.35653,,0.49182,-0.74186,0.07574,-0.15998,0.15857,0.07308,20118,-20314,0.55064,-0.83031,0.08594,-0.80369,-0.55516,-0.21421,0.22557,0.04889,-0.97300,4.10901,5.31307
2.822672,-0.90449,-0.70170,9.37448,,0.48790,-0.74186,0.07574,-0.10748,0.20232,0.11683,20118,-20314,0.54792,-0.83213,0.08569,-0.80535,-0.55243,-0.21500,0.22624,0.04879,-0.97285,4.10901,5.30981
2.836397,-0.76750,-0.69691,9.57069,,0.49910,-0.74522,0.08204,0.22502,-0.08643,0.19558,20118,-20314,0.55301,-0.82821,0.09075,-0.80115,-0.55850,-0.21501,0.22876,0.04620,-0.97239,4.10901,5.31656
2.850303,-0.90449,-0.71366,9.44327,,0.49910,-0.74522,0.08204,0.02377,0.09732,0.11683,20118,-20314,0.55385,-0.82756,0.09160,-0.80035,-0.55948,-0.21544,0.22953,0.04601,-0.97221,4.10901,5.31773
2.864230,-0.61854,-0.68794,9.44985,,0.49294,-0.74102,0.08554,-0.08123,0.12357,0.18683,20118,-20314,0.55163,-0.82859,0.09566,-0.80101,-0.55823,-0.21625,0.23258,0.04267,-0.97164,4.10901,5.31547
2.878198,-0.69332,-0.71934,9.39871,,0.49224,-0.74312,0.07868,-0.04186,0.01857,0.12995,20118,-20314,0.55024,-0.83015,0.08990,-0.80264,-0.55552,-0.21719,0.23025,0.04735,-0.97198,4.10901,5.31334
2.902152,-0.74656,-0.70229,9.38046,,0.49154,-0.74522,0.07182,0.11127,0.01857,0.13433,20118,-20314,0.54895,-0.83178,0.08241,-0.80445,-0.55252,-0.21814,0.22698,0.05345,-0.97243,4.10901,5.31120
2.915679,-0.76810,-0.70409,9.41456,,0.49014,-0.73850,0.07812,0.01502,-0.06893,0.09933,20118,-20314,0.55042,-0.83029,0.08748,-0.80258,-0.55507,-0.21852,0.23000,0.05007,-0.97190,4.10901,5.31353
2.929694,-0.77109,-0.72144,9.40439,,0.49014,-0.73850,0.07812,-0.07248,-0.25268,0.18683,20118,-20314,0.55067,-0.83003,0.08840,-0.80212,-0.55549,-0.21915,0.23100,0.04977,-0.97168,4.10901,5.31400
2.943447,-0.75613,-0.71246,9.39781,,0.49546,-0.73738,0.06118,0.00627,0.04482,0.09058,20118,-20314,0.55534,-0.82845,0.07260,-0.80133,-0.55641,-0.21971,0.22241,0.06383,-0.97286,4.10901,5.31841
2.957364,-0.90628,-0.71067,9.39482,,0.49546,-0.73738,0.06118,-0.15998,0.00107,-0.14567,20118,-20314,0.55609,-0.82818,0.06985,-0.80113,-0.55649,-0.22025,0.22128,0.06652,-0.97294,4.10901,5.31917
2.971095,-0.83988,-0.71097,9.40589,,0.49238,-0.74018,0.07448,-0.02873,-0.06893,0.15183,20118,-20314,0.55257,-0.82945,0.08171,-0.80148,-0.55570,-0.22096,0.22868,0.05661,-0.97185,4.10901,5.31599
2.995004,-0.73101,-0.70887,9.34756,,0.49462,-0.74662,0.07560,-0.08123,0.00982,0.27433,20118,-20314,0.55061,-0.83049,0.08431,-0.80219,-0.55436,-0.22176,0.23091,0.05447,-0.97145,4.10901,5.31392
3.008463,-0.75972,-0.69392,9.40678,,0.49462,-0.74662,0.07560,0.28627,0.14107,0.17808,20118,-20314,0.55027,-0.83068,0.08467,-0.80220,-0.55407,-0.22246,0.23170,0.05449,-0.97126,4.10901,5.31363
3.022336,-0.77707,-0.66461,9.40918,,0.49126,-0.74942,0.07224,-0.13373,0.18482,0.02933,20118,-20314,0.54697,-0.83316,0.08164,-0.80462,-0.55013,-0.22347,0.23110,0.05654,-0.97129,4.10901,5.30942
3.036084,-0.74417,-0.74237,9.45584,,0.49126,-0.74942,0.07224,-0.09873,0.14982,0.09058,20118,-20314,0.54642,-0.83357,0.08116,-0.80489,-0.54945,-0.22417,0.23145,0.05716,-0.97117,4.10901,5.30880
3.049959,-0.82971,-0.70917,9.37059,,0.49714,-0.74158,0.07840,-0.01123,-0.08206,0.21745,20118,-20314,0.55326,-0.82845,0.08700,-0.79944,-0.55742,-0.22401,0.23407,0.05438,-0.97070,4.10901,5.31777
3.073900,-0.77707,-0.70887,9.36670,,0.49546,-0.73654,0.07322,0.16377,-0.01643,0.10808,20118,-20314,0.55564,-0.82721,0.08358,-0.79827,-0.55889,-0.22454,0.23245,0.05804,-0.97087,4.10901,5.32047
3.087384,-0.77228,-0.69811,9.44627,,0.49546,-0.73654,0.07322,-0.02873,-0.13018,0.41433,20118,-20314,0.55610,-0.82696,0.08303,-0.79788,-0.55916,-0.22521,0.23266,0.05899,-0.97077,4.10901,5.32108
3.101182,-0.76869,-0.71306,9.41576,,0.49042,-0.74634,0.06832,-0.01123,-0.15643,-0.00567,20118,-20314,0.54884,-0.83228,0.07800,-0.80319,-0.55091,-0.22669,0.23164,0.06177,-0.97084,4.10901,5.31184
3.114837,-0.77348,-0.68913,9.39422,,0.49042,-0.74634,0.06986,-0.19498,0.07107,-0.01442,20118,-20314,0.54758,-0.83306,0.07855,-0.80376,-0.54977,-0.22745,0.23267,0.06141,-0.97062,4.10901,5.31044
3.128743,-0.84257,-0.72293,9.40678,,0.49518,-0.74550,0.06986,-0.13373,-0.03393,0.06870,20118,-20314,0.55084,-0.83091,0.07852,-0.80152,-0.55288,-0.22780,0.23269,0.06254,-0.97054,4.10901,5.31450
3.152759,-0.61675,-0.72622,9.39243,,0.49406,-0.74578,0.07112,-0.13373,-0.03393,0.16058,20118,-20314,0.55048,-0.83103,0.07977,-0.80138,-0.55277,-0.22856,0.23403,0.06189,-0.97026,4.10901,5.31428
3.166251,-0.77408,-0.70229,9.38286,,0.49406,-0.74578,0.07602,0.01502,0.07982,0.20433,20118,-20314,0.55023,-0.83074,0.08440,-0.80064,-0.55358,-0.22916,0.23709,0.05852,-0.96972,4.10901,5.31450
3.180014,-0.90329,-0.71186,9.23510,,0.49490,-0.74494,0.07602,0.09377,-0.05143,0.11683,20118,-20314,0.55107,-0.83010,0.08518,-0.79983,-0.55455,-0.22969,0.23790,0.05845,-0.96953,4.10901,5.31569
3.193616,-0.76092,-0.71366,9.36730,,0.49854,-0.74914,0.08806,-0.14248,0.09732,0.23058,20118,-20314,0.55124,-0.82881,0.09597,-0.79783,-0.55727,-0.23005,0.24415,0.05025,-0.96844,4.10901,5.31700
3.207427,-0.62393,-0.72503,9.40499,,0.49854,-0.74914,0.08806,-0.12498,0.05357,0.09933,20118,-20314,0.55120,-0.82861,0.09788,-0.79735,-0.55766,-0.23075,0.24578,0.04915,-0.96808,4.10901,5.31725
3.221313,-0.76152,-0.69781,9.42144,,0.49714,-0.73878,0.07924,0.15939,-0.00768,0.22183,20118,-20314,0.55519,-0.82675,0.09079,-0.79573,-0.55975,-0.23127,0.24202,0.05615,-0.96864,4.10901,5.32158
