0.000005,-0.82253,-0.47856,9.44746,,-0.35812,0.80486,0.02912,-0.26283,0.07007,-0.04554,12635,-12765,0.41048,-0.91181,-0.01045,0.90775,0.40751,0.09967,-0.08663,-0.05040,0.99497,1.14612,1.14612
0.000005,-0.81017,-0.47677,9.40300,,-0.35177,0.80803,0.02973,-0.05575,-0.09910,-0.05138,12635,-12765,0.40208,-0.91534,0.02196,0.91011,0.40217,0.09982,-0.10020,-0.02015,0.99476,1.14612,1.15479
0.021423,-0.79920,-0.47677,9.42712,,-0.34692,0.80598,0.03094,-0.30658,0.02632,-0.03679,12635,-12765,0.39630,-0.91753,0.03290,0.91212,0.39754,0.09995,-0.10479,-0.00960,0.99445,1.14612,1.16093
0.035507,-0.80907,-0.40558,9.38495,,-0.35364,0.81018,0.03094,-0.06158,0.02632,-0.10242,12635,-12765,0.39920,-0.91622,0.03444,0.91080,0.40059,0.09980,-0.10524,-0.00847,0.99441,1.14612,1.15772
0.059793,-0.82253,-0.46540,9.42952,,-0.35532,0.80794,0.02884,0.11342,0.00007,0.00696,12635,-12765,0.40186,-0.91512,0.03270,0.90973,0.40305,0.09972,-0.10443,-0.01032,0.99448,1.14612,1.15484
0.074214,-0.81954,-0.47617,9.47259,,-0.35532,0.80794,0.02884,-0.06158,0.16632,-0.04554,12635,-12765,0.40229,-0.91494,0.03244,0.90956,0.40346,0.09966,-0.10427,-0.01059,0.99449,1.14612,1.15437
0.089616,-0.82014,-0.47318,9.38764,,-0.35980,0.81186,0.03150,-0.03533,-0.13118,-0.13304,12635,-12765,0.40447,-0.91389,0.03474,0.90849,0.40587,0.09959,-0.10511,-0.00872,0.99442,1.14612,1.15193
0.104671,-0.81775,-0.46720,9.38944,,-0.35336,0.80906,0.02884,0.00842,-0.13118,-0.16804,12635,-12765,0.40075,-0.91560,0.03278,0.91021,0.40196,0.09976,-0.10451,-0.01015,0.99447,1.14612,1.15605
0.120438,-0.81296,-0.47856,9.47558,,-0.35336,0.80906,0.02884,0.04342,0.04382,-0.05429,12635,-12765,0.40016,-0.91587,0.03243,0.91048,0.40134,0.09977,-0.10439,-0.01040,0.99448,1.14612,1.15670
0.135935,-0.80937,-0.34756,9.38465,,-0.35700,0.80598,0.02968,-0.11408,0.18382,-0.04554,12635,-12765,0.40400,-0.91415,0.03329,0.90877,0.40525,0.09954,-0.10448,-0.00996,0.99448,1.14612,1.15248
0.152677,-0.79442,-0.47198,9.44447,,-0.36652,0.80962,0.03626,0.07842,-0.08743,-0.07179,12635,-12765,0.41074,-0.91091,0.03928,0.90550,0.41258,0.09924,-0.10660,-0.00519,0.99429,1.14612,1.14495
0.168866,-0.80997,-0.47557,9.40439,,-0.36652,0.80962,0.03626,0.00842,-0.00868,0.03321,12635,-12765,0.41188,-0.91035,0.04026,0.90494,0.41382,0.09918,-0.10695,-0.00442,0.99425,1.14612,1.14367
0.185665,-0.79980,-0.50429,9.46840,,-0.35504,0.81046,0.02688,-0.07908,-0.10493,-0.02804,12635,-12765,0.40290,-0.91469,0.03177,0.90933,0.40400,0.09954,-0.10389,-0.01122,0.99453,1.14612,1.15371
0.202294,-0.79023,-0.46780,9.43550,,-0.35504,0.81046,0.02688,-0.19283,0.04382,0.17321,12635,-12765,0.40144,-0.91538,0.03040,0.91003,0.40240,0.09956,-0.10337,-0.01230,0.99457,1.14612,1.15535
0.215120,-0.83330,-0.48514,9.47259,,-0.35140,0.80878,0.02870,-0.13158,0.07007,-0.02804,12635,-12765,0.39883,-0.91647,0.03197,0.91110,0.39997,0.09963,-0.10410,-0.01061,0.99451,1.14612,1.15818
0.226804,-0.80399,-0.50369,9.37209,,-0.35140,0.80878,0.02870,-0.05283,-0.06118,-0.09804,12635,-12765,0.39838,-0.91665,0.03221,0.91128,0.39955,0.09965,-0.10422,-0.01035,0.99450,1.14612,1.15867
0.238983,-0.80040,-0.46780,9.38794,,-0.36848,0.81158,0.03626,0.19217,0.03070,0.04196,12635,-12765,0.41067,-0.91095,0.03896,0.90556,0.41248,0.09912,-0.10636,-0.00542,0.99431,1.14612,1.14504
0.259951,-0.78844,-0.50309,9.39063,,-0.36848,0.81158,0.02632,0.06967,0.11382,-0.08929,12635,-12765,0.41282,-0.91029,0.03080,0.90498,0.41376,0.09905,-0.10291,-0.01302,0.99461,1.14612,1.14283
0.270668,-0.82762,-0.46481,9.37687,,-0.34468,0.80346,0.02632,0.01279,0.12257,0.02883,12635,-12765,0.39724,-0.91722,0.02999,0.91189,0.39818,0.09955,-0.10325,-0.01220,0.99458,1.14612,1.15996
0.290381,-0.80040,-0.48933,9.39063,,-0.35812,0.80542,0.02870,0.13092,0.13132,-0.09804,12635,-12765,0.40461,-0.91393,0.03186,0.90860,0.40571,0.09928,-0.10366,-0.01122,0.99455,1.14612,1.15185
0.301110,-0.83420,-0.47378,9.40828,,-0.35812,0.80542,0.02870,0.10467,-0.08743,-0.11117,12635,-12765,0.40581,-0.91339,0.03220,0.90804,0.40694,0.09927,-0.10378,-0.01105,0.99454,1.14612,1.15052
0.320719,-0.83300,-0.40768,9.43101,,-0.35308,0.81102,0.03416,-0.01346,-0.04805,-0.03679,12635,-12765,0.40004,-0.91574,0.03735,0.91034,0.40173,0.09949,-0.10611,-0.00580,0.99434,1.14612,1.15676
0.340216,-0.80997,-0.61017,9.37687,,-0.35532,0.81606,0.03374,-0.07033,0.17507,-0.12429,12635,-12765,0.39912,-0.91613,0.03747,0.91073,0.40084,0.09953,-0.10620,-0.00560,0.99433,1.14612,1.15776
0.350881,-0.81685,-0.48006,9.38435,,-0.35532,0.81606,0.03374,-0.03096,0.19257,-0.04117,12635,-12765,0.39897,-0.91619,0.03754,0.91079,0.40070,0.09947,-0.10618,-0.00550,0.99433,1.14612,1.15792
0.370581,-0.78485,-0.31825,9.38525,,-0.35504,0.81242,0.03696,0.02592,0.05257,-0.05429,12635,-12765,0.39992,-0.91564,0.04078,0.91024,0.40199,0.09936,-0.10737,-0.00262,0.99422,1.14612,1.15683
0.381024,-0.79890,-0.48814,9.44118,,-0.35714,0.81312,0.03220,0.10029,-0.00430,-0.01492,12635,-12765,0.40158,-0.91509,0.03669,0.90971,0.40320,0.09931,-0.10567,-0.00651,0.99438,1.14612,1.15509
0.400342,-0.83629,-0.49352,9.40858,,-0.35924,0.81382,0.02744,-0.02658,0.17507,-0.07179,12635,-12765,0.40331,-0.91452,0.03155,0.90919,0.40438,0.09926,-0.10353,-0.01135,0.99456,1.14612,1.15328
0.410938,-0.80219,-0.46750,9.35324,,-0.35994,0.81368,0.02912,0.07842,-0.07868,-0.10242,12635,-12765,0.40415,-0.91412,0.03229,0.90878,0.40529,0.09925,-0.10381,-0.01077,0.99454,1.14612,1.15235
0.430537,-0.82193,-0.47378,9.43071,,-0.36064,0.81354,0.03080,0.04342,0.05257,-0.04554,12635,-12765,0.40489,-0.91373,0.03398,0.90838,0.40621,0.09921,-0.10445,-0.00931,0.99449,1.14612,1.15150
0.441148,-0.81655,-0.45673,9.42952,,-0.36050,0.81186,0.03374,0.11342,0.09195,-0.04554,12635,-12765,0.40544,-0.91337,0.03703,0.90800,0.40708,0.09916,-0.10564,-0.00658,0.99438,1.14612,1.15084
0.460694,-0.82433,-0.50160,9.40439,,-0.35938,0.81340,0.03794,0.00842,-0.09180,-0.02804,12635,-12765,0.40407,-0.91379,0.04144,0.90839,0.40618,0.09923,-0.10751,-0.00245,0.99420,1.14612,1.15226
0.479843,-0.80638,-0.50728,9.44507,,-0.35840,0.81494,0.04214,-0.02658,-0.04368,0.06821,12635,-12765,0.40249,-0.91427,0.04603,0.90886,0.40511,0.09929,-0.10943,0.00187,0.99399,1.14612,1.15390
0.490239,-0.79232,-0.47378,9.38884,,-0.35644,0.81508,0.02674,0.05654,-0.07430,-0.06742,12635,-12765,0.40084,-0.91558,0.03240,0.91022,0.40201,0.09942,-0.10405,-0.01036,0.99452,1.14612,1.15597
0.510376,-0.81117,-0.47378,9.39362,,-0.35448,0.81522,0.02674,-0.18408,0.14882,-0.03679,12635,-12765,0.39898,-0.91646,0.03025,0.91113,0.39994,0.09945,-0.10324,-0.01212,0.99458,1.14612,1.15806
0.521374,-0.82044,-0.40708,9.43251,,-0.35896,0.81270,0.02996,0.00404,0.05257,-0.04554,12635,-12765,0.40300,-0.91461,0.03293,0.90926,0.40422,0.09927,-0.10410,-0.01006,0.99452,1.14612,1.15359
0.541995,-0.83210,-0.47797,9.37448,,-0.35896,0.81578,0.03122,-0.08783,0.02632,0.11196,12635,-12765,0.40263,-0.91471,0.03445,0.90935,0.40401,0.09928,-0.10473,-0.00865,0.99446,1.14612,1.15397
0.552986,-0.81565,-0.48126,9.33320,,-0.36232,0.81578,0.03122,0.04779,0.10507,-0.10242,12635,-12765,0.40515,-0.91360,0.03460,0.90824,0.40653,0.09916,-0.10466,-0.00875,0.99447,1.14612,1.15121
0.573422,-0.80160,-0.60479,9.40020,,-0.36176,0.81578,0.03920,0.02592,0.00882,0.01571,12635,-12765,0.40505,-0.91333,0.04203,0.90793,0.40722,0.09915,-0.10767,-0.00200,0.99418,1.14612,1.15117
0.584231,-0.81805,-0.48455,9.40110,,-0.36176,0.81578,0.03661,-0.11408,-0.11805,0.00696,12635,-12765,0.40507,-0.91337,0.04093,0.90797,0.40713,0.09918,-0.10725,-0.00301,0.99423,1.14612,1.15116
0.603753,-0.80638,-0.43848,9.36192,,-0.35196,0.81690,0.03402,-0.07908,-0.08743,-0.09804,12635,-12765,0.39702,-0.91700,0.03844,0.91160,0.39885,0.09953,-0.10660,-0.00448,0.99429,1.14612,1.16005
0.614806,-0.80518,-0.49412,9.41905,,-0.35602,0.81382,0.03059,0.03904,0.08757,-0.11554,12635,-12765,0.39996,-0.91587,0.03479,0.91050,0.40139,0.09941,-0.10501,-0.00808,0.99444,1.14612,1.15690
0.635629,-0.81655,-0.59880,9.47857,,-0.36008,0.81074,0.02716,-0.02658,0.07007,-0.11554,12635,-12765,0.40477,-0.91389,0.03100,0.90857,0.40578,0.09927,-0.10330,-0.01202,0.99458,1.14612,1.15169
0.646697,-0.82672,-0.47228,9.41067,,-0.35504,0.80738,0.02940,-0.04408,0.00007,0.05508,12635,-12765,0.40277,-0.91472,0.03273,0.90936,0.40397,0.09934,-0.10409,-0.01025,0.99452,1.14612,1.15385
0.667598,-0.80459,-0.48036,9.38884,,-0.35504,0.80738,0.02940,-0.20158,-0.04368,-0.14179,12635,-12765,0.40239,-0.91487,0.03302,0.90952,0.40362,0.09934,-0.10421,-0.00994,0.99451,1.14612,1.15426
0.678720,-0.81416,-0.45643,9.38734,,-0.35644,0.81382,0.02492,-0.04408,-0.03930,-0.23804,12635,-12765,0.40120,-0.91554,0.02866,0.91023,0.40199,0.09939,-0.10252,-0.01379,0.99464,1.14612,1.15564
0.699461,-0.81715,-0.51446,9.41157,,-0.36764,0.81298,0.03780,0.18342,0.21882,-0.22054,12635,-12765,0.40992,-0.91125,0.03978,0.90588,0.41182,0.09895,-0.10655,-0.00453,0.99430,1.14612,1.14585
0.710565,-0.82522,-0.47647,9.38136,,-0.36764,0.81298,0.03780,0.18342,0.14007,-0.09367,12635,-12765,0.41138,-0.91052,0.04158,0.90514,0.41346,0.09886,-0.10721,-0.00303,0.99423,1.14612,1.14421
0.730388,-0.80160,-0.48096,9.42652,,-0.35504,0.81662,0.03640,0.03467,0.03507,-0.06304,12635,-12765,0.40057,-0.91536,0.04069,0.90996,0.40263,0.09935,-0.10732,-0.00277,0.99422,1.14612,1.15611
0.740908,-0.80668,-0.48843,9.39422,,-0.35868,0.81452,0.03486,-0.07908,0.03507,-0.15929,12635,-12765,0.40233,-0.91466,0.03913,0.90927,0.40420,0.09926,-0.10660,-0.00435,0.99429,1.14612,1.15422
0.760876,-0.80698,-0.49352,9.41336,,-0.36232,0.81242,0.03332,0.23592,-0.05243,0.14696,12635,-12765,0.40629,-0.91298,0.03741,0.90760,0.40796,0.09913,-0.10576,-0.00632,0.99437,1.14612,1.14989
0.772140,-0.80818,-0.46181,9.39303,,-0.36176,0.81354,0.03360,0.01279,0.12257,-0.08054,12635,-12765,0.40607,-0.91308,0.03740,0.90770,0.40774,0.09910,-0.10573,-0.00629,0.99437,1.14612,1.15014
0.792669,-0.80040,-0.47677,9.41277,,-0.36120,0.81466,0.03360,0.05217,0.26257,-0.22929,12635,-12765,0.40519,-0.91347,0.03735,0.90810,0.40686,0.09909,-0.10571,-0.00623,0.99438,1.14612,1.15111
0.803845,-0.81655,-0.47916,9.40918,,-0.35476,0.81662,0.03766,0.12217,-0.34118,-0.11554,12635,-12765,0.39928,-0.91590,0.04120,0.91050,0.40140,0.09940,-0.10757,-0.00218,0.99419,1.14612,1.15752
0.815769,-0.81356,-0.48784,9.42922,,-0.35840,0.81606,0.03087,0.02154,0.05695,-0.07617,12635,-12765,0.40145,-0.91520,0.03542,0.90982,0.40293,0.09933,-0.10518,-0.00765,0.99442,1.14612,1.15526
0.836044,-0.80010,-0.48485,9.41247,,-0.36204,0.81550,0.02408,-0.00908,0.04382,0.02008,12635,-12765,0.40495,-0.91390,0.02813,0.90862,0.40567,0.09922,-0.10209,-0.01462,0.99467,1.14612,1.15154
0.855354,-0.80638,-0.49173,9.40738,,-0.35532,0.80766,0.02254,-0.07033,0.05257,-0.02804,12635,-12765,0.40298,-0.91485,0.02576,0.90960,0.40346,0.09927,-0.10121,-0.01657,0.99473,1.14612,1.15376
0.865935,-0.80967,-0.48544,9.39632,,-0.35532,0.80990,0.02506,-0.19721,0.06132,0.01571,12635,-12765,0.40185,-0.91528,0.02774,0.91000,0.40254,0.09926,-0.10202,-0.01464,0.99467,1.14612,1.15495
0.886403,-0.81177,-0.48395,9.39781,,-0.35560,0.81214,0.02758,-0.28908,-0.02618,-0.25554,12635,-12765,0.40103,-0.91556,0.03037,0.91024,0.40200,0.09926,-0.10309,-0.01217,0.99460,1.14612,1.15580
0.897671,-0.80997,-0.47737,9.44298,,-0.35434,0.81186,0.03010,-0.00471,0.13132,0.12071,12635,-12765,0.40006,-0.91589,0.03313,0.91055,0.40131,0.09925,-0.10419,-0.00954,0.99451,1.14612,1.15683
0.919011,-0.80698,-0.45464,9.43370,,-0.35308,0.81158,0.03262,0.04342,0.14007,-0.14179,12635,-12765,0.39889,-0.91629,0.03597,0.91093,0.40045,0.09924,-0.10534,-0.00682,0.99441,1.14612,1.15806
0.933707,-0.81296,-0.49113,9.41695,,-0.35420,0.81298,0.03066,-0.07908,0.07007,0.00696,12635,-12765,0.39916,-0.91623,0.03454,0.91088,0.40057,0.09922,-0.10474,-0.00814,0.99447,1.14612,1.15779
0.948676,-0.79801,-0.49113,9.40798,,-0.35700,0.81354,0.03598,0.24467,-0.07868,0.05071,12635,-12765,0.40115,-0.91517,0.03919,0.90979,0.40304,0.09915,-0.10653,-0.00412,0.99430,1.14612,1.15551
0.964724,-0.82493,-0.47498,9.43909,,-0.35700,0.81354,0.03598,0.27967,-0.07868,0.10321,12635,-12765,0.40150,-0.91499,0.03995,0.90960,0.40347,0.09917,-0.10686,-0.00348,0.99427,1.14612,1.15512
0.979595,-0.80818,-0.45763,9.47558,,-0.35784,0.81522,0.02576,-0.06158,-0.12243,-0.03679,12635,-12765,0.40174,-0.91524,0.03053,0.90993,0.40272,0.09921,-0.10309,-0.01207,0.99460,1.14612,1.15503
0.995440,-0.80518,-0.48933,9.46900,,-0.35784,0.81522,0.02576,-0.09658,0.07882,0.14696,12635,-12765,0.40182,-0.91526,0.02898,0.90997,0.40264,0.09918,-0.10244,-0.01348,0.99465,1.14612,1.15497
1.010697,-0.81775,-0.49292,9.39841,,-0.36036,0.80710,0.03542,-0.02658,0.03507,0.03321,12635,-12765,0.40648,-0.91287,0.03798,0.90751,0.40821,0.09895,-0.10583,-0.00575,0.99437,1.14612,1.14969
1.021821,-0.70140,-0.49143,9.39452,,-0.36316,0.80696,0.03290,-0.00471,0.03945,-0.08929,12635,-12765,0.40951,-0.91156,0.03700,0.90622,0.41112,0.09877,-0.10525,-0.00692,0.99442,1.14612,1.14638
1.041856,-0.80279,-0.50608,9.47677,,-0.36596,0.80682,0.03038,-0.21033,-0.27993,-0.10679,12635,-12765,0.41229,-0.91040,0.03451,0.90508,0.41362,0.09870,-0.10413,-0.00946,0.99452,1.14612,1.14336
1.052725,-0.81027,-0.49053,9.38405,,-0.35966,0.80934,0.02807,0.03904,-0.11368,-0.05867,12635,-12765,0.40696,-0.91289,0.03191,0.90758,0.40806,0.09895,-0.10335,-0.01130,0.99458,1.14612,1.14927
1.073343,-0.81177,-0.47438,9.40140,,-0.35336,0.81186,0.02576,0.16592,-0.07868,-0.08929,12635,-12765,0.40027,-0.91593,0.02932,0.91064,0.40113,0.09919,-0.10261,-0.01301,0.99464,1.14612,1.15667
1.084088,-0.80010,-0.49262,9.44686,,-0.36428,0.81494,0.02702,-0.05721,-0.06118,-0.03679,12635,-12765,0.40664,-0.91310,0.02990,0.90781,0.40753,0.09899,-0.10257,-0.01311,0.99464,1.14612,1.14966
1.103834,-0.80818,-0.46361,9.31885,,-0.36428,0.81494,-0.00882,0.06092,-0.11368,-0.02804,12635,-12765,0.40789,-0.91303,-0.00344,0.90868,0.40557,0.09901,-0.08900,-0.04351,0.99508,1.14612,1.14888
1.114908,-0.78455,-0.40499,9.38764,,-0.35896,0.80682,0.01638,-0.00908,0.13570,0.05508,12635,-12765,0.40670,-0.91344,0.01486,0.90846,0.40609,0.09893,-0.09640,-0.02674,0.99498,1.14612,1.14988
1.134770,-0.81595,-0.46540,9.44088,,-0.35728,0.81130,0.03276,0.06092,0.07007,-0.16804,12635,-12765,0.40341,-0.91442,0.03311,0.90910,0.40465,0.09897,-0.10390,-0.00983,0.99454,1.14612,1.15315
1.145833,-0.82702,-0.39990,9.44627,,-0.35728,0.81130,0.03276,0.04342,-0.00868,-0.07179,12635,-12765,0.40286,-0.91455,0.03609,0.90921,0.40441,0.09898,-0.10512,-0.00706,0.99443,1.14612,1.15370
1.166196,-0.81595,-0.47079,9.39063,,-0.35252,0.80710,0.03514,0.03467,-0.06993,0.00696,12635,-12765,0.40046,-0.91549,0.03900,0.91012,0.40233,0.09908,-0.10640,-0.00419,0.99432,1.14612,1.15629
1.177479,-0.83180,-0.48963,9.39063,,-0.35448,0.80556,0.02800,0.13529,0.01757,0.08133,12635,-12765,0.40227,-0.91494,0.03270,0.90961,0.40347,0.09906,-0.10383,-0.01011,0.99454,1.14612,1.15441
1.197890,-0.83749,-0.50369,9.40020,,-0.35644,0.80402,0.02086,0.13092,-0.07868,-0.31679,12635,-12765,0.40466,-0.91413,0.02496,0.90891,0.40505,0.09906,-0.10066,-0.01740,0.99477,1.14612,1.15193
1.208772,-0.83868,-0.48245,9.40230,,-0.35784,0.80038,0.03234,0.11342,-0.01305,0.00258,12635,-12765,0.40736,-0.91261,0.03467,0.90727,0.40874,0.09895,-0.10447,-0.00886,0.99449,1.14612,1.14878
1.229604,-0.79023,-0.46540,9.47737,,-0.35784,0.80038,0.03234,-0.02658,0.14882,-0.09804,12635,-12765,0.40780,-0.91235,0.03626,0.90701,0.40934,0.09888,-0.10506,-0.00744,0.99444,1.14612,1.14827
1.240856,-0.81057,-0.46152,9.39243,,-0.35280,0.80570,0.04858,0.00404,-0.09180,0.13383,12635,-12765,0.40180,-0.91426,0.05177,0.90890,0.40506,0.09915,-0.11162,0.00722,0.99372,1.14612,1.15455
1.261700,-0.82552,-0.50130,9.38046,,-0.35224,0.80766,0.02800,-0.09658,-0.29743,0.00696,12635,-12765,0.39998,-0.91586,0.03480,0.91050,0.40141,0.09934,-0.10495,-0.00805,0.99444,1.14612,1.15688
1.272689,-0.83061,-0.47527,9.41845,,-0.35224,0.80766,0.02800,0.02592,-0.06555,-0.12867,12635,-12765,0.39961,-0.91612,0.03203,0.91078,0.40075,0.09940,-0.10390,-0.01055,0.99453,1.14612,1.15733
1.292392,-0.82612,-0.46241,9.38585,,-0.35252,0.80234,0.03444,0.32342,0.09632,-0.02804,12635,-12765,0.40157,-0.91505,0.03780,0.90966,0.40331,0.09930,-0.10611,-0.00549,0.99434,1.14612,1.15507
1.302855,-0.77737,-0.47737,9.40349,,-0.35378,0.80136,0.03381,-0.16221,-0.09180,-0.00179,12635,-12765,0.40326,-0.91429,0.03823,0.90890,0.40504,0.09921,-0.10619,-0.00526,0.99433,1.14612,1.15321
1.322612,-0.82313,-0.47976,9.37628,,-0.35504,0.80038,0.03318,0.10467,-0.15743,-0.08054,12635,-12765,0.40489,-0.91359,0.03767,0.90821,0.40659,0.09919,-0.10593,-0.00595,0.99436,1.14612,1.15144
1.333235,-0.81805,-0.47318,9.38315,,-0.35770,0.79814,0.03710,-0.21471,0.08757,0.01571,12635,-12765,0.40802,-0.91203,0.04139,0.90665,0.41011,0.09898,-0.10725,-0.00286,0.99423,1.14612,1.14792
1.353620,-0.83330,-0.49232,9.46062,,-0.36036,0.79590,0.04102,0.08717,0.12257,-0.09804,12635,-12765,0.41136,-0.91033,0.04569,0.90495,0.41389,0.09879,-0.10884,0.00071,0.99406,1.14612,1.14415
1.364636,-0.84168,-0.49502,9.38286,,-0.36120,0.80598,0.03878,-0.07033,-0.09180,0.07696,12635,-12765,0.40909,-0.91144,0.04391,0.90605,0.41144,0.09895,-0.10825,-0.00070,0.99412,1.14612,1.14669
1.384994,-0.83031,-0.48634,9.37687,,-0.36120,0.80598,0.03878,0.11342,-0.18368,-0.11554,12635,-12765,0.40866,-0.91164,0.04359,0.90625,0.41098,0.09902,-0.10818,-0.00097,0.99413,1.14612,1.14716
1.395889,-0.79950,-0.46959,9.41037,,-0.35504,0.80150,0.02058,0.03029,0.05695,-0.06742,12635,-12765,0.40555,-0.91369,0.02653,0.90844,0.40609,0.09914,-0.10136,-0.01610,0.99472,1.14612,1.15092
1.416849,-0.81117,-0.47856,9.45584,,-0.36372,0.80626,0.02926,0.26217,-0.17493,-0.03679,12635,-12765,0.41010,-0.91149,0.03175,0.90617,0.41115,0.09901,-0.10330,-0.01183,0.99458,1.14612,1.14582
1.427995,-0.78604,-0.46301,9.37598,,-0.36372,0.80542,0.02786,0.03467,-0.16618,0.03758,12635,-12765,0.41119,-0.91101,0.03135,0.90570,0.41220,0.09901,-0.10312,-0.01232,0.99459,1.14612,1.14462
1.449237,-0.80339,-0.49651,9.39901,,-0.35756,0.80458,0.02646,-0.08783,-0.17493,-0.15054,12635,-12765,0.40680,-0.91302,0.03005,0.90771,0.40770,0.09918,-0.10281,-0.01307,0.99462,1.14612,1.14947
1.460353,-0.81625,-0.48066,9.42652,,-0.35784,0.80640,0.03234,0.10467,0.08320,-0.05867,12635,-12765,0.40559,-0.91338,0.03529,0.90801,0.40703,0.09920,-0.10497,-0.00819,0.99444,1.14612,1.15071
1.480519,-0.83031,-0.31346,9.37687,,-0.35812,0.80822,0.03822,-0.20158,0.05257,-0.14179,12635,-12765,0.40487,-0.91342,0.04175,0.90803,0.40701,0.09915,-0.10756,-0.00223,0.99420,1.14612,1.15138
1.491922,-0.79023,-0.48335,9.38166,,-0.35532,0.80934,0.02660,-0.01783,0.26257,0.14696,12635,-12765,0.40238,-0.91492,0.03173,0.90959,0.40348,0.09922,-0.10358,-0.01107,0.99456,1.14612,1.15430
1.503462,-0.81745,-0.48335,9.41815,,-0.35532,0.80934,0.02660,-0.08346,-0.08743,-0.06742,12635,-12765,0.40191,-0.91518,0.03016,0.90987,0.40284,0.09926,-0.10299,-0.01245,0.99460,1.14612,1.15485
1.523088,-0.82253,-0.53300,9.38375,,-0.35672,0.81270,0.04564,0.09592,-0.22305,-0.01492,12635,-12765,0.40151,-0.91462,0.04758,0.90922,0.40430,0.09927,-0.11003,0.00340,0.99392,1.14612,1.15495
1.542582,-0.80698,-0.51506,9.38704,,-0.36596,0.80906,0.02800,-0.06158,-0.01743,-0.00179,12635,-12765,0.41023,-0.91135,0.03388,0.90601,0.41151,0.09901,-0.10418,-0.00992,0.99451,1.14612,1.14563
1.553910,-0.80279,-0.45464,9.38106,,-0.36596,0.80906,0.02800,-0.30658,0.01757,0.01571,12635,-12765,0.41167,-0.91078,0.03173,0.90547,0.41271,0.09894,-0.10321,-0.01200,0.99459,1.14612,1.14409
1.565498,-0.82044,-0.41216,9.38106,,-0.36414,0.80906,0.04088,0.06529,0.16195,-0.03242,12635,-12765,0.41029,-0.91092,0.04342,0.90554,0.41257,0.09890,-0.10801,-0.00126,0.99415,1.14612,1.14538
1.585886,-0.82552,-0.47079,9.40798,,-0.36232,0.80906,0.04088,0.02592,-0.06118,0.06821,12635,-12765,0.40866,-0.91156,0.04535,0.90617,0.41117,0.09899,-0.10888,0.00064,0.99405,1.14612,1.14713
1.596605,-0.81954,-0.48036,9.44836,,-0.36120,0.81046,0.03332,0.03467,0.14882,0.01571,12635,-12765,0.40714,-0.91255,0.03851,0.90718,0.40892,0.09905,-0.10614,-0.00539,0.99434,1.14612,1.14894
1.616935,-0.81894,-0.48455,9.35713,,-0.36120,0.80430,0.03864,0.03467,0.00007,-0.01929,12635,-12765,0.40895,-0.91156,0.04264,0.90618,0.41116,0.09895,-0.10773,-0.00183,0.99418,1.14612,1.14687
1.627964,-0.82104,-0.47827,9.43729,,-0.36064,0.80430,0.03864,0.17904,0.03507,-0.00179,12635,-12765,0.40881,-0.91159,0.04328,0.90620,0.41109,0.09897,-0.10801,-0.00124,0.99415,1.14612,1.14701
1.647647,-0.78275,-0.50369,9.32154,,-0.35980,0.81830,0.02646,-0.03533,-0.09180,0.01133,12635,-12765,0.40345,-0.91446,0.03159,0.90913,0.40453,0.09922,-0.10351,-0.01131,0.99456,1.14612,1.15313
1.666845,-0.81236,-0.47258,9.41277,,-0.35980,0.81830,0.02646,0.04342,0.00007,-0.03679,12635,-12765,0.40253,-0.91493,0.02970,0.90962,0.40342,0.09925,-0.10279,-0.01294,0.99462,1.14612,1.15417
1.677185,-0.80967,-0.47109,9.40020,,-0.35644,0.81438,0.02814,-0.06596,-0.14430,-0.02804,12635,-12765,0.40107,-0.91552,0.03114,0.91019,0.40211,0.09933,-0.10345,-0.01149,0.99457,1.14612,1.15575
1.696480,-0.80698,-0.47498,9.41456,,-0.35588,0.81018,0.03416,-0.28908,0.14007,0.07696,12635,-12765,0.40178,-0.91498,0.03714,0.90961,0.40344,0.09923,-0.10578,-0.00608,0.99437,1.14612,1.15486
1.707005,-0.79890,-0.46660,9.41965,,-0.35588,0.81018,0.03934,-0.02221,0.15320,0.10321,12635,-12765,0.40184,-0.91470,0.04293,0.90931,0.40413,0.09914,-0.10803,-0.00080,0.99415,1.14612,1.15468
1.729361,-0.82792,-0.48455,9.39721,,-0.35084,0.81466,0.04452,-0.14908,-0.28868,0.06821,12635,-12765,0.39622,-0.91686,0.04870,0.91147,0.39917,0.09945,-0.11062,0.00498,0.99385,1.14612,1.16073
1.742515,-0.80518,-0.60718,9.38764,,-0.35084,0.81382,0.04312,-0.28908,-0.05243,0.13821,12635,-12765,0.39562,-0.91714,0.04829,0.91174,0.39853,0.09950,-0.11050,0.00466,0.99386,1.14612,1.16140
1.755721,-0.80638,-0.48036,9.42353,,-0.35252,0.81382,0.04312,0.06967,0.13132,-0.04554,12635,-12765,0.39680,-0.91664,0.04817,0.91124,0.39969,0.09942,-0.11038,0.00445,0.99388,1.14612,1.16010
1.769847,-0.80818,-0.46899,9.37029,,-0.35616,0.80766,0.04032,0.13967,-0.06993,0.01571,12635,-12765,0.40206,-0.91447,0.04573,0.90908,0.40465,0.09919,-0.10921,0.00169,0.99402,1.14612,1.15439
1.784298,-0.73848,-0.47916,9.41067,,-0.35826,0.80962,0.03528,-0.10096,-0.06993,-0.02367,12635,-12765,0.40398,-0.91387,0.04053,0.90848,0.40600,0.09910,-0.10702,-0.00321,0.99425,1.14612,1.15238
1.807900,-0.81117,-0.50489,9.38405,,-0.36036,0.81158,0.03024,0.02592,-0.19243,0.05946,12635,-12765,0.40536,-0.91349,0.03485,0.90814,0.40676,0.09912,-0.10472,-0.00853,0.99447,1.14612,1.15097
1.821129,-0.81356,-0.48395,9.34756,,-0.35252,0.81158,0.01736,0.13092,0.03507,0.07696,12635,-12765,0.39955,-0.91645,0.02189,0.91127,0.39966,0.09930,-0.09975,-0.01973,0.99482,1.14612,1.15759
1.834373,-0.79980,-0.50369,9.39243,,-0.35252,0.81158,0.01736,-0.00908,0.06132,-0.09804,12635,-12765,0.39853,-0.91694,0.01980,0.91180,0.39844,0.09931,-0.09895,-0.02152,0.99486,1.14612,1.15874
1.848604,-0.81775,-0.46780,9.41516,,-0.36148,0.81130,0.03332,-0.03533,-0.28868,-0.04554,12635,-12765,0.40535,-0.91351,0.03441,0.90817,0.40671,0.09906,-0.10449,-0.00890,0.99449,1.14612,1.15099
1.864262,-0.82134,-0.45344,9.43430,,-0.36148,0.81130,0.03332,-0.09658,-0.10493,-0.00179,12635,-12765,0.40650,-0.91291,0.03678,0.90755,0.40810,0.09902,-0.10541,-0.00687,0.99441,1.14612,1.14968
1.879605,-0.82193,-0.48395,9.43131,,-0.36260,0.80822,0.03500,0.20967,0.00882,-0.11554,12635,-12765,0.40860,-0.91189,0.03874,0.90652,0.41039,0.09895,-0.10613,-0.00531,0.99434,1.14612,1.14734
1.893486,-0.80907,-0.54197,9.41636,,-0.36120,0.80836,0.03549,0.01717,0.14445,0.00258,12635,-12765,0.40782,-0.91220,0.03952,0.90683,0.40971,0.09894,-0.10645,-0.00451,0.99431,1.14612,1.14817
1.917625,-0.79262,-0.46840,9.38286,,-0.35980,0.80850,0.03598,-0.16658,-0.16618,0.03321,12635,-12765,0.40654,-0.91275,0.04022,0.90737,0.40851,0.09900,-0.10679,-0.00375,0.99427,1.14612,1.14957
1.931334,-0.82493,-0.47677,9.41097,,-0.36036,0.80542,0.02968,0.07842,-0.14868,-0.01054,12635,-12765,0.40793,-0.91236,0.03446,0.90702,0.40928,0.09902,-0.10444,-0.00914,0.99449,1.14612,1.14816
1.945353,-0.81835,-0.44925,9.39661,,-0.36036,0.84126,0.02380,-0.27158,-0.24493,-0.07179,12635,-12765,0.39602,-0.91784,0.02726,0.91255,0.39669,0.09942,-0.10207,-0.01450,0.99467,1.14612,1.16135
1.959217,-0.79920,-0.48455,9.40260,,-0.35812,0.80962,0.02380,0.01717,0.06132,-0.01054,12635,-12765,0.40301,-0.91481,0.02672,0.90955,0.40359,0.09921,-0.10154,-0.01568,0.99471,1.14612,1.15371
1.974245,-0.81296,-0.49352,9.42174,,-0.35532,0.80234,0.03920,0.12217,0.05257,-0.09804,12635,-12765,0.40428,-0.91370,0.04141,0.90831,0.40638,0.09908,-0.10736,-0.00245,0.99422,1.14612,1.15204
1.989430,-0.79801,-0.48754,9.33919,,-0.35532,0.80234,0.03920,-0.04408,-0.04368,0.05071,12635,-12765,0.40452,-0.91348,0.04382,0.90809,0.40689,0.09906,-0.10832,-0.00028,0.99412,1.14612,1.15172
2.004690,-0.82313,-0.59641,9.30629,,-0.35980,0.81018,0.02716,0.02592,-0.09618,-0.11554,12635,-12765,0.40550,-0.91352,0.03249,0.90818,0.40666,0.09913,-0.10377,-0.01070,0.99454,1.14612,1.15086
2.019292,-0.80758,-0.49053,9.38226,,-0.35980,0.81018,0.02716,-0.12283,-0.07868,0.05071,12635,-12765,0.40569,-0.91349,0.03073,0.90818,0.40667,0.09914,-0.10306,-0.01231,0.99460,1.14612,1.15068
2.035052,-0.82074,-0.47498,9.38345,,-0.35308,0.80542,0.03780,0.27092,0.15757,0.01571,12635,-12765,0.40192,-0.91477,0.04063,0.90938,0.40396,0.09926,-0.10721,-0.00295,0.99423,1.14612,1.15464
2.050560,-0.81954,-0.47049,9.41636,,-0.36148,0.81186,0.03038,0.06529,0.01757,-0.09367,12635,-12765,0.40574,-0.91332,0.03496,0.90796,0.40716,0.09913,-0.10477,-0.00848,0.99446,1.14612,1.15055
2.074720,-0.80698,-0.47916,9.44447,,-0.36148,0.80822,0.02618,0.12217,0.06132,0.01571,12635,-12765,0.40774,-0.91260,0.03019,0.90730,0.40865,0.09908,-0.10275,-0.01301,0.99462,1.14612,1.14844
2.088589,-0.80758,-0.49531,9.38764,,-0.35616,0.80822,0.02618,0.01717,-0.02618,-0.13304,12635,-12765,0.40385,-0.91435,0.02950,0.90905,0.40471,0.09921,-0.10265,-0.01325,0.99463,1.14612,1.15273
2.101969,-0.81117,-0.46780,9.43610,,-0.36008,0.80486,0.02142,-0.05283,-0.20993,-0.00179,12635,-12765,0.40754,-0.91284,0.02497,0.90762,0.40792,0.09915,-0.10070,-0.01774,0.99476,1.14612,1.14875
2.115509,-0.81296,-0.48275,9.39661,,-0.36008,0.80486,0.02142,0.19217,-0.08743,0.18196,12635,-12765,0.40820,-0.91257,0.02419,0.90736,0.40849,0.09918,-0.10039,-0.01854,0.99478,1.14612,1.14805
2.129505,-0.81117,-0.49531,9.42832,,-0.35588,0.80458,0.01918,-0.02658,0.03507,-0.04554,12635,-12765,0.40506,-0.91403,0.02201,0.90885,0.40515,0.09925,-0.09963,-0.02020,0.99482,1.14612,1.15154
2.143454,-0.81236,-0.47557,9.40200,,-0.35658,0.80766,0.02583,0.04342,0.02195,0.00258,12635,-12765,0.40396,-0.91435,0.02785,0.90907,0.40465,0.09926,-0.10203,-0.01478,0.99467,1.14612,1.15264
2.166871,-0.84467,-0.46002,9.32363,,-0.35728,0.81074,0.03248,-0.01783,0.11382,0.19071,12635,-12765,0.40322,-0.91444,0.03498,0.90907,0.40465,0.09926,-0.10492,-0.00822,0.99445,1.14612,1.15332
2.180798,-0.81715,-0.47797,9.37628,,-0.36428,0.80850,0.03752,0.26217,0.03507,-0.14179,12635,-12765,0.40922,-0.91152,0.04077,0.90614,0.41123,0.09898,-0.10699,-0.00356,0.99425,1.14612,1.14661
2.194777,-0.82193,-0.46361,9.35354,,-0.36428,0.80850,0.03752,0.20092,0.03507,-0.01054,12635,-12765,0.41025,-0.91102,0.04173,0.90563,0.41236,0.09894,-0.10734,-0.00280,0.99422,1.14612,1.14545
2.208788,-0.80518,-0.48036,9.38884,,-0.35560,0.81158,0.02884,0.12217,0.07882,-0.12429,12635,-12765,0.40264,-0.91473,0.03376,0.90938,0.40395,0.09925,-0.10442,-0.00926,0.99449,1.14612,1.15398
2.222598,-0.81356,-0.47617,9.41336,,-0.35560,0.81158,0.02884,-0.07033,0.17507,-0.01054,12635,-12765,0.40139,-0.91533,0.03250,0.90999,0.40257,0.09925,-0.10393,-0.01026,0.99453,1.14612,1.15537
2.237206,-0.81775,-0.47109,9.39153,,-0.36176,0.80962,0.02702,-0.00908,-0.11805,0.06383,12635,-12765,0.40675,-0.91303,0.03059,0.90772,0.40771,0.09912,-0.10297,-0.01255,0.99461,1.14612,1.14952
2.260651,-0.82134,-0.47856,9.42413,,-0.36344,0.81690,0.02842,-0.01783,-0.03493,-0.04554,12635,-12765,0.40637,-0.91317,0.03137,0.90785,0.40741,0.09914,-0.10331,-0.01181,0.99458,1.14612,1.14992
2.273975,-0.61735,-0.51446,9.34995,,-0.36344,0.81690,0.02842,0.15717,-0.14868,0.17321,12635,-12765,0.40636,-0.91317,0.03141,0.90786,0.40740,0.09909,-0.10328,-0.01175,0.99458,1.14612,1.14994
2.287148,-0.76570,-0.53240,9.41157,,-0.35980,0.80458,0.02408,-0.13158,-0.20118,-0.19429,12635,-12765,0.40778,-0.91266,0.02778,0.90739,0.40844,0.09908,-0.10177,-0.01520,0.99469,1.14612,1.14845
2.300624,-0.81565,-0.39691,9.38734,,-0.35994,0.80738,0.03241,0.04342,-0.03930,0.01571,12635,-12765,0.40708,-0.91272,0.03499,0.90737,0.40849,0.09908,-0.10473,-0.00858,0.99446,1.14612,1.14908
2.324261,-0.79741,-0.48036,9.34158,,-0.36008,0.81018,0.04074,-0.01783,-0.30618,0.10321,12635,-12765,0.40599,-0.91282,0.04388,0.90742,0.40835,0.09915,-0.10842,-0.00044,0.99410,1.14612,1.15010
2.339868,-0.81177,-0.34875,9.37388,,-0.36064,0.80626,0.03136,0.05217,0.08757,-0.23804,12635,-12765,0.40768,-0.91239,0.03665,0.90702,0.40927,0.09907,-0.10539,-0.00715,0.99441,1.14612,1.14838
2.354154,-0.79741,-0.47438,9.38525,,-0.36064,0.84210,0.04074,-0.05283,-0.11368,0.18196,12635,-12765,0.39577,-0.91735,0.04290,0.91192,0.39809,0.09962,-0.10846,-0.00030,0.99410,1.14612,1.16133
2.368887,-0.81595,-0.47557,9.41516,,-0.35812,0.80822,0.04074,0.07842,-0.13993,-0.03679,12635,-12765,0.40322,-0.91399,0.04523,0.90858,0.40575,0.09927,-0.10909,0.00107,0.99403,1.14612,1.15312
2.382812,-0.77468,-0.48574,9.19143,,-0.35812,0.80878,0.02562,-0.02658,0.06132,0.03321,12635,-12765,0.40450,-0.91400,0.03136,0.90867,0.40555,0.09926,-0.10344,-0.01165,0.99457,1.14612,1.15197
2.396045,-0.80578,-0.47677,9.35115,,-0.37016,0.80878,0.02562,-0.18408,-0.15743,-0.01054,12635,-12765,0.41410,-0.90977,0.02904,0.90449,0.41486,0.09899,-0.10210,-0.01472,0.99466,1.14612,1.14145
2.409847,-0.79801,-0.50369,9.47079,,-0.37156,0.81018,0.03318,-0.03533,0.07882,0.03321,12635,-12765,0.41620,-0.90858,0.03562,0.90323,0.41762,0.09886,-0.10470,-0.00897,0.99446,1.14612,1.13901
2.424069,-0.82433,-0.54197,9.39721,,-0.36652,0.80822,0.03143,0.08279,0.05695,-0.04992,12635,-12765,0.41333,-0.90990,0.03513,0.90455,0.41472,0.09898,-0.10464,-0.00914,0.99447,1.14612,1.14218
2.448823,-0.80518,-0.47737,9.40499,,-0.36148,0.80626,0.02968,-0.05283,-0.04368,-0.01929,12635,-12765,0.40964,-0.91163,0.03361,0.90628,0.41089,0.09913,-0.10418,-0.01015,0.99451,1.14612,1.14628
2.463243,-0.78664,-0.45763,9.41157,,-0.35952,0.79898,0.02744,-0.00908,-0.09618,0.11196,12635,-12765,0.41011,-0.91149,0.03147,0.90617,0.41113,0.09912,-0.10329,-0.01213,0.99458,1.14612,1.14580
2.477549,-0.80160,-0.47677,9.39901,,-0.35952,0.79898,0.02744,0.22717,-0.12243,0.21696,12635,-12765,0.41021,-0.91146,0.03108,0.90614,0.41119,0.09916,-0.10316,-0.01251,0.99459,1.14612,1.14570
2.491370,-0.82792,-0.47737,9.41396,,-0.36092,0.81214,0.02520,0.04342,-0.04368,-0.16804,12635,-12765,0.40664,-0.91314,0.02859,0.90784,0.40738,0.09930,-0.10232,-0.01443,0.99465,1.14612,1.14968
2.507066,-0.81954,-0.46600,9.48814,,-0.36092,0.81214,0.02408,-0.20158,-0.04368,-0.03679,12635,-12765,0.40608,-0.91343,0.02718,0.90815,0.40669,0.09930,-0.10176,-0.01564,0.99469,1.14612,1.15031
2.522374,-0.80518,-0.48634,9.41875,,-0.35700,0.81130,0.02408,-0.00033,0.17507,0.04196,12635,-12765,0.40323,-0.91470,0.02694,0.90942,0.40383,0.09935,-0.10176,-0.01556,0.99469,1.14612,1.15346
2.536286,-0.79202,-0.46780,9.37269,,-0.35308,0.80486,0.02982,0.15717,-0.31493,0.15571,12635,-12765,0.40184,-0.91513,0.03255,0.90977,0.40303,0.09945,-0.10412,-0.01035,0.99451,1.14612,1.15487
2.551119,-0.82313,-0.48156,9.42832,,-0.35308,0.80486,0.02982,0.00842,0.00007,0.11196,12635,-12765,0.40161,-0.91520,0.03346,0.90983,0.40289,0.09946,-0.10450,-0.00950,0.99448,1.14612,1.15511
2.566376,-0.81655,-0.47856,9.32782,,-0.35532,0.81410,0.03430,0.18342,0.05257,-0.15054,12635,-12765,0.40002,-0.91574,0.03746,0.91033,0.40173,0.09951,-0.10618,-0.00571,0.99433,1.14612,1.15677
2.582038,-0.79382,-0.46600,9.38585,,-0.35532,0.81410,0.03430,-0.15783,0.08757,-0.02804,12635,-12765,0.39979,-0.91581,0.03817,0.91041,0.40158,0.09947,-0.10643,-0.00502,0.99431,1.14612,1.15701
2.597297,-0.81236,-0.33141,9.35534,,-0.36008,0.80822,0.02912,0.07842,-0.00868,-0.04554,12635,-12765,0.40559,-0.91344,0.03357,0.90808,0.40686,0.09926,-0.10432,-0.00977,0.99450,1.14612,1.15073
2.611927,-0.79950,-0.42562,9.38435,,-0.35854,0.81228,0.03353,-0.12721,0.07007,0.11633,12635,-12765,0.40393,-0.91405,0.03686,0.90866,0.40556,0.09926,-0.10567,-0.00660,0.99438,1.14612,1.15250
2.634187,-0.79322,-0.46421,9.47618,,-0.35700,0.81634,0.03794,-0.25408,0.09632,-0.16804,12635,-12765,0.40092,-0.91518,0.04138,0.90978,0.40304,0.09932,-0.10757,-0.00217,0.99419,1.14612,1.15572
2.645575,-0.80369,-0.48126,9.40409,,-0.35840,0.81326,0.03444,0.00842,0.00007,-0.05429,12635,-12765,0.40264,-0.91453,0.03888,0.90914,0.40449,0.09925,-0.10650,-0.00462,0.99430,1.14612,1.15388
2.666218,-0.82134,-0.46899,9.37927,,-0.35840,0.81326,0.03178,0.03467,-0.14868,0.05946,12635,-12765,0.40299,-0.91450,0.03601,0.90912,0.40453,0.09928,-0.10536,-0.00727,0.99441,1.14612,1.15355
2.677252,-0.84945,-0.48066,9.40409,,-0.35980,0.81046,0.03178,-0.00908,-0.01305,0.06383,12635,-12765,0.40513,-0.91357,0.03562,0.90820,0.40661,0.09922,-0.10513,-0.00785,0.99443,1.14612,1.15121
2.697787,-0.79322,-0.48455,9.40260,,-0.35868,0.80598,0.02380,-0.06158,-0.00868,0.09446,12635,-12765,0.40626,-0.91332,0.02817,0.90804,0.40697,0.09920,-0.10207,-0.01472,0.99467,1.14612,1.15010
2.708795,-0.82433,-0.49113,9.41217,,-0.35868,0.82390,0.03017,-0.10533,-0.05680,-0.00617,12635,-12765,0.40018,-0.91586,0.03248,0.91051,0.40136,0.09942,-0.10409,-0.01021,0.99452,1.14612,1.15670
2.728988,-0.81416,-0.47737,9.41396,,-0.35672,0.81886,0.03654,0.04342,0.01757,0.08571,12635,-12765,0.39928,-0.91599,0.03924,0.91059,0.40118,0.09942,-0.10681,-0.00396,0.99427,1.14612,1.15756
2.739933,-0.79950,-0.47527,9.38644,,-0.35910,0.81536,0.03493,-0.15783,-0.10930,0.00258,12635,-12765,0.40220,-0.91472,0.03898,0.90933,0.40406,0.09931,-0.10659,-0.00450,0.99429,1.14612,1.15436
2.760841,-0.81057,-0.47139,9.38106,,-0.36148,0.81186,0.03332,0.07842,0.03507,-0.15054,12635,-12765,0.40576,-0.91321,0.03745,0.90783,0.40743,0.09917,-0.10582,-0.00624,0.99437,1.14612,1.15048
2.771967,-0.80399,-0.47647,9.40648,,-0.36680,0.81382,0.03024,0.08279,0.04382,0.01571,12635,-12765,0.40988,-0.91150,0.03418,0.90615,0.41119,0.09902,-0.10431,-0.00962,0.99450,1.14612,1.14600
2.792228,-0.79741,-0.48754,9.38046,,-0.36680,0.81382,0.03024,0.20967,0.17507,-0.06304,12635,-12765,0.41055,-0.91122,0.03363,0.90588,0.41180,0.09898,-0.10404,-0.01017,0.99452,1.14612,1.14528
2.803435,-0.81655,-0.48275,9.46481,,-0.36512,0.81438,0.02254,-0.17533,0.20132,-0.13304,12635,-12765,0.40924,-0.91204,0.02643,0.90681,0.40976,0.09899,-0.10111,-0.01655,0.99474,1.14612,1.14686
2.815252,-0.81655,-0.48634,9.42114,,-0.36540,0.81074,0.02555,-0.24096,0.05257,0.09008,12635,-12765,0.41053,-0.91141,0.02819,0.90615,0.41122,0.09891,-0.10174,-0.01506,0.99470,1.14612,1.14541
2.834961,-0.81775,-0.47527,9.38495,,-0.36568,0.80710,0.02856,0.05654,-0.05243,-0.00179,12635,-12765,0.41218,-0.91057,0.03134,0.90527,0.41318,0.09887,-0.10297,-0.01238,0.99461,1.14612,1.14354
2.854227,-0.81236,-0.48275,9.42533,,-0.35364,0.80850,0.02156,0.13092,0.07007,-0.01929,12635,-12765,0.40258,-0.91504,0.02534,0.90980,0.40302,0.09915,-0.10094,-0.01686,0.99475,1.14612,1.15421
2.864631,-0.82193,-0.47198,9.42353,,-0.35658,0.81144,0.02912,0.04779,0.16195,-0.00617,12635,-12765,0.40219,-0.91502,0.03137,0.90970,0.40326,0.09911,-0.10333,-0.01132,0.99458,1.14612,1.15452
2.884033,-0.81715,-0.47797,9.42892,,-0.35952,0.81438,0.03668,0.01717,-0.10493,-0.10679,12635,-12765,0.40331,-0.91422,0.03932,0.90885,0.40520,0.09904,-0.10648,-0.00421,0.99431,1.14612,1.15315
2.894370,-0.80369,-0.46271,9.42952,,-0.36148,0.81270,0.03843,0.02592,0.05695,-0.10679,12635,-12765,0.40557,-0.91309,0.04225,0.90772,0.40776,0.09890,-0.10753,-0.00175,0.99420,1.14612,1.15061
2.913975,-0.80638,-0.47617,9.42294,,-0.36344,0.81102,0.04018,0.13092,-0.13993,-0.08929,12635,-12765,0.40805,-0.91188,0.04439,0.90651,0.41045,0.09879,-0.10831,-0.00007,0.99412,1.14612,1.14784
2.924499,-0.82104,-0.48395,9.40768,,-0.36120,0.80850,0.02982,0.04342,0.10945,0.03321,12635,-12765,0.40777,-0.91241,0.03514,0.90708,0.40920,0.09882,-0.10455,-0.00843,0.99448,1.14612,1.14832
2.944047,-0.81805,-0.53868,9.38555,,-0.35798,0.81158,0.02975,-0.08346,0.13132,-0.13304,12635,-12765,0.40408,-0.91411,0.03353,0.90879,0.40535,0.09894,-0.10403,-0.00951,0.99453,1.14612,1.15242
2.963192,-0.81296,-0.47258,9.39661,,-0.35700,0.81466,0.02968,-0.10533,0.31507,-0.02804,12635,-12765,0.40166,-0.91519,0.03314,0.90987,0.40291,0.09898,-0.10394,-0.00960,0.99454,1.14612,1.15508
2.973523,-0.80608,-0.47617,9.37957,,-0.35588,0.81242,0.03038,-0.04408,0.11382,-0.04554,12635,-12765,0.40113,-0.91540,0.03381,0.91008,0.40245,0.09895,-0.10419,-0.00892,0.99452,1.14612,1.15565
2.992908,-0.82851,-0.47498,9.39063,,-0.35476,0.81018,0.03108,-0.06158,0.08757,0.04196,12635,-12765,0.40094,-0.91545,0.03467,0.91012,0.40235,0.09895,-0.10453,-0.00812,0.99449,1.14612,1.15584
3.003467,-0.80489,-0.46481,9.39362,,-0.36568,0.81046,0.03052,-0.05283,0.09632,-0.14617,12635,-12765,0.40933,-0.91175,0.03413,0.90645,0.41065,0.09860,-0.10392,-0.00942,0.99454,1.14612,1.14663
3.023260,-0.81416,-0.46660,9.37448,,-0.36568,0.81046,0.03052,-0.09658,-0.02618,-0.03679,12635,-12765,0.41077,-0.91110,0.03406,0.90581,0.41206,0.09855,-0.10383,-0.00963,0.99455,1.14612,1.14505
3.033929,-0.81924,-0.48365,9.32363,,-0.35896,0.81130,0.02898,0.10029,0.09195,-0.09367,12635,-12765,0.40546,-0.91353,0.03261,0.90824,0.40663,0.09875,-0.10347,-0.01042,0.99458,1.14612,1.15092
3.053470,-0.86022,-0.48544,9.43460,,-0.35532,0.81718,0.02604,0.04342,0.00882,0.06821,12635,-12765,0.39977,-0.91614,0.02955,0.91087,0.40066,0.09897,-0.10251,-0.01265,0.99465,1.14612,1.15722
3.072607,-0.81715,-0.45165,9.37628,,-0.35532,0.81718,0.02604,0.05217,0.12257,-0.07179,12635,-12765,0.39879,-0.91658,0.02905,0.91132,0.39963,0.09898,-0.10234,-0.01300,0.99466,1.14612,1.15831
3.082946,-0.80847,-0.47139,9.37328,,-0.35868,0.80682,0.03318,-0.04408,0.14445,0.09883,12635,-12765,0.40481,-0.91370,0.03592,0.90838,0.40633,0.09868,-0.10476,-0.00732,0.99447,1.14612,1.15158
3.102401,-0.82014,-0.48275,9.40020,,-0.35868,0.84266,0.03738,-0.11408,0.05257,0.15571,12635,-12765,0.39363,-0.91841,0.03974,0.91305,0.39562,0.09914,-0.10677,-0.00274,0.99428,1.14612,1.16376
3.112737,-0.82493,-0.48485,9.44836,,-0.35728,0.80962,0.03738,0.14842,0.08320,-0.04554,12635,-12765,0.40177,-0.91480,0.04147,0.90946,0.40390,0.09877,-0.10710,-0.00196,0.99425,1.14612,1.15481
3.131973,-0.81715,-0.48335,9.38764,,-0.35700,0.80766,0.03262,0.00842,-0.09180,-0.15054,12635,-12765,0.40362,-0.91416,0.03741,0.90883,0.40530,0.09874,-0.10543,-0.00586,0.99441,1.14612,1.15286
3.151256,-0.82193,-0.48933,9.43610,,-0.35700,0.80766,0.03262,-0.14908,-0.02618,0.01571,12635,-12765,0.40397,-0.91403,0.03676,0.90871,0.40559,0.09873,-0.10515,-0.00648,0.99443,1.14612,1.15248
3.161594,-0.80429,-0.47797,9.41426,,-0.35756,0.80738,0.03136,0.05217,-0.09180,-0.02367,12635,-12765,0.40458,-0.91382,0.03545,0.90850,0.40605,0.09874,-0.10463,-0.00774,0.99448,1.14612,1.15184
3.180985,-0.81655,-0.47677,9.40260,,-0.36372,0.81298,0.03262,-0.07908,-0.09618,-0.00179,12635,-12765,0.40755,-0.91247,0.03619,0.90715,0.40908,0.09864,-0.10480,-0.00737,0.99447,1.14612,1.14856
3.191328,-0.82612,-0.48574,9.43161,,-0.36372,0.81298,0.03262,-0.03971,-0.08743,0.03321,12635,-12765,0.40805,-0.91224,0.03631,0.90692,0.40960,0.09865,-0.10486,-0.00732,0.99446,1.14612,1.14800
3.210626,-0.81476,-0.47198,9.34098,,-0.36232,0.81270,0.02478,0.10467,-0.10493,-0.07179,12635,-12765,0.40722,-0.91287,0.02900,0.90762,0.40801,0.09872,-0.10196,-0.01388,0.99469,1.14612,1.14906
3.221126,-0.82253,-0.47348,9.39632,,-0.36232,0.81270,0.02898,-0.17096,0.05695,-0.07179,12635,-12765,0.40701,-0.91287,0.03179,0.90759,0.40810,0.09869,-0.10307,-0.01131,0.99461,1.14612,1.14923
3.240417,-0.80548,-0.49322,9.36192,,-0.35700,0.80290,0.03318,-0.12721,0.03070,-0.01929,12635,-12765,0.40619,-0.91306,0.03654,0.90774,0.40777,0.09869,-0.10501,-0.00692,0.99445,1.14612,1.15005
