0.000005,-0.22193,-0.94457,9.43969,,-0.36134,-0.00448,0.04718,-0.12018,-0.07527,0.07977,5255,-5289,0.99973,-0.00233,0.02327,0.00000,0.99503,0.09957,-0.02339,-0.09954,0.99476,0.00000,0.00000
0.000005,-0.20598,-0.94915,9.40898,,-0.35201,-0.00299,0.04065,-0.07351,-0.03443,-0.06606,5255,-5289,0.99830,-0.00506,0.05809,-0.00074,0.99504,0.09952,-0.05831,-0.09939,0.99334,0.00000,6.28244
0.021046,-0.22612,-0.91047,9.43669,,-0.35686,-0.00448,0.04466,-0.33893,-0.06652,-0.20023,5255,-5289,0.99450,-0.00955,0.10426,-0.00086,0.99505,0.09941,-0.10469,-0.09895,0.98957,0.00000,6.28232
0.037262,-0.22014,-0.93081,9.40977,,-0.35518,-0.00616,0.04928,0.08107,0.21348,0.17602,5255,-5289,0.98628,-0.01617,0.16430,-0.00027,0.99503,0.09953,-0.16509,-0.09821,0.98138,0.00000,6.28291
0.057364,-0.19083,-0.94098,9.40918,,-0.35882,-0.00336,0.02800,0.08107,-0.05777,-0.08648,5255,-5289,0.97442,-0.02246,0.22360,0.00007,0.99503,0.09962,-0.22473,-0.09705,0.96958,0.00000,0.00007
0.071840,-0.19681,-0.94816,9.36252,,-0.35882,-0.00336,0.02800,-0.03268,-0.17152,0.17602,5255,-5289,0.95476,-0.03006,0.29585,0.00042,0.99501,0.09974,-0.29738,-0.09510,0.95001,0.00000,0.00044
0.085557,-0.23031,-0.96790,9.43131,,-0.35602,-0.00448,0.04536,-0.04143,0.07348,-0.11273,5255,-5289,0.91878,-0.03984,0.39275,0.00049,0.99501,0.09978,-0.39477,-0.09148,0.91422,0.00000,0.00054
0.100272,-0.22493,-0.93559,9.38704,,-0.35602,-0.00448,0.04536,0.05482,0.03848,0.14102,5255,-5289,0.86175,-0.05110,0.50475,0.00054,0.99501,0.09981,-0.50733,-0.08574,0.85747,0.00000,0.00062
0.112938,-0.20548,-0.93200,9.40948,,-0.35798,-0.00392,0.04200,-0.01081,0.03411,0.07977,5255,-5289,0.77617,-0.06325,0.62735,0.00046,0.99501,0.09975,-0.63053,-0.07713,0.77233,0.00000,0.00060
0.133161,-0.22074,-0.93021,9.48694,,-0.35798,-0.00392,0.00616,0.08107,-0.11027,0.22852,5255,-5289,0.66730,-0.07700,0.74080,0.00207,0.99483,0.10154,-0.74479,-0.06623,0.66400,0.00000,0.00310
0.143969,-0.21386,-0.99033,9.44716,,-0.34846,-0.00112,0.03514,-0.01081,0.08223,0.12352,5255,-5289,0.51205,-0.08703,0.85453,0.00139,0.99494,0.10050,-0.85895,-0.05027,0.50958,0.00000,0.00272
0.163858,-0.20219,-1.00708,9.42443,,-0.34706,0.00056,0.04130,0.02419,-0.03152,0.06227,5255,-5289,0.31539,-0.09287,0.94441,0.00040,0.99521,0.09773,-0.94896,-0.03045,0.31391,0.00000,0.00126
0.183239,-0.19920,-0.96550,9.36491,,-0.34706,0.00056,0.04130,0.04607,-0.02277,0.09727,5255,-5289,0.08923,-0.09430,0.99154,0.00006,0.99551,0.09467,-0.99601,-0.00838,0.08884,0.00000,0.00071
0.193692,-0.20548,-0.94696,9.39332,,-0.35182,-0.00168,0.04158,0.01544,0.04723,0.18040,5255,-5289,-0.14899,-0.09206,0.98454,0.00020,0.99565,0.09313,-0.98884,0.01408,-0.14833,0.00000,3.14023
0.212903,-0.21296,-0.79322,9.39721,,-0.35182,-0.00308,0.03864,0.11607,-0.04027,0.09727,5255,-5289,-0.37114,-0.08610,0.92458,0.00038,0.99568,0.09288,-0.92858,0.03482,-0.36950,0.00000,3.14056
0.223203,-0.21117,-0.85424,9.42353,,-0.34594,-0.00308,0.03864,-0.06768,0.10848,0.05790,5255,-5289,-0.55408,-0.07682,0.82891,0.00055,0.99570,0.09264,-0.83246,0.05179,-0.55166,0.00000,3.14060
0.242435,-0.21745,-0.93858,9.39243,,-0.35294,0.00392,0.03374,-0.05456,0.01223,0.12352,5255,-5289,-0.69860,-0.06113,0.71290,0.00383,0.99601,0.08916,-0.71550,0.06502,-0.69558,0.00000,3.13611
0.261491,-0.23330,-0.81177,9.33380,,-0.35294,0.00392,0.03374,0.12482,0.01223,0.17602,5255,-5289,-0.80080,-0.04647,0.59712,0.00695,0.99620,0.08686,-0.59889,0.07371,-0.79743,0.00000,3.13291
0.271790,-0.21176,-0.92632,9.38884,,-0.35686,-0.00924,0.02072,-0.00206,0.16098,0.00102,5255,-5289,-0.87334,-0.04323,0.48519,0.00079,0.99593,0.09015,-0.48711,0.07912,-0.86975,0.00000,3.14069
0.291016,-0.23031,-0.97388,9.42353,,-0.35154,-0.00448,0.03094,-0.14643,0.21348,0.21977,5255,-5289,-0.91656,-0.03673,0.39822,-0.00056,0.99589,0.09057,-0.39991,0.08279,-0.91281,0.00000,3.14221
0.301339,-0.22911,-1.00140,9.40499,,-0.35154,-0.00448,0.03094,0.00232,0.01661,0.02290,5255,-5289,-0.94412,-0.03142,0.32809,-0.00160,0.99587,0.09077,-0.32959,0.08517,-0.94028,0.00000,3.14329
0.320569,-0.21476,-0.94307,9.40619,,-0.35798,0.00112,0.03486,0.02857,0.03848,0.11477,5255,-5289,-0.96145,-0.02309,0.27402,0.00166,0.99596,0.08974,-0.27499,0.08674,-0.95753,0.00000,3.13986
0.339722,-0.21835,-0.92363,9.37628,,-0.35798,-0.00476,0.03808,-0.12893,0.00348,0.04477,5255,-5289,-0.97189,-0.02088,0.23449,0.00031,0.99594,0.08997,-0.23542,0.08751,-0.96795,0.00000,3.14128
0.350302,-0.20279,-0.94008,9.41725,,-0.35210,-0.00476,0.03808,-0.01518,-0.02714,0.07102,5255,-5289,-0.97851,-0.01929,0.20528,-0.00073,0.99593,0.09008,-0.20619,0.08800,-0.97455,0.00000,3.14234
0.370272,-0.19681,-0.94337,9.38704,,-0.34958,-0.00196,0.02226,0.02857,0.12598,0.09727,5255,-5289,-0.98487,-0.01612,0.17252,-0.00055,0.99595,0.08995,-0.17327,0.08849,-0.98089,0.00000,3.14215
0.380756,-0.20877,-0.93739,9.39003,,-0.34958,-0.00196,0.02226,0.01982,0.09973,-0.00335,5255,-5289,-0.98898,-0.01368,0.14745,-0.00039,0.99596,0.08983,-0.14808,0.08878,-0.98498,0.00000,3.14198
0.399998,-0.21715,-0.95175,9.43969,,-0.35350,-0.00672,0.03080,-0.05018,-0.08402,0.00977,5255,-5289,-0.99089,-0.01518,0.13383,-0.00309,0.99593,0.09008,-0.13465,0.08885,-0.98690,0.00000,3.14471
0.410350,-0.22403,-0.93260,9.42294,,-0.35028,-0.00630,0.02716,-0.01956,0.14348,0.09290,5255,-5289,-0.99249,-0.01604,0.12131,-0.00507,0.99591,0.09023,-0.12226,0.08894,-0.98850,0.00000,3.14670
0.429977,-0.23809,-0.93200,9.40798,,-0.34706,-0.00588,0.02352,0.02857,-0.00527,0.18477,5255,-5289,-0.99385,-0.01643,0.10948,-0.00652,0.99589,0.09031,-0.11052,0.08904,-0.98988,0.00000,3.14815
0.440833,-0.21057,-0.94457,9.41187,,-0.34888,-0.00252,0.03374,-0.23393,0.09536,0.13227,5255,-5289,-0.99410,-0.01427,0.10754,-0.00457,0.99594,0.08995,-0.10839,0.08893,-0.99012,0.00000,3.14619
0.460415,-0.22522,-0.94816,9.38764,,-0.34930,-0.00196,0.03773,-0.02393,0.03848,0.06665,5255,-5289,-0.99398,-0.01223,0.10885,-0.00244,0.99597,0.08961,-0.10951,0.08880,-0.99001,0.00000,3.14405
0.479595,-0.19860,-0.93141,9.41336,,-0.34790,-0.00476,0.03150,0.10732,0.14348,0.05352,5255,-5289,-0.99434,-0.01271,0.10553,-0.00322,0.99597,0.08961,-0.10624,0.08877,-0.99037,0.00000,3.14483
0.489912,-0.19950,-0.93320,9.40948,,-0.34776,-0.00336,0.02912,0.01544,0.23098,0.11915,5255,-5289,-0.99477,-0.01210,0.10138,-0.00299,0.99598,0.08950,-0.10205,0.08872,-0.99081,0.00000,3.14460
0.509155,-0.21655,-0.91226,9.45883,,-0.34762,-0.00196,0.02674,0.08982,-0.05777,0.28977,5255,-5289,-0.99528,-0.01065,0.09649,-0.00200,0.99600,0.08934,-0.09706,0.08872,-0.99132,0.00000,3.14360
0.519692,-0.22373,-0.93888,9.39482,,-0.34538,-0.00252,0.02716,0.23857,0.16973,0.06227,5255,-5289,-0.99559,-0.00995,0.09328,-0.00160,0.99601,0.08925,-0.09379,0.08870,-0.99163,0.00000,3.14320
0.539031,-0.23360,-0.94636,9.40319,,-0.34412,-0.00406,0.02597,-0.05018,0.06473,0.08852,5255,-5289,-0.99588,-0.01054,0.09005,-0.00247,0.99601,0.08920,-0.09063,0.08861,-0.99193,0.00000,3.14407
0.558158,-0.21775,-0.91884,9.35414,,-0.34510,-0.00504,0.02478,-0.12018,0.04723,-0.00773,5255,-5289,-0.99617,-0.01163,0.08666,-0.00387,0.99600,0.08922,-0.08735,0.08854,-0.99224,0.00000,3.14548
0.568462,-0.20877,-0.93918,9.41127,,-0.34762,-0.00574,0.02982,0.07669,0.22661,0.07102,5255,-5289,-0.99608,-0.01296,0.08753,-0.00511,0.99600,0.08924,-0.08833,0.08845,-0.99216,0.00000,3.14673
0.587675,-0.20877,-0.96012,9.38525,,-0.35014,-0.00644,0.03486,0.07232,0.03848,-0.08648,5255,-5289,-0.99570,-0.01438,0.09155,-0.00618,0.99599,0.08922,-0.09247,0.08827,-0.99180,0.00000,3.14780
0.597921,-0.20997,-0.86740,9.40260,,-0.34258,-0.00868,0.03374,0.01107,0.03848,0.00540,5255,-5289,-0.99540,-0.01715,0.09430,-0.00869,0.99595,0.08944,-0.09546,0.08820,-0.99152,0.00000,3.15032
0.617026,-0.20130,-0.95444,9.36760,,-0.34370,-0.00574,0.03507,-0.11143,-0.00964,0.08415,5255,-5289,-0.99511,-0.01715,0.09726,-0.00844,0.99597,0.08926,-0.09840,0.08801,-0.99125,0.00000,3.15007
0.636252,-0.20518,-0.94636,9.42114,,-0.34482,-0.00280,0.03640,0.10732,-0.03152,-0.10398,5255,-5289,-0.99484,-0.01499,0.10038,-0.00604,0.99602,0.08893,-0.10131,0.08786,-0.99097,0.00000,3.14766
0.646530,-0.19113,-0.93739,9.38405,,-0.34678,-0.00350,0.04179,-0.11581,-0.10589,0.12790,5255,-5289,-0.99423,-0.01390,0.10639,-0.00444,0.99606,0.08862,-0.10720,0.08764,-0.99037,0.00000,3.14606
0.665691,-0.21954,-0.76989,9.22613,,-0.34874,-0.00420,0.04718,-0.01518,0.13473,0.09727,5255,-5289,-0.99331,-0.01354,0.11469,-0.00335,0.99607,0.08855,-0.11543,0.08758,-0.98945,0.00000,3.14497
0.675926,-0.21057,-0.93858,9.38226,,-0.35098,0.00420,0.03108,0.06794,-0.05777,-0.00773,5255,-5289,-0.99397,-0.00726,0.10941,0.00239,0.99613,0.08782,-0.10963,0.08756,-0.99011,0.00000,3.13918
0.695479,-0.21176,-0.92991,9.40260,,-0.34958,-0.00014,0.03367,-0.01956,0.11723,-0.02960,5255,-5289,-0.99420,-0.00564,0.10738,0.00380,0.99615,0.08756,-0.10746,0.08746,-0.99036,0.00000,3.13777
0.714572,-0.20459,-0.93440,9.41695,,-0.34818,-0.00448,0.03626,-0.07643,0.03848,0.07102,5255,-5289,-0.99415,-0.00756,0.10774,0.00192,0.99615,0.08764,-0.10798,0.08733,-0.99031,0.00000,3.13966
0.724806,-0.21176,-0.94875,9.36790,,-0.34440,-0.00308,0.03430,0.01544,-0.07964,0.12790,5255,-5289,-0.99424,-0.00805,0.10690,0.00135,0.99616,0.08757,-0.10719,0.08721,-0.99041,0.00000,3.14023
0.743811,-0.22014,-0.94277,9.36311,,-0.34062,-0.00308,0.03430,0.12482,0.04723,-0.07773,5255,-5289,-0.99427,-0.00838,0.10658,0.00098,0.99616,0.08749,-0.10690,0.08709,-0.99045,0.00000,3.14061
0.754198,-0.22074,-0.92991,9.32453,,-0.34930,-0.00980,0.04046,-0.10268,0.02098,-0.01210,5255,-5289,-0.99384,-0.01339,0.11003,-0.00369,0.99613,0.08786,-0.11078,0.08692,-0.99004,0.00000,3.14531
0.773343,-0.18873,-0.93320,9.43729,,-0.34748,-0.00952,0.03409,0.03732,-0.07089,0.10165,5255,-5289,-0.99398,-0.01700,0.10823,-0.00743,0.99608,0.08817,-0.10930,0.08684,-0.99021,0.00000,3.14907
0.792374,-0.20040,-0.93500,9.39961,,-0.34566,-0.00924,0.02772,-0.17268,0.13473,0.00102,5255,-5289,-0.99454,-0.01950,0.10256,-0.01042,0.99603,0.08835,-0.10387,0.08680,-0.99080,0.00000,3.15207
0.802615,-0.21535,-0.94397,9.43699,,-0.35042,-0.00504,0.03206,0.01982,0.06473,0.11040,5255,-5289,-0.99472,-0.01835,0.10098,-0.00943,0.99606,0.08814,-0.10220,0.08673,-0.99098,0.00000,3.15107
0.822613,-0.20459,-0.92602,9.40559,,-0.35042,-0.00504,0.03962,0.16857,-0.02277,0.09727,5255,-5289,-0.99431,-0.01746,0.10509,-0.00820,0.99609,0.08794,-0.10621,0.08658,-0.99057,0.00000,3.14984
0.835511,-0.20160,-0.93978,9.38405,,-0.34790,-0.01204,0.03962,-0.12018,0.11723,-0.09523,5255,-5289,-0.99387,-0.02178,0.10840,-0.01220,0.99602,0.08824,-0.10989,0.08638,-0.99018,0.00000,3.15387
0.848507,-0.21266,-0.92453,9.37598,,-0.34608,-0.00840,0.03584,-0.05018,-0.04027,0.03165,5255,-5289,-0.99385,-0.02250,0.10838,-0.01293,0.99602,0.08821,-0.10993,0.08626,-0.99019,0.00000,3.15460
0.875398,-0.20459,-0.92363,9.40977,,-0.34958,-0.00672,0.03374,0.31732,-0.01402,-0.11273,5255,-5289,-0.99406,-0.02175,0.10661,-0.01234,0.99604,0.08810,-0.10811,0.08626,-0.99039,0.00000,3.15401
0.888664,-0.20100,-0.77228,9.35235,,-0.34958,-0.00672,0.03374,-0.03268,0.20473,0.11477,5255,-5289,-0.99421,-0.02123,0.10531,-0.01194,0.99604,0.08811,-0.10676,0.08634,-0.99053,0.00000,3.15360
0.901726,-0.21535,-1.04925,9.38585,,-0.34846,0.00196,0.03416,-0.28643,0.13473,0.07977,5255,-5289,-0.99439,-0.01465,0.10472,-0.00550,0.99618,0.08716,-0.10559,0.08609,-0.99068,0.00000,3.14712
0.914839,-0.21057,-0.92124,9.38405,,-0.34846,0.00196,0.03416,0.18607,0.25723,-0.09523,5255,-5289,-0.99450,-0.00968,0.10427,-0.00062,0.99625,0.08657,-0.10472,0.08603,-0.99077,0.00000,3.14222
0.928065,-0.20339,-0.95892,9.40918,,-0.35462,-0.00112,0.02744,-0.17268,-0.09277,-0.02523,5255,-5289,-0.99509,-0.00812,0.09865,0.00042,0.99627,0.08629,-0.09898,0.08591,-0.99137,0.00000,3.14117
0.941808,-0.22552,-0.94935,9.41037,,-0.35462,-0.00112,0.02744,-0.09393,0.17848,-0.04273,5255,-5289,-0.99550,-0.00695,0.09447,0.00121,0.99629,0.08606,-0.09472,0.08579,-0.99180,0.00000,3.14038
0.956491,-0.22134,-0.96191,9.43550,,-0.34930,0.00588,0.02170,-0.03268,-0.06214,-0.04710,5255,-5289,-0.99616,-0.00110,0.08754,0.00641,0.99632,0.08544,-0.08731,0.08567,-0.99249,0.00000,3.13516
0.981918,-0.20937,-0.95593,9.43550,,-0.34902,-0.00224,0.03626,-0.19893,0.05598,0.06227,5255,-5289,-0.99570,-0.00253,0.09262,0.00541,0.99634,0.08534,-0.09249,0.08548,-0.99204,0.00000,3.13616
0.996570,-0.21476,-0.92064,9.37269,,-0.34902,-0.00224,0.03626,-0.05018,0.04723,0.11477,5255,-5289,-0.99533,-0.00362,0.09648,0.00464,0.99635,0.08528,-0.09643,0.08533,-0.99167,0.00000,3.13693
1.011649,-0.23330,-0.96431,9.42712,,-0.34986,-0.00924,0.03654,0.04607,0.17848,0.05352,5255,-5289,-0.99498,-0.00943,0.09959,-0.00087,0.99632,0.08567,-0.10003,0.08516,-0.99133,0.00000,3.14247
1.026031,-0.22732,-0.97508,9.41396,,-0.34986,-0.00924,0.03178,-0.01518,0.13473,-0.04273,5255,-5289,-0.99503,-0.01376,0.09858,-0.00527,0.99629,0.08593,-0.09940,0.08498,-0.99141,0.00000,3.14688
1.040522,-0.19920,-0.95234,9.42952,,-0.35126,-0.00448,0.03178,-0.28643,0.05598,-0.00773,5255,-5289,-0.99513,-0.01359,0.09767,-0.00519,0.99630,0.08573,-0.09848,0.08481,-0.99152,0.00000,3.14681
1.053993,-0.21416,-0.92782,9.42054,,-0.35126,0.00252,0.02758,0.10732,0.13473,-0.06898,5255,-5289,-0.99553,-0.00846,0.09405,-0.00042,0.99637,0.08518,-0.09443,0.08476,-0.99192,0.00000,3.14202
1.067252,-0.21356,-0.93858,9.41486,,-0.35070,0.00252,0.02877,-0.06768,0.08661,0.05352,5255,-5289,-0.99573,-0.00466,0.09218,0.00318,0.99640,0.08468,-0.09224,0.08461,-0.99214,0.00000,3.13840
1.090936,-0.20758,-0.93260,9.37269,,-0.35182,0.00728,0.02996,0.01107,-0.00527,0.03602,5255,-5289,-0.99581,0.00161,0.09149,0.00933,0.99642,0.08397,-0.09102,0.08447,-0.99226,0.00000,3.13223
1.104729,-0.20698,-0.92124,9.42234,,-0.35070,-0.00560,0.02884,-0.06768,0.00348,0.11477,5255,-5289,-0.99592,-0.00292,0.09023,0.00471,0.99643,0.08424,-0.09016,0.08432,-0.99235,0.00000,3.13686
1.119792,-0.20399,-1.06182,9.38226,,-0.35070,-0.00560,0.02884,-0.16393,-0.20652,0.13227,5255,-5289,-0.99599,-0.00631,0.08924,0.00123,0.99645,0.08423,-0.08945,0.08401,-0.99244,0.00000,3.14036
1.134760,-0.20160,-0.92662,9.38286,,-0.35854,-0.00196,0.03024,-0.14643,-0.13652,0.08852,5255,-5289,-0.99601,-0.00620,0.08899,0.00130,0.99646,0.08406,-0.08920,0.08384,-0.99248,0.00000,3.14028
1.148797,-0.23270,-0.94816,9.41516,,-0.35854,-0.00196,0.03024,-0.13768,0.08223,-0.14773,5255,-5289,-0.99602,-0.00607,0.08889,0.00142,0.99648,0.08387,-0.08908,0.08366,-0.99250,0.00000,3.14017
1.162992,-0.20758,-0.92124,9.36910,,-0.35042,0.00168,0.04354,-0.02393,-0.18027,0.08852,5255,-5289,-0.99511,-0.00345,0.09866,0.00481,0.99651,0.08339,-0.09861,0.08345,-0.99162,0.00000,3.13676
1.177763,-0.20877,-0.92124,9.34756,,-0.35042,0.00168,0.04354,-0.12893,0.10848,0.11477,5255,-5289,-0.99435,-0.00151,0.10612,0.00734,0.99653,0.08294,-0.10588,0.08325,-0.99089,0.00000,3.13421
1.192531,-0.20518,-0.94935,9.39661,,-0.34398,-0.00252,0.03906,0.17732,0.12598,0.14977,5255,-5289,-0.99403,-0.00309,0.10909,0.00601,0.99654,0.08293,-0.10897,0.08309,-0.99057,0.00000,3.13555
1.206372,-0.20100,-0.94786,9.33949,,-0.34118,0.00084,0.03808,0.04169,-0.00527,0.09290,5255,-5289,-0.99383,-0.00188,0.11086,0.00733,0.99656,0.08260,-0.11063,0.08291,-0.99040,0.00000,3.13422
1.231894,-0.23330,-0.91944,9.33620,,-0.35350,-0.00084,0.02954,-0.14643,0.08223,0.00977,5255,-5289,-0.99444,-0.00212,0.10526,0.00661,0.99657,0.08249,-0.10507,0.08273,-0.99102,0.00000,3.13495
1.246738,-0.21117,-0.92961,9.42652,,-0.35350,-0.00084,0.02954,0.09857,0.17848,0.02727,5255,-5289,-0.99488,-0.00230,0.10101,0.00607,0.99658,0.08240,-0.10086,0.08259,-0.99147,0.00000,3.13550
1.260218,-0.21655,-0.97627,9.38944,,-0.34202,0.00028,0.02142,-0.03268,-0.06652,-0.08648,5255,-5289,-0.99568,-0.00162,0.09284,0.00604,0.99660,0.08218,-0.09266,0.08239,-0.99228,0.00000,3.13552
1.273390,-0.21595,-0.92303,9.42234,,-0.34202,0.00028,0.02142,0.02857,0.10848,0.16727,5255,-5289,-0.99624,-0.00116,0.08661,0.00597,0.99661,0.08203,-0.08641,0.08224,-0.99286,0.00000,3.13560
1.286505,-0.22672,-0.91525,9.36072,,-0.34258,-0.00616,0.04956,0.01982,0.02973,-0.07773,5255,-5289,-0.99480,-0.00535,0.10174,0.00305,0.99661,0.08218,-0.10184,0.08206,-0.99141,0.00000,3.13853
1.299673,-0.22552,-0.94487,9.40858,,-0.34258,-0.00196,0.04053,0.19044,-0.04464,0.12790,5255,-5289,-0.99426,-0.00559,0.10688,0.00321,0.99663,0.08202,-0.10697,0.08190,-0.99088,0.00000,3.13836
1.322903,-0.20937,-0.95533,9.40319,,-0.35098,0.00224,0.03150,-0.21643,0.00348,0.04477,5255,-5289,-0.99460,-0.00270,0.10378,0.00580,0.99665,0.08152,-0.10365,0.08168,-0.99125,0.00000,3.13576
1.335910,-0.19143,-0.96132,9.36611,,-0.33642,0.00168,0.03150,-0.15518,0.08223,0.07102,5255,-5289,-0.99473,-0.00096,0.10250,0.00739,0.99668,0.08113,-0.10224,0.08146,-0.99142,0.00000,3.13416
1.349090,-0.22971,-0.92064,9.34397,,-0.33642,0.00168,0.03150,0.27357,-0.33777,0.08852,5255,-5289,-0.99484,0.00034,0.10148,0.00859,0.99669,0.08087,-0.10112,0.08132,-0.99155,0.00000,3.13296
1.362289,-0.20847,-1.01097,9.40619,,-0.35938,0.00336,0.03136,0.02857,-0.07089,0.00540,5255,-5289,-0.99509,0.00255,0.09894,0.01054,0.99671,0.08041,-0.09841,0.08105,-0.99184,0.00000,3.13100
1.385747,-0.18963,-0.96371,9.39063,,-0.35938,0.00336,0.04354,0.11607,-0.06652,0.05352,5255,-5289,-0.99440,0.00417,0.10564,0.01268,0.99672,0.07997,-0.10496,0.08086,-0.99118,0.00000,3.12884
1.398771,-0.22851,-0.92183,9.37388,,-0.35014,-0.00504,0.04354,-0.00643,0.06473,0.02727,5255,-5289,-0.99377,-0.00059,0.11143,0.00841,0.99674,0.08026,-0.11112,0.08070,-0.99053,0.00000,3.13313
1.411981,-0.21416,-0.94935,9.37867,,-0.35014,0.00056,0.04732,-0.03268,-0.04902,0.18477,5255,-5289,-0.99296,-0.00019,0.11845,0.00934,0.99676,0.07993,-0.11808,0.08047,-0.98974,0.00000,3.13218
1.425154,-0.20728,-0.86231,9.42024,,-0.35126,0.00056,0.04732,0.00669,0.12598,0.10602,5255,-5289,-0.99232,0.00010,0.12371,0.01004,0.99677,0.07972,-0.12331,0.08035,-0.98911,0.00000,3.13148
1.448340,-0.19561,-0.92542,9.37687,,-0.35070,-0.00420,0.04508,-0.03268,0.04723,0.01852,5255,-5289,-0.99201,-0.00305,0.12613,0.00710,0.99678,0.07990,-0.12596,0.08016,-0.98879,0.00000,3.13444
1.461452,-0.21236,-0.93858,9.43370,,-0.35070,-0.00420,0.04508,-0.08518,-0.13652,0.15852,5255,-5289,-0.99177,-0.00543,0.12794,0.00486,0.99679,0.07998,-0.12796,0.07994,-0.98855,0.00000,3.13669
1.474623,-0.22792,-0.94696,9.41336,,-0.34874,-0.00224,0.04060,0.14232,0.26598,0.15852,5255,-5289,-0.99196,-0.00583,0.12643,0.00432,0.99680,0.07986,-0.12649,0.07976,-0.98876,0.00000,3.13724
1.487738,-0.21057,-0.94905,9.42712,,-0.34818,-0.00336,0.01974,-0.10268,-0.06214,0.04477,5255,-5289,-0.99384,-0.00692,0.11058,0.00195,0.99680,0.07988,-0.11078,0.07960,-0.99065,0.00000,3.13963
1.511036,-0.22433,-0.91167,9.35354,,-0.34762,-0.00448,0.03472,0.02857,-0.16277,0.13227,5255,-5289,-0.99399,-0.00853,0.10911,0.00022,0.99680,0.07989,-0.10945,0.07944,-0.99081,0.00000,3.14138
1.524117,-0.21894,-0.93918,9.42952,,-0.34566,-0.00196,0.04018,0.09857,0.16973,0.12352,5255,-5289,-0.99367,-0.00795,0.11206,0.00101,0.99682,0.07962,-0.11233,0.07923,-0.99051,0.00000,3.14058
1.537229,-0.21356,-0.91825,9.39901,,-0.34566,-0.00196,0.04018,-0.13768,0.10848,0.05352,5255,-5289,-0.99342,-0.00749,0.11429,0.00161,0.99685,0.07935,-0.11452,0.07901,-0.99027,0.00000,3.13997
1.550386,-0.21206,-0.93171,9.42084,,-0.35126,0.00112,0.04662,-0.06768,0.02098,0.13665,5255,-5289,-0.99276,-0.00496,0.12005,0.00455,0.99688,0.07878,-0.12007,0.07875,-0.98964,0.00000,3.13701
1.573612,-0.21296,-0.94696,9.37747,,-0.35126,0.00280,0.04578,-0.12893,0.00348,0.08852,5255,-5289,-0.99230,-0.00183,0.12381,0.00791,0.99691,0.07812,-0.12358,0.07849,-0.98923,0.00000,3.13363
1.586622,-0.21176,-0.94636,9.38944,,-0.35126,0.00280,0.04578,0.22107,0.10848,-0.03398,5255,-5289,-0.99194,0.00052,0.12667,0.01043,0.99693,0.07760,-0.12625,0.07830,-0.98890,0.00000,3.13108
1.599810,-0.20100,-0.79382,9.44447,,-0.35826,-0.00084,0.04550,-0.17268,-0.03152,-0.06023,5255,-5289,-0.99178,-0.00032,0.12798,0.00970,0.99694,0.07760,-0.12761,0.07820,-0.98874,0.00000,3.13182
1.612925,-0.19382,-0.93559,9.40379,,-0.35378,-0.00266,0.03941,-0.00643,0.04723,-0.00335,5255,-5289,-0.99214,-0.00225,0.12510,0.00753,0.99695,0.07766,-0.12489,0.07799,-0.98910,0.00000,3.13400
1.636086,-0.21476,-0.92842,9.38704,,-0.34930,-0.00448,0.03332,-0.09393,-0.10152,-0.00773,5255,-5289,-0.99288,-0.00500,0.11902,0.00431,0.99696,0.07781,-0.11905,0.07777,-0.98984,0.00000,3.13725
1.649099,-0.20578,-0.92124,9.35175,,-0.34258,-0.00280,0.03570,-0.02393,-0.00527,-0.04273,5255,-5289,-0.99315,-0.00587,0.11666,0.00324,0.99697,0.07773,-0.11676,0.07758,-0.99013,0.00000,3.13833
1.662281,-0.21775,-0.93500,9.40738,,-0.34258,-0.00280,0.03570,0.01107,-0.07527,0.00977,5255,-5289,-0.99336,-0.00654,0.11485,0.00241,0.99698,0.07761,-0.11501,0.07737,-0.99035,0.00000,3.13917
1.675410,-0.20847,-0.95414,9.40409,,-0.34734,-0.00560,0.01288,0.04607,-0.10152,0.08852,5255,-5289,-0.99525,-0.00907,0.09695,-0.00151,0.99697,0.07776,-0.09737,0.07724,-0.99225,0.00000,3.14311
1.698679,-0.21954,-0.94516,9.43550,,-0.35322,-0.00056,0.03360,-0.08518,0.17848,-0.06023,5255,-5289,-0.99520,-0.00725,0.09763,0.00033,0.99700,0.07734,-0.09790,0.07700,-0.99221,0.00000,3.14126
1.711737,-0.22672,-0.92243,9.41636,,-0.35322,-0.00056,0.03360,0.01107,0.02973,0.08852,5255,-5289,-0.99516,-0.00593,0.09813,0.00166,0.99703,0.07701,-0.09829,0.07680,-0.99219,0.00000,3.13993
1.724832,-0.18903,-0.91406,9.45105,,-0.35154,-0.00644,0.02380,0.19482,0.10848,0.04477,5255,-5289,-0.99575,-0.00914,0.09165,-0.00205,0.99702,0.07718,-0.09208,0.07666,-0.99280,0.00000,3.14365
1.737990,-0.21505,-0.86620,9.37209,,-0.34944,-0.00378,0.02653,0.00669,0.00348,0.01852,5255,-5289,-0.99600,-0.00965,0.08883,-0.00279,0.99702,0.07709,-0.08931,0.07653,-0.99306,0.00000,3.14439
1.761243,-0.23569,-0.94397,9.43191,,-0.34734,-0.00112,0.02926,0.01107,0.00348,0.07102,5255,-5289,-0.99602,-0.00815,0.08877,-0.00132,0.99705,0.07673,-0.08913,0.07631,-0.99309,0.00000,3.14292
1.774259,-0.21655,-0.96072,9.38166,,-0.35238,-0.00112,0.02800,0.08107,-0.04902,-0.14773,5255,-5289,-0.99614,-0.00695,0.08748,-0.00025,0.99708,0.07639,-0.08776,0.07607,-0.99323,0.00000,3.14184
1.787382,-0.20399,-0.92363,9.51027,,-0.35238,-0.00112,0.02800,-0.13768,0.00348,-0.06898,5255,-5289,-0.99623,-0.00606,0.08650,0.00054,0.99710,0.07609,-0.08671,0.07585,-0.99334,0.00000,3.14105
1.800528,-0.21685,-0.98524,9.36790,,-0.35182,-0.00616,0.03640,0.04607,0.06473,0.10165,5255,-5289,-0.99574,-0.00906,0.09177,-0.00206,0.99710,0.07606,-0.09220,0.07554,-0.99287,0.00000,3.14366
1.823757,-0.21476,-0.92183,9.37807,,-0.34930,-0.00644,0.03122,-0.05018,0.11723,0.02727,5255,-5289,-0.99567,-0.01148,0.09227,-0.00445,0.99709,0.07605,-0.09287,0.07531,-0.99283,0.00000,3.14606
1.836782,-0.22493,-0.93619,9.43131,,-0.34930,-0.00644,0.03122,-0.10268,-0.09277,0.08852,5255,-5289,-0.99561,-0.01331,0.09262,-0.00627,0.99709,0.07597,-0.09336,0.07505,-0.99280,0.00000,3.14789
1.849965,-0.21655,-0.95892,9.37687,,-0.34902,-0.00728,0.04508,0.05482,0.06473,0.00102,5255,-5289,-0.99459,-0.01526,0.10273,-0.00746,0.99709,0.07584,-0.10359,0.07466,-0.99181,0.00000,3.14910
1.863100,-0.23061,-0.98225,9.39721,,-0.34902,-0.00266,0.03885,-0.04143,0.03411,0.11477,5255,-5289,-0.99427,-0.01347,0.10602,-0.00548,0.99714,0.07533,-0.10673,0.07431,-0.99151,0.00000,3.14710
1.886299,-0.20997,-0.93141,9.42054,,-0.34342,0.00196,0.03262,0.22107,0.05598,0.17602,5255,-5289,-0.99448,-0.00890,0.10451,-0.00107,0.99721,0.07466,-0.10488,0.07413,-0.99172,0.00000,3.14267
1.899318,-0.21416,-0.93679,9.40918,,-0.34566,-0.00448,0.03080,-0.05893,0.20473,0.00102,5255,-5289,-0.99474,-0.00999,0.10193,-0.00237,0.99722,0.07453,-0.10239,0.07389,-0.99200,0.00000,3.14398
1.912493,-0.22911,-0.93739,9.44806,,-0.34566,-0.00448,0.03080,-0.01518,-0.09277,0.23727,5255,-5289,-0.99494,-0.01086,0.09993,-0.00341,0.99722,0.07438,-0.10046,0.07366,-0.99221,0.00000,3.14502
1.925637,-0.20040,-0.98524,9.35295,,-0.34426,-0.00280,0.03584,0.02857,0.01223,0.09290,5255,-5289,-0.99473,-0.01030,0.10205,-0.00274,0.99725,0.07400,-0.10254,0.07334,-0.99202,0.00000,3.14435
1.948791,-0.21655,-0.92183,9.42772,,-0.34426,-0.00280,0.03864,0.09857,-0.18027,0.07102,5255,-5289,-0.99436,-0.00987,0.10564,-0.00207,0.99728,0.07371,-0.10608,0.07307,-0.99167,0.00000,3.14367
1.961849,-0.20758,-0.94995,9.40439,,-0.34846,-0.00028,0.03864,-0.23393,-0.16277,0.00977,5255,-5289,-0.99412,-0.00769,0.10804,0.00024,0.99732,0.07315,-0.10832,0.07274,-0.99145,0.00000,3.14135
1.974942,-0.22612,-0.93320,9.43370,,-0.34846,-0.00560,0.02828,-0.09393,0.02973,0.08852,5255,-5289,-0.99467,-0.00988,0.10261,-0.00237,0.99732,0.07314,-0.10305,0.07251,-0.99203,0.00000,3.14397
1.988081,-0.19621,-0.95115,9.40290,,-0.34622,-0.00560,0.02828,-0.07643,0.02973,0.16727,5255,-5289,-0.99506,-0.01159,0.09861,-0.00438,0.99732,0.07304,-0.09919,0.07225,-0.99244,0.00000,3.14599
2.011318,-0.22612,-0.94038,9.44208,,-0.34790,-0.00336,0.03822,-0.13768,-0.16277,0.13227,5255,-5289,-0.99467,-0.01121,0.10247,-0.00375,0.99735,0.07269,-0.10302,0.07192,-0.99208,0.00000,3.14536
2.024287,-0.22253,-0.94935,9.37089,,-0.34790,-0.00336,0.00238,0.29107,0.21348,-0.05148,5255,-5289,-0.99673,-0.01092,0.08012,-0.00509,0.99735,0.07256,-0.08070,0.07191,-0.99414,0.00000,3.14670
2.037411,-0.23809,-0.91944,9.41576,,-0.34902,-0.01064,0.02058,-0.01518,-0.04902,-0.08648,5255,-5289,-0.99699,-0.01585,0.07588,-0.01032,0.99730,0.07270,-0.07682,0.07170,-0.99446,0.00000,3.15195
2.050588,-0.20937,-0.88205,9.40798,,-0.34902,-0.00630,0.04879,-0.02831,0.02098,0.00540,5255,-5289,-0.99556,-0.01644,0.09266,-0.00973,0.99733,0.07243,-0.09360,0.07120,-0.99306,0.00000,3.15136
2.074034,-0.21416,-0.93380,9.45464,,-0.34902,-0.00196,0.04116,0.09857,0.09098,0.09727,5255,-5289,-0.99489,-0.01382,0.10000,-0.00663,0.99739,0.07187,-0.10073,0.07084,-0.99239,0.00000,3.14826
2.087069,-0.19322,-0.94158,9.41935,,-0.34986,-0.01064,0.03640,-0.06768,0.25723,0.20227,5255,-5289,-0.99461,-0.01808,0.10214,-0.01074,0.99735,0.07199,-0.10317,0.07051,-0.99216,0.00000,3.15239
2.100261,-0.22851,-0.93978,9.44148,,-0.34986,-0.01064,0.03640,0.02857,0.08223,-0.03398,5255,-5289,-0.99437,-0.02122,0.10377,-0.01376,0.99731,0.07204,-0.10502,0.07021,-0.99199,0.00000,3.15543
2.113374,-0.19920,-0.85543,9.42323,,-0.35070,-0.00616,0.03248,-0.00643,0.06473,-0.02523,5255,-5289,-0.99456,-0.02036,0.10216,-0.01304,0.99734,0.07178,-0.10335,0.07006,-0.99217,0.00000,3.15471
2.136578,-0.19681,-0.93918,9.44567,,-0.34986,-0.00868,0.02884,0.28232,0.27473,0.03602,5255,-5289,-0.99491,-0.02156,0.09845,-0.01452,0.99732,0.07169,-0.09973,0.06990,-0.99256,0.00000,3.15618
2.149648,-0.19382,-0.77707,9.38944,,-0.34986,-0.00868,0.02884,-0.22518,-0.14527,-0.03398,5255,-5289,-0.99517,-0.02242,0.09556,-0.01559,0.99731,0.07165,-0.09691,0.06981,-0.99284,0.00000,3.15726
2.162769,-0.19980,-0.93858,9.41516,,-0.35070,-0.00504,0.02618,-0.06768,0.05598,0.00102,5255,-5289,-0.99560,-0.02047,0.09146,-0.01397,0.99736,0.07122,-0.09268,0.06962,-0.99326,0.00000,3.15562
2.175911,-0.21416,-0.92513,9.42862,,-0.34790,-0.00280,0.02422,0.12482,0.06911,0.07102,5255,-5289,-0.99604,-0.01749,0.08718,-0.01132,0.99743,0.07075,-0.08819,0.06948,-0.99368,0.00000,3.15296
2.199266,-0.21296,-0.97208,9.40918,,-0.34510,-0.00056,0.02226,-0.04143,-0.03152,0.15852,5255,-5289,-0.99648,-0.01369,0.08267,-0.00788,0.99751,0.07013,-0.08342,0.06923,-0.99411,0.00000,3.14950
2.212276,-0.21236,-0.96610,9.41217,,-0.34398,-0.00588,0.03850,0.17732,0.20473,-0.18273,5255,-5289,-0.99576,-0.01454,0.09084,-0.00819,0.99752,0.06986,-0.09163,0.06882,-0.99341,0.00000,3.14982
2.225378,-0.23270,-0.94098,9.38525,,-0.34398,-0.00588,0.03850,-0.01518,-0.13652,0.00977,5255,-5289,-0.99516,-0.01523,0.09704,-0.00848,0.99754,0.06958,-0.09786,0.06842,-0.99285,0.00000,3.15011
2.238550,-0.21984,-0.93350,9.38734,,-0.35098,-0.00336,0.02240,0.03294,0.02536,0.11915,5255,-5289,-0.99585,-0.01394,0.08990,-0.00771,0.99757,0.06922,-0.09065,0.06824,-0.99354,0.00000,3.14934
2.261773,-0.20758,-0.94516,9.41636,,-0.35350,-0.00420,0.02716,0.15107,0.16973,0.00977,5255,-5289,-0.99605,-0.01349,0.08771,-0.00745,0.99760,0.06890,-0.08843,0.06798,-0.99376,0.00000,3.14907
2.274824,-0.22313,-0.94696,9.42174,,-0.35350,-0.00420,0.02716,-0.24268,0.17848,0.10602,5255,-5289,-0.99620,-0.01317,0.08607,-0.00727,0.99762,0.06853,-0.08677,0.06764,-0.99393,0.00000,3.14889
2.288030,-0.20698,-0.93799,9.39303,,-0.35070,-0.00896,0.02100,-0.12893,-0.18027,0.14102,5255,-5289,-0.99662,-0.01637,0.08054,-0.01085,0.99759,0.06849,-0.08147,0.06738,-0.99440,0.00000,3.15248
2.301257,-0.22104,-0.92273,9.40170,,-0.35196,-0.00854,0.02723,0.04169,0.02973,0.00102,5255,-5289,-0.99656,-0.01842,0.08075,-0.01289,0.99758,0.06837,-0.08181,0.06710,-0.99439,0.00000,3.15453
2.324404,-0.22074,-0.94576,9.36730,,-0.35322,-0.00812,0.03346,0.23857,0.07348,0.06227,5255,-5289,-0.99616,-0.01964,0.08526,-0.01383,0.99758,0.06816,-0.08640,0.06672,-0.99402,0.00000,3.15548
2.337452,-0.21057,-0.97388,9.38884,,-0.34594,-0.00252,0.02618,0.00232,0.10848,-0.05148,5255,-5289,-0.99633,-0.01663,0.08396,-0.01096,0.99765,0.06756,-0.08489,0.06639,-0.99418,0.00000,3.15260
2.350667,-0.21356,-0.96610,9.43310,,-0.34594,-0.00252,0.02618,0.11607,-0.09277,0.00102,5255,-5289,-0.99645,-0.01439,0.08293,-0.00883,0.99771,0.06705,-0.08371,0.06608,-0.99430,0.00000,3.15045
2.363805,-0.24885,-0.92363,9.43550,,-0.34790,-0.00364,0.02674,0.02857,-0.00527,0.02727,5255,-5289,-0.99650,-0.01348,0.08248,-0.00798,0.99774,0.06667,-0.08319,0.06578,-0.99436,0.00000,3.14960
2.377151,-0.23001,-0.92243,9.40559,,-0.35056,-0.00210,0.03122,-0.24706,-0.10589,0.05790,5255,-5289,-0.99630,-0.01168,0.08510,-0.00605,0.99779,0.06613,-0.08568,0.06537,-0.99418,0.00000,3.14767
2.400574,-0.19143,-0.93679,9.43191,,-0.35322,-0.00056,0.03570,0.00232,0.02098,0.02727,5255,-5289,-0.99589,-0.00920,0.09010,-0.00328,0.99784,0.06555,-0.09051,0.06498,-0.99377,0.00000,3.14489
2.413606,-0.19741,-0.93200,9.40439,,-0.34650,-0.00756,0.03738,0.20357,0.01223,0.02727,5255,-5289,-0.99535,-0.01239,0.09550,-0.00614,0.99783,0.06551,-0.09610,0.06462,-0.99327,0.00000,3.14776
2.426771,-0.26560,-0.76630,9.39661,,-0.34650,-0.00756,0.03738,0.05482,0.11723,0.03602,5255,-5289,-0.99491,-0.01480,0.09970,-0.00827,0.99781,0.06557,-0.10045,0.06441,-0.99285,0.00000,3.14990
2.440014,-0.20309,-0.93918,9.43490,,-0.36414,-0.00840,0.02758,-0.02393,-0.00964,0.23290,5255,-5289,-0.99537,-0.01711,0.09463,-0.01093,0.99779,0.06547,-0.09554,0.06413,-0.99336,0.00000,3.15257
2.463313,-0.20279,-0.92423,9.42234,,-0.34566,-0.00672,0.03234,-0.03268,0.01223,0.06227,5255,-5289,-0.99528,-0.01776,0.09545,-0.01155,0.99781,0.06519,-0.09639,0.06378,-0.99330,0.00000,3.15320
2.476384,-0.20877,-0.90628,9.40738,,-0.34566,-0.00672,0.03234,-0.06768,0.11723,0.09727,5255,-5289,-0.99520,-0.01825,0.09610,-0.01203,0.99782,0.06492,-0.09707,0.06345,-0.99325,0.00000,3.15368
2.489568,-0.20279,-1.06421,9.48455,,-0.35322,-0.00588,0.04158,0.06357,0.14348,0.09727,5255,-5289,-0.99456,-0.01791,0.10261,-0.01133,0.99786,0.06438,-0.10355,0.06287,-0.99264,0.00000,3.15299
2.502714,-0.20608,-0.94367,9.40200,,-0.35322,-0.00140,0.03395,0.03294,-0.00527,0.01852,5255,-5289,-0.99467,-0.01446,0.10213,-0.00797,0.99794,0.06368,-0.10284,0.06253,-0.99273,0.00000,3.14961
2.525910,-0.21595,-0.89970,9.38704,,-0.35462,0.00308,0.02632,0.15107,-0.09277,0.04477,5255,-5289,-0.99532,-0.00869,0.09626,-0.00263,0.99802,0.06286,-0.09661,0.06231,-0.99337,0.00000,3.14424
2.539001,-0.20279,-0.95055,9.39482,,-0.35462,-0.00896,0.03136,0.06357,0.25723,0.28102,5255,-5289,-0.99535,-0.01302,0.09542,-0.00702,0.99800,0.06290,-0.09604,0.06194,-0.99345,0.00000,3.14865
2.552158,-0.21775,-0.90568,9.42712,,-0.35462,-0.00896,0.03136,0.02857,-0.13652,0.13227,5255,-5289,-0.99537,-0.01621,0.09473,-0.01027,0.99797,0.06287,-0.09556,0.06161,-0.99352,0.00000,3.15191
2.565318,-0.21147,-0.94068,9.43879,,-0.35168,-0.00644,0.03822,-0.04143,0.02536,0.07977,5255,-5289,-0.99492,-0.01682,0.09929,-0.01063,0.99799,0.06253,-0.10014,0.06115,-0.99309,0.00000,3.15228
2.588453,-0.22074,-0.90748,9.37927,,-0.34874,-0.00644,0.02884,0.10732,0.09098,0.14977,5255,-5289,-0.99520,-0.01733,0.09634,-0.01135,0.99799,0.06227,-0.09723,0.06087,-0.99340,0.00000,3.15300
2.601506,-0.21835,-0.92782,9.40619,,-0.35266,-0.00868,0.02884,-0.13768,0.09973,0.07102,5255,-5289,-0.99540,-0.01924,0.09383,-0.01343,0.99798,0.06208,-0.09483,0.06053,-0.99365,0.00000,3.15509
2.614667,-0.21356,-0.88176,9.44746,,-0.35266,-0.00672,0.02576,-0.04143,-0.22402,0.03602,5255,-5289,-0.99578,-0.01926,0.08968,-0.01374,0.99799,0.06179,-0.09069,0.06029,-0.99405,0.00000,3.15539
2.627864,-0.20997,-0.93799,9.39452,,-0.34902,-0.00672,0.02576,0.05482,-0.03589,-0.03835,5255,-5289,-0.99604,-0.01930,0.08679,-0.01398,0.99801,0.06144,-0.08781,0.05998,-0.99433,0.00000,3.15563
2.651088,-0.19502,-0.93619,9.40559,,-0.35238,-0.00700,0.03346,0.01107,0.02098,0.01852,5255,-5289,-0.99576,-0.01949,0.08985,-0.01402,0.99804,0.06106,-0.09086,0.05954,-0.99408,0.00000,3.15568
2.664078,-0.21356,-0.93799,9.36670,,-0.35238,-0.00700,0.03346,-0.08518,0.00348,0.07977,5255,-5289,-0.99555,-0.01965,0.09219,-0.01408,0.99806,0.06066,-0.09320,0.05909,-0.99389,0.00000,3.15573
2.677192,-0.20459,-0.77109,9.39003,,-0.35238,-0.00308,0.02240,-0.08518,-0.31152,0.26352,5255,-5289,-0.99615,-0.01702,0.08605,-0.01185,0.99811,0.06024,-0.08692,0.05899,-0.99447,0.00000,3.15349
2.690355,-0.23210,-0.94307,9.41067,,-0.35084,-0.00392,0.02513,0.00669,-0.11464,0.09290,5255,-5289,-0.99639,-0.01565,0.08347,-0.01067,0.99816,0.05974,-0.08425,0.05863,-0.99472,0.00000,3.15230
2.713566,-0.20638,-0.92662,9.38585,,-0.34930,-0.00476,0.02786,0.18607,0.02973,0.00102,5255,-5289,-0.99639,-0.01520,0.08356,-0.01025,0.99819,0.05934,-0.08431,0.05827,-0.99473,0.00000,3.15188
2.726568,-0.19083,-0.95833,9.44806,,-0.34930,-0.00924,0.03486,-0.18143,0.04723,0.02727,5255,-5289,-0.99591,-0.01805,0.08857,-0.01284,0.99817,0.05912,-0.08948,0.05774,-0.99431,0.00000,3.15448
2.740004,-0.05025,-0.94516,9.39123,,-0.34930,-0.00924,0.03486,0.03732,-0.14527,0.13227,5255,-5289,-0.99554,-0.02021,0.09220,-0.01481,0.99815,0.05889,-0.09322,0.05726,-0.99400,0.00000,3.15647
2.753185,-0.20997,-0.95085,9.38794,,-0.35154,-0.00028,0.03402,-0.14206,-0.12777,-0.01648,5255,-5289,-0.99542,-0.01537,0.09437,-0.00992,0.99827,0.05796,-0.09510,0.05676,-0.99385,0.00000,3.15156
2.776438,-0.17408,-0.92961,9.37089,,-0.35070,-0.00140,0.02534,-0.40893,0.12598,0.23727,5255,-5289,-0.99587,-0.01262,0.08995,-0.00748,0.99833,0.05726,-0.09052,0.05635,-0.99430,0.00000,3.14910
2.789599,-0.21416,-0.91884,9.41576,,-0.35070,-0.00140,0.02534,0.17732,0.23098,0.09727,5255,-5289,-0.99618,-0.01054,0.08665,-0.00563,0.99837,0.05673,-0.08711,0.05602,-0.99462,0.00000,3.14725
2.802739,-0.21117,-1.05823,9.23151,,-0.35210,0.00028,0.02884,0.15107,-0.02277,0.05352,5255,-5289,-0.99622,-0.00776,0.08650,-0.00292,0.99843,0.05592,-0.08680,0.05546,-0.99468,0.00000,3.14453
2.815850,-0.22134,-0.91436,9.42862,,-0.35154,0.00070,0.02604,-0.05456,-0.13214,0.00102,5255,-5289,-0.99642,-0.00537,0.08440,-0.00070,0.99847,0.05530,-0.08457,0.05504,-0.99490,0.00000,3.14229
2.839078,-0.22493,-0.95713,9.39602,,-0.35098,0.00112,0.02324,0.05482,0.02098,0.08852,5255,-5289,-0.99672,-0.00330,0.08090,0.00113,0.99850,0.05469,-0.08095,0.05460,-0.99522,0.00000,3.14046
2.852167,-0.21356,-0.77049,9.43909,,-0.34286,-0.00616,0.03332,0.10732,-0.02277,0.17602,5255,-5289,-0.99628,-0.00699,0.08584,-0.00229,0.99850,0.05472,-0.08609,0.05432,-0.99481,0.00000,3.14389
2.865308,-0.22552,-0.92662,9.42533,,-0.34286,-0.00616,0.03332,0.06357,0.08223,0.14977,5255,-5289,-0.99593,-0.00977,0.08964,-0.00488,0.99850,0.05452,-0.09004,0.05386,-0.99448,0.00000,3.14650
2.878438,-0.23509,-0.93440,9.36700,,-0.34174,-0.00140,0.02674,-0.03268,-0.09714,0.02290,5255,-5289,-0.99609,-0.00845,0.08793,-0.00370,0.99854,0.05395,-0.08826,0.05341,-0.99466,0.00000,3.14531
2.901668,-0.21595,-0.91645,9.40499,,-0.35126,-0.00756,0.01974,0.03732,-0.02277,0.26352,5255,-5289,-0.99664,-0.01185,0.08106,-0.00749,0.99852,0.05382,-0.08158,0.05303,-0.99525,0.00000,3.14911
2.914742,-0.20638,-0.79202,9.37807,,-0.35126,-0.00756,0.01974,-0.01518,-0.13652,0.31602,5255,-5289,-0.99702,-0.01440,0.07582,-0.01033,0.99850,0.05372,-0.07648,0.05278,-0.99567,0.00000,3.15196
2.927917,-0.17527,-0.79621,9.38944,,-0.35014,0.00056,0.02478,-0.05018,0.02973,0.25477,5255,-5289,-0.99709,-0.01050,0.07548,-0.00649,0.99857,0.05311,-0.07593,0.05246,-0.99573,0.00000,3.14810
2.941116,-0.19322,-0.94576,9.37478,,-0.35154,-0.00098,0.03192,-0.07206,0.11286,0.03165,5255,-5289,-0.99674,-0.00861,0.08027,-0.00441,0.99861,0.05244,-0.08061,0.05191,-0.99539,0.00000,3.14601
2.964340,-0.22552,-0.92662,9.36850,,-0.35294,-0.00252,0.03906,0.03732,-0.11902,-0.04273,5255,-5289,-0.99601,-0.00828,0.08886,-0.00367,0.99865,0.05191,-0.08917,0.05138,-0.99469,0.00000,3.14527
2.977383,-0.21476,-0.91226,9.39063,,-0.35574,-0.00224,0.03542,0.19482,0.12598,0.04477,5255,-5289,-0.99567,-0.00783,0.09262,-0.00307,0.99867,0.05142,-0.09290,0.05092,-0.99437,0.00000,3.14468
2.990576,-0.21835,-0.91406,9.40080,,-0.35574,-0.00224,0.03542,-0.11143,-0.13652,0.11477,5255,-5289,-0.99541,-0.00752,0.09542,-0.00266,0.99870,0.05090,-0.09568,0.05041,-0.99413,0.00000,3.14427
3.003686,-0.20578,-0.99212,9.41396,,-0.35014,0.00028,0.03486,0.07669,-0.09277,-0.00773,5255,-5289,-0.99522,-0.00549,0.09749,-0.00059,0.99874,0.05017,-0.09765,0.04987,-0.99397,0.00000,3.14219
3.026914,-0.20578,-0.93021,9.43251,,-0.35350,-0.00644,0.03136,-0.12018,0.07348,0.14977,5255,-5289,-0.99530,-0.00879,0.09640,-0.00398,0.99874,0.04998,-0.09672,0.04936,-0.99409,0.00000,3.14559
3.040026,-0.22014,-1.06421,9.43550,,-0.35350,-0.00644,0.03136,-0.19018,-0.21527,0.05352,5255,-5289,-0.99536,-0.01123,0.09554,-0.00651,0.99875,0.04956,-0.09598,0.04871,-0.99419,0.00000,3.14813
3.053140,-0.20219,-0.77886,9.36072,,-0.34734,-0.00028,0.03206,0.15982,0.14348,0.12352,5255,-5289,-0.99536,-0.00872,0.09585,-0.00403,0.99879,0.04901,-0.09616,0.04839,-0.99419,0.00000,3.14564
3.066295,-0.21356,-0.95324,9.38644,,-0.34734,-0.00070,0.03178,-0.00643,0.09098,0.17165,5255,-5289,-0.99536,-0.00718,0.09591,-0.00255,0.99883,0.04832,-0.09614,0.04785,-0.99422,0.00000,3.14415
3.089505,-0.23091,-0.95833,9.40080,,-0.34762,-0.00112,0.03150,0.14232,0.25723,0.11477,5255,-5289,-0.99538,-0.00627,0.09576,-0.00171,0.99886,0.04771,-0.09595,0.04733,-0.99426,0.00000,3.14331
3.102552,-0.19561,-0.92183,9.37927,,-0.34818,-0.00616,0.03192,-0.05018,-0.01402,0.18477,5255,-5289,-0.99536,-0.00920,0.09583,-0.00467,0.99886,0.04747,-0.09616,0.04681,-0.99427,0.00000,3.14628
3.115675,-0.22193,-0.77587,9.21955,,-0.34818,-0.00616,0.03192,-0.08518,0.05598,0.09727,5255,-5289,-0.99532,-0.01138,0.09592,-0.00687,0.99886,0.04730,-0.09635,0.04642,-0.99426,0.00000,3.14849
3.128777,-0.22074,-0.94427,9.37687,,-0.34678,-0.00168,0.02814,-0.10706,-0.04902,0.04040,5255,-5289,-0.99558,-0.00982,0.09339,-0.00548,0.99890,0.04660,-0.09374,0.04589,-0.99454,0.00000,3.14710
3.152105,-0.22014,-0.94158,9.33919,,-0.34678,-0.00168,0.02632,-0.19893,0.10848,0.22852,5255,-5289,-0.99589,-0.00869,0.09020,-0.00455,0.99893,0.04594,-0.09050,0.04534,-0.99486,0.00000,3.14616
3.165102,-0.21535,-0.95175,9.38226,,-0.34874,0.00504,0.02632,0.11607,0.01223,0.04477,5255,-5289,-0.99615,-0.00298,0.08762,0.00096,0.99899,0.04491,-0.08767,0.04483,-0.99514,0.00000,3.14063
3.178221,-0.20399,-0.92602,9.38106,,-0.34874,-0.00280,0.03808,0.00232,0.16973,0.05352,5255,-5289,-0.99556,-0.00430,0.09401,-0.00011,0.99901,0.04447,-0.09410,0.04426,-0.99458,0.00000,3.14171
3.191487,-0.20937,-1.00738,9.40888,,-0.34958,-0.00280,0.03808,0.05044,0.14786,0.08852,5255,-5289,-0.99509,-0.00531,0.09882,-0.00097,0.99903,0.04393,-0.09896,0.04361,-0.99414,0.00000,3.14256
3.214792,-0.23330,-0.92363,9.36311,,-0.34706,-0.00168,0.03542,0.05482,-0.00527,0.10602,5255,-5289,-0.99490,-0.00526,0.10075,-0.00090,0.99906,0.04337,-0.10088,0.04306,-0.99397,0.00000,3.14249
3.227836,-0.19801,-0.89073,9.42772,,-0.34706,-0.00168,0.03878,-0.04143,0.33598,0.06227,5255,-5289,-0.99450,-0.00522,0.10461,-0.00074,0.99908,0.04282,-0.10474,0.04251,-0.99359,0.00000,3.14233
3.241038,-0.19920,-0.93200,9.45643,,-0.35238,0.00252,0.03878,0.22107,-0.09277,0.00977,5255,-5289,-0.99425,-0.00216,0.10708,0.00235,0.99912,0.04196,-0.10708,0.04197,-0.99336,0.00000,3.13923
3.254152,-0.22851,-0.92901,9.45763,,-0.35238,0.00252,0.02254,0.00232,0.24848,0.07977,5255,-5289,-0.99523,0.00011,0.09756,0.00415,0.99914,0.04120,-0.09747,0.04141,-0.99438,0.00000,3.13742
