0.000004,-0.28116,-0.93858,9.48216,,0.03371,0.14145,0.04538,1,1,0.99956,-0.00291,0.02935,-0.00000,0.99514,0.09850,-0.02949,-0.09846,0.99470,0.00000,6.28319
0.027348,-0.26082,-0.90532,9.39147,,0.03371,0.05220,0.01388,1,1,0.99957,-0.00290,0.02931,-0.00000,0.99514,0.09850,-0.02946,-0.09846,0.99471,0.00000,6.28318
0.043904,-0.25304,-0.92662,9.39392,,0.07746,-0.05980,-0.02462,1,1,0.99957,-0.00290,0.02931,0.00000,0.99514,0.09852,-0.02946,-0.09848,0.99470,0.00000,0.00000
0.060148,-0.25424,-0.94786,9.39841,,0.15621,0.22458,-0.10337,1,1,0.99957,-0.00293,0.02924,0.00004,0.99513,0.09857,-0.02939,-0.09852,0.99470,0.00000,0.00004
0.076267,-0.23749,-0.93350,9.37269,,0.04246,0.04958,-0.12962,1,1,0.99957,-0.00297,0.02920,0.00007,0.99513,0.09858,-0.02935,-0.09853,0.99470,0.00000,0.00007
0.092427,-0.26082,-0.91226,9.41067,,-0.00566,-0.00730,-0.07712,1,1,0.99957,-0.00299,0.02919,0.00010,0.99513,0.09856,-0.02934,-0.09852,0.99470,0.00000,0.00010
0.101852,-0.25065,-0.94277,9.39243,,-0.18504,0.24645,-0.02462,1,1,0.99957,-0.00299,0.02914,0.00010,0.99513,0.09855,-0.02929,-0.09850,0.99471,0.00000,0.00010
0.118082,-0.25813,-0.94158,9.39871,,0.11684,0.12833,-0.01587,1,1,0.99957,-0.00299,0.02909,0.00011,0.99513,0.09858,-0.02924,-0.09854,0.99470,0.00000,0.00011
0.134293,-0.25783,-0.94606,9.38914,,-0.00566,0.02333,0.02350,1,1,0.99957,-0.00299,0.02907,0.00011,0.99513,0.09859,-0.02922,-0.09854,0.99470,0.00000,0.00011
0.150530,-0.24616,-0.92572,9.37747,,0.05996,-0.03355,0.01038,1,1,0.99957,-0.00298,0.02906,0.00010,0.99513,0.09860,-0.02921,-0.09856,0.99470,0.00000,0.00010
0.166754,-0.24497,-0.93350,9.41845,,-0.15004,0.04083,-0.03775,1,1,0.99957,-0.00299,0.02903,0.00011,0.99513,0.09857,-0.02918,-0.09852,0.99471,0.00000,0.00011
0.182948,-0.25155,-0.92632,9.41037,,-0.01004,-0.10355,0.02788,1,1,0.99957,-0.00298,0.02904,0.00010,0.99513,0.09856,-0.02920,-0.09852,0.99471,0.00000,0.00010
0.199056,-0.27069,-0.92423,9.40140,,0.03371,-0.05542,0.10663,1,1,0.99957,-0.00295,0.02906,0.00007,0.99513,0.09857,-0.02921,-0.09852,0.99471,0.00000,0.00007
0.215175,-0.32423,-0.92393,9.37119,,-0.07566,0.09770,0.07163,1,1,0.99957,-0.00293,0.02906,0.00005,0.99513,0.09854,-0.02921,-0.09850,0.99471,0.00000,0.00005
0.231387,-0.25035,-0.96401,9.42054,,-0.09316,0.11083,-0.02462,1,1,0.99957,-0.00294,0.02901,0.00006,0.99513,0.09854,-0.02916,-0.09850,0.99471,0.00000,0.00006
0.247624,-0.25513,-0.92692,9.41097,,-0.01004,-0.03792,-0.01150,1,1,0.99957,-0.00294,0.02901,0.00007,0.99513,0.09854,-0.02916,-0.09849,0.99471,0.00000,0.00007
0.263836,-0.24526,-0.85992,9.40110,,-0.00129,0.21583,0.07600,1,1,0.99958,-0.00292,0.02894,0.00005,0.99514,0.09849,-0.02908,-0.09845,0.99472,0.00000,0.00005
0.273326,-0.24347,-0.76750,9.35115,,-0.08004,-0.09480,-0.02462,1,1,0.99958,-0.00292,0.02893,0.00006,0.99515,0.09839,-0.02908,-0.09834,0.99473,0.00000,0.00006
0.289660,-0.26441,-1.01276,9.41217,,-0.00129,0.00583,-0.00275,1,1,0.99958,-0.00292,0.02892,0.00006,0.99514,0.09844,-0.02907,-0.09839,0.99472,0.00000,0.00006
0.305915,-0.24676,-0.93619,9.42204,,0.09059,-0.02917,-0.08150,1,1,0.99958,-0.00294,0.02891,0.00008,0.99514,0.09846,-0.02906,-0.09842,0.99472,0.00000,0.00008
0.322080,-0.25603,-0.95055,9.40977,,0.02496,-0.04230,-0.10337,1,1,0.99958,-0.00297,0.02891,0.00011,0.99514,0.09848,-0.02907,-0.09843,0.99472,0.00000,0.00011
0.338370,-0.25842,-0.87069,9.39990,,-0.05379,-0.09480,0.02788,1,1,0.99958,-0.00296,0.02893,0.00010,0.99514,0.09843,-0.02908,-0.09839,0.99472,0.00000,0.00010
0.354841,-0.26501,-0.93739,9.36820,,-0.08879,-0.00730,-0.01150,1,1,0.99958,-0.00296,0.02893,0.00010,0.99515,0.09841,-0.02908,-0.09837,0.99472,0.00000,0.00010
0.371084,-0.25663,-0.94726,9.40858,,-0.04066,0.03645,-0.00275,1,1,0.99958,-0.00296,0.02891,0.00010,0.99515,0.09842,-0.02906,-0.09837,0.99473,0.00000,0.00010
0.387324,-0.25304,-0.93559,9.42593,,-0.09754,-0.21292,0.10663,1,1,0.99958,-0.00293,0.02895,0.00007,0.99515,0.09839,-0.02910,-0.09835,0.99473,0.00000,0.00007
0.403542,-0.25693,-0.93978,9.39063,,-0.03191,-0.01167,0.06288,1,1,0.99958,-0.00291,0.02895,0.00005,0.99515,0.09839,-0.02909,-0.09835,0.99473,0.00000,0.00005
0.419748,-0.26530,-0.92483,9.39123,,-0.00566,0.06270,-0.00712,1,1,0.99958,-0.00291,0.02892,0.00005,0.99515,0.09839,-0.02907,-0.09835,0.99473,0.00000,0.00005
0.435961,-0.25394,-0.94786,9.39362,,-0.04941,0.08895,0.08913,1,1,0.99958,-0.00288,0.02889,0.00003,0.99515,0.09839,-0.02903,-0.09835,0.99473,0.00000,0.00003
0.445404,-0.25484,-0.94217,9.38286,,0.34871,0.19395,0.16788,1,1,0.99958,-0.00286,0.02885,0.00000,0.99514,0.09845,-0.02899,-0.09841,0.99472,0.00000,0.00000
0.461625,-0.26710,-0.93978,9.41426,,-0.08879,0.07583,-0.05962,1,1,0.99958,-0.00287,0.02882,0.00002,0.99514,0.09843,-0.02896,-0.09839,0.99473,0.00000,0.00002
0.477883,-0.25095,-0.91884,9.41546,,-0.06254,0.04520,0.06725,1,1,0.99958,-0.00285,0.02879,0.00000,0.99515,0.09841,-0.02893,-0.09837,0.99473,0.00000,0.00000
0.494086,-0.27159,-0.93230,9.40828,,-0.02754,0.05833,0.09350,1,1,0.99958,-0.00282,0.02877,-0.00002,0.99515,0.09840,-0.02891,-0.09836,0.99473,0.00000,6.28316
0.510373,-0.26590,-0.94606,9.41097,,-0.03191,-0.18230,-0.03775,1,1,0.99958,-0.00283,0.02882,-0.00002,0.99515,0.09840,-0.02896,-0.09836,0.99473,0.00000,6.28317
0.526554,-0.24407,-0.93320,9.38794,,-0.00129,0.15895,-0.05525,1,1,0.99958,-0.00285,0.02876,0.00000,0.99515,0.09841,-0.02890,-0.09837,0.99473,0.00000,0.00000
0.542771,-0.25184,-0.94247,9.38585,,-0.17191,-0.00292,-0.01587,1,1,0.99958,-0.00285,0.02875,0.00001,0.99515,0.09837,-0.02889,-0.09833,0.99473,0.00000,0.00001
0.558984,-0.25513,-0.95653,9.40828,,0.10371,-0.08167,0.14163,1,1,0.99958,-0.00281,0.02876,-0.00003,0.99515,0.09842,-0.02890,-0.09838,0.99473,0.00000,6.28315
0.575147,-0.26291,-0.94995,9.43251,,-0.07566,0.07583,-0.10775,1,1,0.99958,-0.00284,0.02873,-0.00000,0.99515,0.09841,-0.02887,-0.09837,0.99473,0.00000,6.28318
0.591301,-0.25244,-0.94337,9.36910,,-0.04941,0.07145,-0.02900,1,1,0.99958,-0.00285,0.02870,0.00001,0.99515,0.09841,-0.02884,-0.09836,0.99473,0.00000,0.00001
0.607591,-0.26441,-0.93769,9.41336,,-0.10629,0.01895,0.05413,1,1,0.99958,-0.00283,0.02869,-0.00001,0.99515,0.09838,-0.02883,-0.09834,0.99473,0.00000,6.28318
0.617082,-0.25244,-0.95593,9.40260,,-0.21129,0.04520,0.05413,1,1,0.99958,-0.00282,0.02867,-0.00002,0.99515,0.09837,-0.02881,-0.09833,0.99474,0.00000,6.28317
0.633366,-0.27069,-0.92812,9.43131,,0.00746,0.22895,-0.05087,1,1,0.99959,-0.00283,0.02861,0.00000,0.99515,0.09837,-0.02875,-0.09833,0.99474,0.00000,0.00000
0.649658,-0.25244,-0.94128,9.38944,,-0.16316,0.01020,0.13288,1,1,0.99959,-0.00279,0.02859,-0.00003,0.99515,0.09834,-0.02873,-0.09830,0.99474,0.00000,6.28315
0.665815,-0.26022,-0.93709,9.41307,,-0.11504,0.04520,0.01475,1,1,0.99959,-0.00279,0.02857,-0.00004,0.99516,0.09832,-0.02871,-0.09828,0.99474,0.00000,6.28315
0.682053,-0.24736,-0.93739,9.38615,,-0.11504,0.04520,0.17225,1,1,0.99959,-0.00274,0.02854,-0.00008,0.99516,0.09830,-0.02868,-0.09826,0.99475,0.00000,6.28310
0.698301,-0.25872,-0.93230,9.40260,,-0.08441,0.05833,-0.04650,1,1,0.99959,-0.00275,0.02852,-0.00007,0.99516,0.09828,-0.02865,-0.09824,0.99475,0.00000,6.28312
0.714521,-0.27129,-0.93559,9.39303,,0.05559,0.16333,-0.00275,1,1,0.99959,-0.00275,0.02848,-0.00006,0.99516,0.09830,-0.02861,-0.09826,0.99475,0.00000,6.28312
0.730717,-0.27099,-0.93171,9.40648,,0.11684,-0.01167,-0.02462,1,1,0.99959,-0.00276,0.02848,-0.00006,0.99515,0.09833,-0.02861,-0.09829,0.99475,0.00000,6.28313
0.746943,-0.25513,-0.95713,9.40200,,-0.02316,0.01020,0.06288,1,1,0.99959,-0.00274,0.02847,-0.00008,0.99515,0.09834,-0.02860,-0.09830,0.99475,0.00000,6.28311
0.763166,-0.26291,-0.93529,9.36790,,0.01184,0.00145,0.08038,1,1,0.99959,-0.00271,0.02846,-0.00010,0.99515,0.09835,-0.02859,-0.09831,0.99475,0.00000,6.28309
0.779484,-0.25663,-0.93290,9.38196,,0.02934,-0.05542,0.14163,1,1,0.99959,-0.00267,0.02847,-0.00014,0.99515,0.09836,-0.02859,-0.09832,0.99474,0.00000,6.28305
0.789102,-0.26022,-0.93858,9.37209,,0.05996,0.08020,-0.06837,1,1,0.99959,-0.00268,0.02845,-0.00013,0.99515,0.09837,-0.02858,-0.09834,0.99474,0.00000,6.28306
0.805472,-0.27218,-0.94068,9.38106,,-0.03629,-0.04667,0.08913,1,1,0.99959,-0.00266,0.02847,-0.00015,0.99515,0.09837,-0.02859,-0.09834,0.99474,0.00000,6.28303
0.821671,-0.25125,-0.92363,9.43640,,0.01184,0.08020,0.10663,1,1,0.99959,-0.00263,0.02843,-0.00018,0.99515,0.09837,-0.02855,-0.09833,0.99474,0.00000,6.28300
0.838235,-0.25035,-0.78425,9.38585,,0.00746,0.05833,0.02788,1,1,0.99959,-0.00262,0.02840,-0.00019,0.99516,0.09829,-0.02852,-0.09825,0.99475,0.00000,6.28300
0.854504,-0.25005,-1.00469,9.40708,,0.04246,0.18958,0.03663,1,1,0.99959,-0.00261,0.02834,-0.00019,0.99515,0.09834,-0.02846,-0.09831,0.99475,0.00000,6.28299
0.870727,-0.27009,-0.91765,9.43610,,0.10371,0.03645,-0.02900,1,1,0.99960,-0.00262,0.02833,-0.00018,0.99515,0.09836,-0.02845,-0.09832,0.99475,0.00000,6.28300
0.886936,-0.26530,-0.99272,9.41366,,0.06871,0.00583,-0.01587,1,1,0.99960,-0.00262,0.02832,-0.00018,0.99515,0.09841,-0.02844,-0.09837,0.99474,0.00000,6.28301
0.903128,-0.24915,-0.93470,9.43011,,0.12559,0.08020,0.08913,1,1,0.99960,-0.00260,0.02829,-0.00020,0.99514,0.09844,-0.02841,-0.09841,0.99474,0.00000,6.28298
0.919383,-0.26859,-0.95085,9.40619,,0.09496,0.07583,0.05850,1,1,0.99960,-0.00258,0.02827,-0.00022,0.99514,0.09847,-0.02839,-0.09844,0.99474,0.00000,6.28297
0.935615,-0.25454,-0.93141,9.31855,,0.08184,0.10645,0.11100,1,1,0.99960,-0.00255,0.02823,-0.00024,0.99514,0.09850,-0.02835,-0.09847,0.99474,0.00000,6.28294
0.945071,-0.27039,-0.95593,9.39422,,0.03371,0.11520,-0.09462,1,1,0.99960,-0.00257,0.02822,-0.00023,0.99514,0.09852,-0.02833,-0.09848,0.99474,0.00000,6.28296
0.961299,-0.26680,-0.85394,9.46511,,-0.08004,0.01895,0.04538,1,1,0.99960,-0.00255,0.02821,-0.00024,0.99514,0.09845,-0.02832,-0.09842,0.99474,0.00000,6.28295
0.977552,-0.25663,-0.94307,9.37986,,-0.14129,-0.01605,0.08913,1,1,0.99960,-0.00252,0.02821,-0.00026,0.99514,0.09842,-0.02832,-0.09839,0.99474,0.00000,6.28292
0.993746,-0.24826,-1.00678,9.40648,,0.06434,0.08020,0.21163,1,1,0.99960,-0.00246,0.02817,-0.00032,0.99514,0.09849,-0.02828,-0.09846,0.99474,0.00000,6.28286
1.009959,-0.27039,-0.95115,9.39063,,-0.08004,-0.00292,-0.09900,1,1,0.99960,-0.00249,0.02817,-0.00030,0.99514,0.09848,-0.02828,-0.09845,0.99474,0.00000,6.28289
1.026131,-0.24586,-0.99093,9.40828,,-0.08879,-0.08605,-0.05087,1,1,0.99960,-0.00250,0.02818,-0.00028,0.99514,0.09849,-0.02829,-0.09846,0.99474,0.00000,6.28290
1.042356,-0.25334,-0.99781,9.44417,,0.00309,-0.09042,0.00600,1,1,0.99960,-0.00250,0.02820,-0.00029,0.99513,0.09853,-0.02831,-0.09850,0.99473,0.00000,6.28290
1.058582,-0.27727,-0.94905,9.39751,,-0.12379,0.12395,-0.11212,1,1,0.99960,-0.00253,0.02817,-0.00026,0.99514,0.09851,-0.02829,-0.09848,0.99474,0.00000,6.28293
1.074761,-0.25813,-1.00020,9.42802,,-0.18066,0.02770,-0.05087,1,1,0.99960,-0.00254,0.02816,-0.00024,0.99514,0.09851,-0.02827,-0.09848,0.99474,0.00000,6.28294
1.090998,-0.25842,-0.93141,9.40170,,-0.11066,0.09770,0.00600,1,1,0.99960,-0.00254,0.02813,-0.00024,0.99514,0.09849,-0.02824,-0.09845,0.99474,0.00000,6.28294
1.107190,-0.24048,-0.93858,9.42593,,0.06871,0.14583,0.09788,1,1,0.99960,-0.00251,0.02807,-0.00026,0.99514,0.09851,-0.02818,-0.09848,0.99474,0.00000,6.28292
1.116650,-0.27278,-0.79502,9.39063,,-0.08004,-0.26980,0.11538,1,1,0.99960,-0.00249,0.02812,-0.00029,0.99515,0.09842,-0.02823,-0.09838,0.99475,0.00000,6.28290
1.132950,-0.25095,-0.93320,9.36461,,0.05121,-0.11667,-0.00275,1,1,0.99960,-0.00249,0.02814,-0.00029,0.99514,0.09843,-0.02825,-0.09840,0.99475,0.00000,6.28290
1.149270,-0.25035,-1.02832,9.37927,,0.05996,0.13270,0.05850,1,1,0.99960,-0.00248,0.02810,-0.00030,0.99514,0.09851,-0.02821,-0.09848,0.99474,0.00000,6.28288
1.165433,-0.25723,-0.93888,9.41725,,0.00746,-0.04230,-0.02900,1,1,0.99960,-0.00249,0.02810,-0.00030,0.99514,0.09851,-0.02821,-0.09848,0.99474,0.00000,6.28289
1.181597,-0.25274,-0.94187,9.41277,,0.04684,-0.01605,-0.12525,1,1,0.99960,-0.00252,0.02810,-0.00026,0.99513,0.09853,-0.02821,-0.09850,0.99474,0.00000,6.28292
1.197803,-0.23928,-0.93021,9.44178,,-0.09754,0.06708,0.11538,1,1,0.99960,-0.00248,0.02806,-0.00029,0.99514,0.09850,-0.02817,-0.09847,0.99474,0.00000,6.28289
1.213996,-0.25424,-0.92782,9.42144,,-0.07129,0.01020,-0.06837,1,1,0.99960,-0.00250,0.02805,-0.00027,0.99514,0.09848,-0.02816,-0.09845,0.99474,0.00000,6.28291
1.230210,-0.26949,-0.95264,9.40768,,-0.02316,-0.02042,-0.00275,1,1,0.99960,-0.00250,0.02806,-0.00027,0.99514,0.09849,-0.02817,-0.09846,0.99474,0.00000,6.28291
1.246384,-0.26411,-0.87667,9.44298,,0.04246,0.13270,0.15475,1,1,0.99960,-0.00246,0.02802,-0.00031,0.99514,0.09847,-0.02813,-0.09844,0.99475,0.00000,6.28287
1.262566,-0.26740,-0.93829,9.33530,,0.04246,0.13270,-0.01150,1,1,0.99961,-0.00246,0.02799,-0.00030,0.99514,0.09849,-0.02809,-0.09846,0.99474,0.00000,6.28288
1.278766,-0.26082,-1.01545,9.40140,,0.03371,0.02333,0.08913,1,1,0.99961,-0.00244,0.02798,-0.00033,0.99513,0.09854,-0.02808,-0.09852,0.99474,0.00000,6.28286
1.295005,-0.26680,-0.93918,9.39392,,-0.01441,0.08458,-0.09462,1,1,0.99961,-0.00247,0.02795,-0.00030,0.99513,0.09855,-0.02806,-0.09852,0.99474,0.00000,6.28288
1.304507,-0.25663,-0.93799,9.40020,,-0.11504,0.06270,0.02788,1,1,0.99961,-0.00246,0.02794,-0.00031,0.99513,0.09853,-0.02805,-0.09850,0.99474,0.00000,6.28288
1.320815,-0.23898,-0.92931,9.38854,,-0.05816,0.20708,-0.04212,1,1,0.99961,-0.00247,0.02787,-0.00029,0.99513,0.09852,-0.02797,-0.09849,0.99474,0.00000,6.28290
1.336963,-0.25992,-0.93709,9.33709,,0.04246,0.01895,0.05850,1,1,0.99961,-0.00245,0.02786,-0.00030,0.99513,0.09854,-0.02796,-0.09851,0.99474,0.00000,6.28288
1.353119,-0.24497,-0.95982,9.38644,,-0.04941,0.01458,0.05413,1,1,0.99961,-0.00244,0.02784,-0.00032,0.99513,0.09854,-0.02795,-0.09852,0.99474,0.00000,6.28287
1.369332,-0.34038,-0.94756,9.41037,,0.05559,-0.03355,0.00163,1,1,0.99961,-0.00244,0.02790,-0.00032,0.99513,0.09857,-0.02800,-0.09854,0.99474,0.00000,6.28286
1.385478,-0.27607,-0.93769,9.43640,,-0.06691,-0.00292,0.01038,1,1,0.99961,-0.00244,0.02790,-0.00032,0.99513,0.09855,-0.02801,-0.09852,0.99474,0.00000,6.28286
1.401683,-0.26022,-0.93679,9.39751,,-0.01879,-0.06855,0.15913,1,1,0.99961,-0.00239,0.02792,-0.00037,0.99513,0.09855,-0.02802,-0.09852,0.99474,0.00000,6.28281
1.417892,-0.24736,-0.85992,9.41037,,-0.14129,-0.05105,-0.01587,1,1,0.99961,-0.00240,0.02792,-0.00037,0.99514,0.09848,-0.02802,-0.09845,0.99475,0.00000,6.28282
1.434108,-0.27308,-0.86142,9.40768,,0.01621,0.09770,-0.05962,1,1,0.99961,-0.00241,0.02790,-0.00035,0.99514,0.09844,-0.02801,-0.09841,0.99475,0.00000,6.28284
1.450246,-0.28504,-0.95234,9.41426,,0.09059,0.07583,-0.00275,1,1,0.99961,-0.00242,0.02789,-0.00034,0.99514,0.09847,-0.02800,-0.09845,0.99475,0.00000,6.28284
1.466403,-0.24945,-0.93171,9.40110,,-0.11066,0.06270,-0.06400,1,1,0.99961,-0.00243,0.02787,-0.00032,0.99514,0.09845,-0.02797,-0.09842,0.99475,0.00000,6.28286
1.475863,-0.25842,-0.79322,9.41456,,0.02496,-0.19105,0.19413,1,1,0.99961,-0.00240,0.02789,-0.00036,0.99515,0.09837,-0.02799,-0.09834,0.99476,0.00000,6.28283
1.492090,-0.23450,-0.94905,9.41905,,-0.03191,-0.00292,0.18100,1,1,0.99961,-0.00235,0.02788,-0.00041,0.99515,0.09837,-0.02797,-0.09834,0.99476,0.00000,6.28278
1.508306,-0.25573,-0.98435,9.39273,,-0.05379,-0.02042,-0.04650,1,1,0.99961,-0.00236,0.02788,-0.00040,0.99515,0.09839,-0.02798,-0.09836,0.99476,0.00000,6.28279
1.524564,-0.26740,-0.91944,9.42084,,0.12996,0.02770,-0.05087,1,1,0.99961,-0.00237,0.02787,-0.00038,0.99515,0.09842,-0.02797,-0.09839,0.99475,0.00000,6.28280
1.540782,-0.26919,-0.93529,9.39751,,-0.02316,0.18083,0.12850,1,1,0.99961,-0.00234,0.02783,-0.00041,0.99515,0.09841,-0.02792,-0.09839,0.99476,0.00000,6.28277
1.556983,-0.24855,-0.98824,9.40648,,0.02934,0.03208,-0.08150,1,1,0.99961,-0.00236,0.02781,-0.00039,0.99514,0.09846,-0.02790,-0.09843,0.99475,0.00000,6.28280
1.573221,-0.27607,-1.00917,9.39033,,-0.11941,-0.00292,-0.07712,1,1,0.99961,-0.00238,0.02781,-0.00037,0.99514,0.09847,-0.02791,-0.09845,0.99475,0.00000,6.28282
1.589500,-0.24915,-0.91884,9.41516,,-0.22441,0.09333,-0.10337,1,1,0.99961,-0.00241,0.02778,-0.00034,0.99515,0.09841,-0.02788,-0.09838,0.99476,0.00000,6.28285
1.605752,-0.24586,-0.93769,9.40768,,-0.04504,-0.07730,-0.12087,1,1,0.99961,-0.00244,0.02779,-0.00031,0.99515,0.09841,-0.02789,-0.09838,0.99476,0.00000,6.28288
1.622017,-0.26231,-1.00050,9.38914,,-0.04941,0.01020,-0.05087,1,1,0.99961,-0.00246,0.02779,-0.00029,0.99514,0.09844,-0.02789,-0.09841,0.99476,0.00000,6.28289
1.638321,-0.24227,-0.93559,9.40110,,-0.07129,0.06270,-0.04650,1,1,0.99961,-0.00247,0.02776,-0.00028,0.99514,0.09843,-0.02786,-0.09840,0.99476,0.00000,6.28291
1.647832,-0.24706,-0.77647,9.37807,,0.01621,0.17645,-0.07712,1,1,0.99961,-0.00248,0.02772,-0.00026,0.99515,0.09834,-0.02783,-0.09831,0.99477,0.00000,6.28293
1.664512,-0.23779,-0.94247,9.41516,,0.02934,0.15458,-0.03775,1,1,0.99961,-0.00249,0.02766,-0.00024,0.99515,0.09835,-0.02777,-0.09832,0.99477,0.00000,6.28294
1.680771,-0.26560,-0.93051,9.42024,,-0.16316,0.09333,-0.12087,1,1,0.99961,-0.00252,0.02763,-0.00021,0.99516,0.09831,-0.02775,-0.09828,0.99477,0.00000,6.28298
1.696878,-0.26082,-0.94457,9.40170,,0.13434,0.07583,-0.07275,1,1,0.99962,-0.00254,0.02761,-0.00018,0.99515,0.09836,-0.02773,-0.09832,0.99477,0.00000,6.28300
1.713059,-0.25753,-0.93260,9.42383,,-0.01004,-0.01167,0.01038,1,1,0.99962,-0.00254,0.02761,-0.00019,0.99515,0.09835,-0.02773,-0.09832,0.99477,0.00000,6.28300
1.729264,-0.25334,-0.94158,9.37358,,-0.02316,0.04520,0.01475,1,1,0.99962,-0.00254,0.02759,-0.00019,0.99515,0.09836,-0.02771,-0.09832,0.99477,0.00000,6.28299
1.745439,-0.25513,-0.93918,9.42652,,-0.08441,0.00583,-0.11650,1,1,0.99962,-0.00257,0.02759,-0.00016,0.99515,0.09834,-0.02770,-0.09831,0.99477,0.00000,6.28303
1.761612,-0.26710,-0.96072,9.41157,,-0.20254,0.08895,-0.07275,1,1,0.99962,-0.00259,0.02756,-0.00014,0.99516,0.09831,-0.02769,-0.09828,0.99477,0.00000,6.28305
1.777875,-0.23420,-0.93111,9.38884,,-0.06691,-0.22167,0.04538,1,1,0.99962,-0.00257,0.02761,-0.00016,0.99516,0.09830,-0.02773,-0.09827,0.99477,0.00000,6.28303
1.794109,-0.24347,-0.92363,9.38555,,-0.02316,0.00145,-0.02025,1,1,0.99962,-0.00258,0.02760,-0.00015,0.99516,0.09829,-0.02772,-0.09826,0.99477,0.00000,6.28304
1.803650,-0.25065,-0.93799,9.40559,,-0.02754,-0.01605,-0.04212,1,1,0.99962,-0.00258,0.02759,-0.00014,0.99516,0.09829,-0.02771,-0.09826,0.99477,0.00000,6.28304
1.819957,-0.26201,-0.92572,9.38435,,-0.05816,-0.13417,-0.08150,1,1,0.99961,-0.00260,0.02763,-0.00012,0.99516,0.09828,-0.02775,-0.09824,0.99478,0.00000,6.28306
1.836146,-0.26710,-0.94995,9.43131,,-0.06254,0.02333,-0.02900,1,1,0.99961,-0.00261,0.02763,-0.00012,0.99516,0.09828,-0.02775,-0.09824,0.99478,0.00000,6.28307
1.852644,-0.26321,-0.94008,9.40230,,0.04246,0.07145,-0.07712,1,1,0.99962,-0.00264,0.02761,-0.00009,0.99516,0.09829,-0.02773,-0.09826,0.99477,0.00000,6.28309
1.868990,-0.25783,-1.01157,9.39721,,-0.01004,-0.03355,-0.12525,1,1,0.99962,-0.00267,0.02761,-0.00006,0.99515,0.09834,-0.02774,-0.09830,0.99477,0.00000,6.28313
1.885167,-0.24556,-0.94008,9.39661,,0.01184,0.10208,-0.02900,1,1,0.99962,-0.00268,0.02758,-0.00005,0.99515,0.09835,-0.02771,-0.09831,0.99477,0.00000,6.28314
1.901310,-0.26231,-0.92602,9.44118,,0.14309,0.13270,-0.09462,1,1,0.99962,-0.00271,0.02754,-0.00002,0.99515,0.09838,-0.02767,-0.09834,0.99477,0.00000,6.28317
1.917487,-0.27218,-0.93619,9.42832,,0.12559,0.14583,-0.07712,1,1,0.99962,-0.00273,0.02751,0.00001,0.99515,0.09841,-0.02764,-0.09837,0.99477,0.00000,0.00001
1.933621,-0.26800,-0.94696,9.44208,,-0.02754,0.15458,0.01475,1,1,0.99962,-0.00272,0.02747,0.00001,0.99515,0.09841,-0.02760,-0.09837,0.99477,0.00000,0.00001
1.949745,-0.25633,-0.95892,9.40589,,-0.04066,0.18083,-0.02462,1,1,0.99962,-0.00273,0.02741,0.00002,0.99515,0.09842,-0.02755,-0.09838,0.99477,0.00000,0.00002
1.965926,-0.27398,-0.93529,9.40349,,0.12121,-0.03355,0.01475,1,1,0.99962,-0.00273,0.02743,0.00001,0.99514,0.09845,-0.02756,-0.09841,0.99476,0.00000,0.00002
1.982071,-0.24377,-0.94606,9.39063,,-0.04941,-0.02480,-0.02462,1,1,0.99962,-0.00273,0.02742,0.00002,0.99514,0.09845,-0.02756,-0.09841,0.99476,0.00000,0.00002
1.991580,-0.27817,-0.93679,9.44268,,0.12996,0.08020,0.04538,1,1,0.99962,-0.00273,0.02742,0.00001,0.99514,0.09847,-0.02756,-0.09843,0.99476,0.00000,0.00001
2.007908,-0.26441,-0.92513,9.40798,,-0.11504,-0.15605,-0.14712,1,1,0.99962,-0.00277,0.02746,0.00005,0.99514,0.09844,-0.02760,-0.09840,0.99476,0.00000,0.00005
2.024074,-0.24018,-0.93081,9.40439,,0.08184,0.08020,-0.14275,1,1,0.99962,-0.00281,0.02743,0.00009,0.99514,0.09846,-0.02758,-0.09842,0.99476,0.00000,0.00009
2.040248,-0.25244,-0.93380,9.41217,,0.04684,0.01895,-0.01150,1,1,0.99962,-0.00281,0.02742,0.00010,0.99514,0.09847,-0.02756,-0.09843,0.99476,0.00000,0.00010
2.056381,-0.25274,-0.93649,9.42862,,-0.00129,0.11520,-0.01150,1,1,0.99962,-0.00281,0.02739,0.00010,0.99514,0.09847,-0.02753,-0.09843,0.99476,0.00000,0.00010
2.072546,-0.24407,-0.92752,9.37986,,-0.19816,0.18958,-0.17775,1,1,0.99962,-0.00286,0.02732,0.00016,0.99514,0.09842,-0.02747,-0.09838,0.99477,0.00000,0.00016
2.088664,-0.27428,-0.99512,9.41935,,-0.03629,0.12833,0.08038,1,1,0.99962,-0.00284,0.02730,0.00014,0.99514,0.09845,-0.02744,-0.09841,0.99477,0.00000,0.00014
2.104801,-0.26351,-0.93470,9.41396,,0.10809,0.03645,-0.10775,1,1,0.99962,-0.00287,0.02729,0.00017,0.99514,0.09848,-0.02744,-0.09844,0.99476,0.00000,0.00017
2.120970,-0.25633,-0.91346,9.40469,,-0.17629,-0.02917,-0.06837,1,1,0.99962,-0.00289,0.02729,0.00019,0.99514,0.09843,-0.02744,-0.09839,0.99477,0.00000,0.00019
2.137077,-0.25932,-1.00080,9.40678,,-0.08004,-0.00292,-0.08587,1,1,0.99962,-0.00291,0.02729,0.00021,0.99514,0.09845,-0.02745,-0.09841,0.99477,0.00000,0.00021
2.153232,-0.25364,-0.94098,9.48216,,-0.02316,0.15458,-0.05962,1,1,0.99962,-0.00293,0.02725,0.00023,0.99514,0.09845,-0.02740,-0.09841,0.99477,0.00000,0.00023
2.162716,-0.25125,-0.77468,9.41097,,-0.15879,0.15895,0.19413,1,1,0.99963,-0.00290,0.02722,0.00021,0.99515,0.09833,-0.02737,-0.09829,0.99478,0.00000,0.00021
2.179029,-0.27607,-0.95952,9.39303,,-0.12379,-0.04230,0.08475,1,1,0.99962,-0.00287,0.02724,0.00018,0.99515,0.09832,-0.02739,-0.09828,0.99478,0.00000,0.00018
2.195234,-0.25274,-0.93260,9.42892,,-0.11941,0.06270,0.05413,1,1,0.99963,-0.00286,0.02722,0.00017,0.99516,0.09830,-0.02736,-0.09826,0.99478,0.00000,0.00017
2.211342,-0.26351,-0.95145,9.43909,,0.09059,0.07145,0.04100,1,1,0.99963,-0.00284,0.02720,0.00016,0.99515,0.09833,-0.02735,-0.09829,0.99478,0.00000,0.00016
2.227586,-0.25573,-0.99930,9.39303,,-0.07129,0.11083,-0.08150,1,1,0.99963,-0.00287,0.02717,0.00018,0.99515,0.09836,-0.02732,-0.09831,0.99478,0.00000,0.00018
2.243760,-0.26530,-0.94158,9.36880,,-0.04066,0.05833,-0.19087,1,1,0.99963,-0.00292,0.02715,0.00024,0.99515,0.09836,-0.02731,-0.09831,0.99478,0.00000,0.00024
2.259938,-0.24526,-0.93081,9.36760,,-0.10191,-0.07292,-0.04212,1,1,0.99963,-0.00293,0.02716,0.00025,0.99515,0.09834,-0.02732,-0.09829,0.99478,0.00000,0.00025
2.276119,-0.23928,-0.93619,9.37059,,-0.02316,0.04958,-0.02462,1,1,0.99963,-0.00294,0.02714,0.00025,0.99515,0.09834,-0.02730,-0.09829,0.99478,0.00000,0.00025
2.292340,-0.25813,-0.94367,9.39512,,-0.18941,0.04520,-0.03775,1,1,0.99963,-0.00295,0.02713,0.00027,0.99516,0.09830,-0.02729,-0.09826,0.99479,0.00000,0.00027
2.308490,-0.25663,-1.00857,9.41845,,-0.08441,0.16770,0.02788,1,1,0.99963,-0.00294,0.02708,0.00026,0.99515,0.09833,-0.02724,-0.09829,0.99479,0.00000,0.00026
2.324675,-0.25394,-0.99691,9.35205,,-0.04066,0.02333,0.03225,1,1,0.99963,-0.00293,0.02707,0.00025,0.99515,0.09836,-0.02723,-0.09832,0.99478,0.00000,0.00025
2.340977,-0.25424,-0.99721,9.33320,,0.05996,0.04520,-0.02900,1,1,0.99963,-0.00294,0.02706,0.00026,0.99514,0.09842,-0.02722,-0.09838,0.99478,0.00000,0.00026
2.350471,-0.27039,-0.76810,9.35295,,-0.14129,0.07145,0.07163,1,1,0.99963,-0.00293,0.02706,0.00025,0.99516,0.09831,-0.02721,-0.09827,0.99479,0.00000,0.00025
2.366825,-0.26889,-1.01426,9.43310,,-0.10629,0.16770,0.05413,1,1,0.99963,-0.00291,0.02702,0.00024,0.99515,0.09833,-0.02717,-0.09829,0.99479,0.00000,0.00024
2.383035,-0.24945,-0.93051,9.41097,,-0.10629,-0.03355,0.01913,1,1,0.99963,-0.00290,0.02702,0.00023,0.99516,0.09831,-0.02717,-0.09827,0.99479,0.00000,0.00023
2.399270,-0.26201,-0.92303,9.42443,,0.10809,0.08020,-0.04650,1,1,0.99963,-0.00292,0.02700,0.00025,0.99515,0.09833,-0.02716,-0.09829,0.99479,0.00000,0.00025
2.415454,-0.26171,-0.94038,9.41396,,-0.04504,0.04083,-0.03775,1,1,0.99963,-0.00293,0.02699,0.00026,0.99515,0.09833,-0.02715,-0.09828,0.99479,0.00000,0.00026
2.431638,-0.26351,-0.95145,9.39721,,-0.00129,0.06270,-0.02462,1,1,0.99963,-0.00294,0.02698,0.00027,0.99515,0.09834,-0.02714,-0.09830,0.99479,0.00000,0.00027
2.447876,-0.33500,-0.92871,9.42593,,0.08184,-0.06417,0.02788,1,1,0.99963,-0.00293,0.02704,0.00026,0.99515,0.09836,-0.02720,-0.09831,0.99478,0.00000,0.00026
2.464099,-0.32303,-0.85274,9.43370,,-0.21566,0.11520,-0.07275,1,1,0.99963,-0.00296,0.02705,0.00028,0.99516,0.09826,-0.02721,-0.09821,0.99479,0.00000,0.00028
2.480352,-0.26112,-0.99601,9.39213,,0.06434,0.11958,0.15038,1,1,0.99963,-0.00291,0.02702,0.00024,0.99516,0.09832,-0.02717,-0.09827,0.99479,0.00000,0.00024
2.496829,-0.24676,-0.93978,9.41456,,-0.01004,0.13270,-0.09025,1,1,0.99963,-0.00294,0.02697,0.00027,0.99515,0.09832,-0.02713,-0.09828,0.99479,0.00000,0.00027
2.513041,-0.25274,-0.93380,9.39033,,-0.06254,-0.01167,0.12413,1,1,0.99963,-0.00290,0.02697,0.00024,0.99516,0.09831,-0.02713,-0.09826,0.99479,0.00000,0.00024
2.522533,-0.27757,-0.94516,9.39422,,-0.18504,0.13270,-0.09462,1,1,0.99963,-0.00292,0.02697,0.00025,0.99516,0.09829,-0.02712,-0.09825,0.99479,0.00000,0.00025
2.538860,-0.26740,-0.94038,9.40260,,0.04246,-0.04667,-0.05087,1,1,0.99963,-0.00293,0.02698,0.00027,0.99516,0.09831,-0.02714,-0.09827,0.99479,0.00000,0.00027
2.555079,-0.27697,-0.91525,9.41546,,-0.03629,-0.04667,-0.06837,1,1,0.99963,-0.00295,0.02701,0.00029,0.99516,0.09829,-0.02717,-0.09825,0.99479,0.00000,0.00029
2.571235,-0.23629,-0.91854,9.41127,,-0.20254,-0.15605,0.02788,1,1,0.99963,-0.00294,0.02704,0.00027,0.99516,0.09824,-0.02720,-0.09819,0.99480,0.00000,0.00027
2.587468,-0.27577,-0.94098,9.40170,,-0.07129,-0.00292,0.11100,1,1,0.99963,-0.00291,0.02705,0.00024,0.99516,0.09823,-0.02721,-0.09819,0.99480,0.00000,0.00024
2.603672,-0.26321,-0.93470,9.38615,,-0.05816,0.03208,-0.05525,1,1,0.99963,-0.00293,0.02705,0.00026,0.99516,0.09822,-0.02721,-0.09818,0.99480,0.00000,0.00026
2.619897,-0.28983,-0.93858,9.38644,,0.14746,0.05395,-0.07712,1,1,0.99963,-0.00295,0.02705,0.00028,0.99516,0.09827,-0.02721,-0.09822,0.99479,0.00000,0.00028
2.636050,-0.28205,-0.95025,9.43011,,-0.06254,0.09333,-0.06837,1,1,0.99963,-0.00297,0.02704,0.00030,0.99516,0.09826,-0.02720,-0.09822,0.99479,0.00000,0.00030
2.652142,-0.28056,-0.92842,9.38674,,0.05121,-0.13417,-0.02462,1,1,0.99963,-0.00298,0.02709,0.00031,0.99516,0.09827,-0.02725,-0.09823,0.99479,0.00000,0.00031
2.668390,-0.25663,-0.95533,9.39841,,0.02496,0.08895,-0.09025,1,1,0.99963,-0.00301,0.02707,0.00033,0.99516,0.09830,-0.02723,-0.09825,0.99479,0.00000,0.00033
2.684595,-0.25573,-0.93380,9.42623,,0.02934,0.08020,0.00600,1,1,0.99963,-0.00301,0.02704,0.00033,0.99516,0.09831,-0.02721,-0.09826,0.99479,0.00000,0.00033
2.694071,-0.26919,-0.95115,9.42054,,0.26121,-0.07730,-0.01587,1,1,0.99963,-0.00301,0.02706,0.00033,0.99515,0.09835,-0.02723,-0.09831,0.99478,0.00000,0.00034
2.710346,-0.24467,-0.94187,9.41935,,0.02059,-0.00730,0.18538,1,1,0.99963,-0.00296,0.02706,0.00028,0.99515,0.09836,-0.02722,-0.09832,0.99478,0.00000,0.00028
2.726505,-0.25244,-0.85813,9.43011,,0.03371,0.09333,0.00600,1,1,0.99963,-0.00296,0.02703,0.00028,0.99515,0.09833,-0.02719,-0.09828,0.99479,0.00000,0.00028
2.742653,-0.26530,-0.94606,9.44447,,-0.05379,-0.02480,-0.06837,1,1,0.99963,-0.00298,0.02704,0.00030,0.99515,0.09832,-0.02720,-0.09828,0.99479,0.00000,0.00030
2.758968,-0.27936,-1.00229,9.41845,,-0.03629,-0.04667,-0.02462,1,1,0.99963,-0.00298,0.02706,0.00031,0.99515,0.09836,-0.02723,-0.09831,0.99478,0.00000,0.00031
2.775158,-0.24197,-0.93829,9.34756,,-0.12379,-0.02042,0.03663,1,1,0.99963,-0.00297,0.02706,0.00030,0.99515,0.09833,-0.02722,-0.09829,0.99479,0.00000,0.00030
2.791313,-0.26620,-1.00199,9.39123,,-0.20254,0.07145,0.05413,1,1,0.99963,-0.00296,0.02705,0.00028,0.99515,0.09833,-0.02721,-0.09829,0.99479,0.00000,0.00028
2.807552,-0.28295,-0.94756,9.46152,,0.07309,0.10208,0.04538,1,1,0.99963,-0.00294,0.02704,0.00027,0.99515,0.09836,-0.02719,-0.09831,0.99478,0.00000,0.00027
2.823725,-0.24287,-0.96132,9.42473,,-0.04066,-0.04667,0.02788,1,1,0.99963,-0.00294,0.02704,0.00026,0.99515,0.09837,-0.02720,-0.09832,0.99478,0.00000,0.00026
2.839973,-0.25095,-1.00229,9.41636,,-0.09316,0.15020,-0.05087,1,1,0.99963,-0.00295,0.02699,0.00028,0.99515,0.09839,-0.02715,-0.09834,0.99478,0.00000,0.00028
2.856144,-0.25454,-1.00020,9.40499,,-0.18066,-0.09480,-0.06837,1,1,0.99963,-0.00297,0.02702,0.00029,0.99515,0.09838,-0.02718,-0.09834,0.99478,0.00000,0.00029
2.865606,-0.25304,-0.93619,9.41636,,0.03371,-0.22605,-0.01587,1,1,0.99963,-0.00297,0.02705,0.00029,0.99515,0.09839,-0.02721,-0.09835,0.99478,0.00000,0.00029
2.881891,-0.25693,-1.00319,9.38704,,-0.09754,-0.08605,-0.05525,1,1,0.99963,-0.00298,0.02708,0.00030,0.99515,0.09841,-0.02724,-0.09837,0.99478,0.00000,0.00030
2.898138,-0.24257,-0.99512,9.38973,,-0.03191,-0.01167,0.11975,1,1,0.99963,-0.00295,0.02707,0.00027,0.99514,0.09845,-0.02723,-0.09840,0.99477,0.00000,0.00027
2.914353,-0.25424,-0.92423,9.39661,,0.10371,0.01458,-0.07712,1,1,0.99963,-0.00297,0.02707,0.00029,0.99514,0.09847,-0.02723,-0.09843,0.99477,0.00000,0.00029
2.930588,-0.24855,-0.92632,9.32991,,-0.11941,0.02770,0.03663,1,1,0.99963,-0.00296,0.02705,0.00028,0.99514,0.09844,-0.02721,-0.09840,0.99478,0.00000,0.00028
2.946805,-0.31555,-0.99960,9.44806,,-0.05379,0.05395,-0.05525,1,1,0.99963,-0.00298,0.02707,0.00030,0.99514,0.09847,-0.02723,-0.09842,0.99477,0.00000,0.00030
2.963017,-0.26321,-0.94217,9.40918,,-0.04504,0.04083,0.02788,1,1,0.99963,-0.00297,0.02706,0.00029,0.99514,0.09846,-0.02723,-0.09842,0.99477,0.00000,0.00029
2.979276,-0.25902,-0.93260,9.40708,,0.14309,-0.17355,-0.09462,1,1,0.99963,-0.00300,0.02711,0.00031,0.99514,0.09850,-0.02727,-0.09846,0.99477,0.00000,0.00031
2.995604,-0.28116,-0.92423,9.39721,,0.05559,0.13270,0.18975,1,1,0.99963,-0.00295,0.02709,0.00026,0.99514,0.09851,-0.02725,-0.09847,0.99477,0.00000,0.00026
3.011808,-0.27697,-0.95234,9.39003,,-0.02316,0.02770,-0.21712,1,1,0.99963,-0.00301,0.02709,0.00032,0.99514,0.09852,-0.02726,-0.09847,0.99477,0.00000,0.00032
3.028062,-0.25155,-0.93500,9.37986,,-0.00129,0.25083,-0.04650,1,1,0.99963,-0.00302,0.02702,0.00034,0.99513,0.09852,-0.02719,-0.09848,0.99477,0.00000,0.00034
3.037522,-0.23749,-0.93739,9.38106,,-0.06254,0.05395,-0.12087,1,1,0.99963,-0.00304,0.02700,0.00037,0.99514,0.09852,-0.02717,-0.09847,0.99477,0.00000,0.00037
3.053874,-0.26620,-0.93679,9.40798,,-0.18066,0.15458,0.07600,1,1,0.99963,-0.00302,0.02696,0.00035,0.99514,0.09848,-0.02713,-0.09843,0.99477,0.00000,0.00035
3.070119,-0.26022,-0.92961,9.40648,,-0.20691,-0.02480,-0.10775,1,1,0.99963,-0.00305,0.02697,0.00038,0.99514,0.09843,-0.02714,-0.09838,0.99478,0.00000,0.00038
3.086363,-0.25693,-0.91765,9.38973,,0.07309,-0.07730,-0.04650,1,1,0.99963,-0.00306,0.02699,0.00039,0.99514,0.09844,-0.02716,-0.09839,0.99478,0.00000,0.00039
3.102588,-0.26201,-0.92483,9.40888,,-0.05379,0.11083,0.06288,1,1,0.99963,-0.00304,0.02697,0.00037,0.99514,0.09842,-0.02714,-0.09838,0.99478,0.00000,0.00037
3.118776,-0.26022,-0.93619,9.37687,,-0.13691,0.01020,0.05850,1,1,0.99963,-0.00303,0.02697,0.00036,0.99515,0.09840,-0.02713,-0.09835,0.99478,0.00000,0.00036
3.135037,-0.26082,-0.91615,9.36431,,-0.10629,0.15020,-0.06400,1,1,0.99963,-0.00304,0.02693,0.00038,0.99515,0.09837,-0.02710,-0.09832,0.99479,0.00000,0.00038
3.151228,-0.26740,-0.92752,9.39572,,-0.11504,0.09333,0.02788,1,1,0.99963,-0.00303,0.02691,0.00037,0.99515,0.09834,-0.02708,-0.09829,0.99479,0.00000,0.00037
3.167506,-0.25125,-0.93739,9.41905,,-0.05379,0.24208,0.01475,1,1,0.99964,-0.00303,0.02684,0.00038,0.99515,0.09833,-0.02701,-0.09829,0.99479,0.00000,0.00038
3.183731,-0.26351,-0.94217,9.40977,,0.18684,-0.05105,0.15475,1,1,0.99963,-0.00299,0.02685,0.00033,0.99515,0.09838,-0.02702,-0.09834,0.99479,0.00000,0.00033
3.199907,-0.24736,-0.93739,9.38435,,0.02496,0.15458,-0.04650,1,1,0.99964,-0.00300,0.02681,0.00035,0.99515,0.09839,-0.02697,-0.09835,0.99479,0.00000,0.00035
3.209353,-0.24885,-0.94516,9.43370,,0.15621,-0.03355,0.01913,1,1,0.99964,-0.00300,0.02681,0.00034,0.99514,0.09842,-0.02697,-0.09838,0.99478,0.00000,0.00035
3.225703,-0.24885,-0.91974,9.41785,,-0.00129,0.17645,-0.07712,1,1,0.99964,-0.00302,0.02676,0.00037,0.99515,0.09841,-0.02692,-0.09837,0.99479,0.00000,0.00037
3.241872,-0.27129,-0.91077,9.43759,,-0.07129,0.11958,-0.05525,1,1,0.99964,-0.00304,0.02673,0.00039,0.99515,0.09838,-0.02690,-0.09834,0.99479,0.00000,0.00039
3.258099,-0.26261,-0.92363,9.42533,,-0.13254,-0.00292,0.11538,1,1,0.99964,-0.00300,0.02674,0.00036,0.99515,0.09835,-0.02690,-0.09830,0.99479,0.00000,0.00036
3.274258,-0.25244,-0.94158,9.39123,,-0.07129,0.16770,-0.13400,1,1,0.99964,-0.00304,0.02669,0.00040,0.99515,0.09834,-0.02686,-0.09829,0.99479,0.00000,0.00040
3.290460,-0.25095,-0.93559,9.38076,,-0.16316,0.01458,0.12413,1,1,0.99964,-0.00300,0.02668,0.00037,0.99516,0.09831,-0.02685,-0.09826,0.99480,0.00000,0.00037
3.306620,-0.24766,-0.92183,9.42323,,-0.21129,-0.03355,0.04975,1,1,0.99964,-0.00299,0.02669,0.00035,0.99516,0.09825,-0.02685,-0.09821,0.99480,0.00000,0.00035
3.323095,-0.25992,-0.92453,9.37598,,-0.16316,0.03208,-0.07275,1,1,0.99964,-0.00301,0.02668,0.00037,0.99517,0.09821,-0.02685,-0.09817,0.99481,0.00000,0.00037
3.339311,-0.25334,-0.93290,9.41217,,-0.18066,-0.08167,-0.06400,1,1,0.99964,-0.00302,0.02671,0.00039,0.99517,0.09817,-0.02687,-0.09813,0.99481,0.00000,0.00039
3.355891,-0.26231,-0.93260,9.40140,,-0.12379,-0.02042,0.01913,1,1,0.99964,-0.00302,0.02672,0.00038,0.99517,0.09815,-0.02688,-0.09810,0.99481,0.00000,0.00038
3.365377,-0.25125,-0.93141,9.39183,,-0.19379,0.12395,0.04538,1,1,0.99964,-0.00301,0.02670,0.00038,0.99517,0.09812,-0.02686,-0.09808,0.99482,0.00000,0.00038
3.381824,-0.27667,-0.92064,9.41426,,0.13434,0.09770,-0.01150,1,1,0.99964,-0.00302,0.02668,0.00038,0.99517,0.09816,-0.02685,-0.09811,0.99481,0.00000,0.00038
3.398041,-0.25663,-0.86620,9.40140,,0.13871,0.04083,0.01475,1,1,0.99964,-0.00301,0.02667,0.00038,0.99517,0.09815,-0.02684,-0.09811,0.99481,0.00000,0.00038
3.414237,-0.26471,-0.93260,9.42772,,-0.10191,0.08020,-0.09462,1,1,0.99964,-0.00304,0.02666,0.00041,0.99517,0.09813,-0.02682,-0.09808,0.99482,0.00000,0.00041
3.430434,-0.24407,-0.94666,9.41307,,0.02059,0.09333,0.01913,1,1,0.99964,-0.00303,0.02662,0.00041,0.99517,0.09814,-0.02679,-0.09810,0.99482,0.00000,0.00041
3.446559,-0.25932,-0.92513,9.39781,,-0.13254,0.19833,-0.03775,1,1,0.99964,-0.00304,0.02657,0.00042,0.99518,0.09811,-0.02674,-0.09806,0.99482,0.00000,0.00042
3.462743,-0.26082,-0.94038,9.40529,,0.05559,0.20270,-0.02462,1,1,0.99964,-0.00305,0.02652,0.00043,0.99517,0.09813,-0.02669,-0.09809,0.99482,0.00000,0.00043
3.478982,-0.23809,-0.95055,9.40738,,-0.19816,0.11083,0.02788,1,1,0.99964,-0.00304,0.02648,0.00043,0.99518,0.09810,-0.02665,-0.09805,0.99482,0.00000,0.00043
3.495181,-0.27039,-0.93948,9.39691,,-0.08441,-0.03355,-0.10775,1,1,0.99964,-0.00307,0.02650,0.00046,0.99518,0.09809,-0.02667,-0.09804,0.99482,0.00000,0.00046
3.511335,-0.27458,-0.93559,9.41785,,-0.02316,-0.05542,0.01038,1,1,0.99964,-0.00307,0.02653,0.00045,0.99518,0.09809,-0.02670,-0.09804,0.99482,0.00000,0.00045
3.527554,-0.28175,-0.95324,9.43251,,-0.08441,-0.12105,0.03663,1,1,0.99964,-0.00306,0.02658,0.00044,0.99518,0.09808,-0.02675,-0.09803,0.99482,0.00000,0.00044
3.537009,-0.25842,-0.95055,9.47618,,0.05996,-0.14730,0.08038,1,1,0.99964,-0.00305,0.02660,0.00042,0.99518,0.09810,-0.02677,-0.09805,0.99482,0.00000,0.00042
3.553361,-0.26740,-0.99272,9.42353,,0.00746,-0.08167,-0.07275,1,1,0.99964,-0.00307,0.02664,0.00044,0.99517,0.09814,-0.02681,-0.09809,0.99482,0.00000,0.00044
3.569593,-0.25962,-0.95324,9.41307,,-0.12379,-0.03355,-0.08150,1,1,0.99964,-0.00309,0.02665,0.00046,0.99517,0.09812,-0.02682,-0.09808,0.99482,0.00000,0.00046
3.585812,-0.25214,-0.93230,9.37239,,0.02059,-0.03355,-0.06837,1,1,0.99964,-0.00311,0.02666,0.00048,0.99517,0.09814,-0.02683,-0.09809,0.99482,0.00000,0.00048
3.602048,-0.24945,-0.85454,9.45105,,-0.11066,0.07583,0.04100,1,1,0.99964,-0.00310,0.02664,0.00047,0.99518,0.09806,-0.02681,-0.09801,0.99482,0.00000,0.00047
3.618309,-0.25005,-0.93350,9.40648,,0.00309,0.11083,0.04538,1,1,0.99964,-0.00309,0.02660,0.00046,0.99518,0.09807,-0.02678,-0.09802,0.99482,0.00000,0.00046
3.634509,-0.26530,-0.94816,9.37807,,0.02059,0.07145,-0.02900,1,1,0.99964,-0.00309,0.02659,0.00047,0.99518,0.09809,-0.02676,-0.09804,0.99482,0.00000,0.00047
3.650804,-0.25513,-0.92333,9.42114,,-0.09754,0.14145,-0.01587,1,1,0.99964,-0.00310,0.02655,0.00048,0.99518,0.09806,-0.02673,-0.09801,0.99483,0.00000,0.00048
3.667013,-0.24975,-0.92692,9.39392,,0.02059,-0.05105,0.14163,1,1,0.99964,-0.00306,0.02656,0.00044,0.99518,0.09807,-0.02673,-0.09802,0.99483,0.00000,0.00044
3.683188,-0.26919,-0.94367,9.41546,,-0.06254,-0.12542,0.04538,1,1,0.99964,-0.00305,0.02661,0.00042,0.99518,0.09806,-0.02678,-0.09802,0.99482,0.00000,0.00042
3.699376,-0.24526,-0.84287,9.38674,,0.20871,-0.02042,0.06288,1,1,0.99964,-0.00303,0.02661,0.00041,0.99518,0.09806,-0.02678,-0.09802,0.99482,0.00000,0.00041
3.708825,-0.25543,-0.76989,9.41217,,0.11246,-0.17355,-0.01587,1,1,0.99964,-0.00303,0.02664,0.00041,0.99519,0.09799,-0.02681,-0.09794,0.99483,0.00000,0.00041
3.725093,-0.26620,-0.93410,9.41037,,0.08184,0.01458,0.10225,1,1,0.99964,-0.00300,0.02664,0.00038,0.99519,0.09801,-0.02681,-0.09796,0.99483,0.00000,0.00038
3.741288,-0.27667,-1.01246,9.41396,,0.03809,0.06708,-0.04650,1,1,0.99964,-0.00302,0.02664,0.00039,0.99518,0.09807,-0.02681,-0.09802,0.99482,0.00000,0.00039
3.757524,-0.27757,-0.95803,9.38734,,-0.03629,0.04958,-0.06400,1,1,0.99964,-0.00304,0.02664,0.00041,0.99518,0.09808,-0.02681,-0.09803,0.99482,0.00000,0.00041
3.773708,-0.25065,-0.95294,9.41247,,-0.00566,0.01895,0.04975,1,1,0.99964,-0.00302,0.02663,0.00040,0.99518,0.09809,-0.02680,-0.09805,0.99482,0.00000,0.00040
3.789944,-0.25304,-0.94008,9.41217,,0.06871,-0.00292,0.02788,1,1,0.99964,-0.00302,0.02663,0.00039,0.99517,0.09812,-0.02680,-0.09807,0.99482,0.00000,0.00039
3.806208,-0.26590,-0.94487,9.31705,,0.00746,0.04083,0.05413,1,1,0.99964,-0.00300,0.02663,0.00038,0.99517,0.09813,-0.02680,-0.09809,0.99482,0.00000,0.00038
3.822443,-0.26231,-0.86471,9.45643,,-0.04941,0.01458,-0.16462,1,1,0.99964,-0.00305,0.02663,0.00042,0.99518,0.09808,-0.02680,-0.09803,0.99482,0.00000,0.00042
3.838588,-0.25244,-0.94846,9.41247,,-0.02754,0.06708,-0.12962,1,1,0.99964,-0.00309,0.02661,0.00046,0.99518,0.09809,-0.02678,-0.09804,0.99482,0.00000,0.00046
3.854743,-0.25872,-0.94696,9.33410,,0.11246,-0.00292,0.05850,1,1,0.99964,-0.00307,0.02662,0.00044,0.99517,0.09813,-0.02679,-0.09808,0.99482,0.00000,0.00044
3.871003,-0.32423,-0.93799,9.37418,,0.06871,-0.02917,0.02788,1,1,0.99964,-0.00307,0.02667,0.00044,0.99517,0.09815,-0.02684,-0.09811,0.99481,0.00000,0.00044
3.887170,-0.28116,-0.87009,9.37717,,-0.02754,-0.04667,0.13288,1,1,0.99964,-0.00303,0.02670,0.00040,0.99518,0.09811,-0.02686,-0.09807,0.99482,0.00000,0.00040
3.896590,-0.25065,-1.07139,9.38704,,-0.20254,0.12395,-0.04212,1,1,0.99964,-0.00304,0.02668,0.00040,0.99517,0.09817,-0.02684,-0.09813,0.99481,0.00000,0.00040
3.912853,-0.26680,-1.01007,9.40379,,-0.19816,0.19833,-0.05525,1,1,0.99964,-0.00305,0.02663,0.00042,0.99517,0.09818,-0.02680,-0.09813,0.99481,0.00000,0.00042
3.929121,-0.34367,-1.05464,9.41127,,-0.01441,0.02333,0.00600,1,1,0.99964,-0.00306,0.02667,0.00042,0.99516,0.09825,-0.02684,-0.09820,0.99480,0.00000,0.00042
3.945335,-0.25364,-0.86590,9.38824,,-0.12379,-0.07730,-0.03337,1,1,0.99964,-0.00306,0.02669,0.00043,0.99517,0.09818,-0.02687,-0.09814,0.99481,0.00000,0.00043
3.961555,-0.26590,-1.00199,9.38405,,0.01184,0.14583,0.04538,1,1,0.99964,-0.00305,0.02666,0.00042,0.99516,0.09823,-0.02683,-0.09819,0.99481,0.00000,0.00042
