0.000005,-0.52582,-0.10828,9.44088,3.05102,-0.06538,0.48468,0.14017,0.10434,-0.00065,1,1,0.99845,-0.00064,0.05560,0.00000,0.99993,0.01147,-0.05561,-0.01145,0.99839,0.00000,0.00000
0.023060,-0.52971,-0.08136,9.42443,3.05186,-0.07224,0.47068,-0.06108,0.06497,0.12623,1,1,0.99845,-0.00059,0.05558,-0.00005,0.99993,0.01143,-0.05558,-0.01141,0.99839,0.00000,6.28314
0.048278,-0.52911,-0.08016,9.44058,3.04990,-0.07098,0.47047,0.07017,-0.10566,0.16123,1,1,0.99845,-0.00052,0.05562,-0.00012,0.99993,0.01144,-0.05563,-0.01143,0.99839,0.00000,6.28307
0.073277,-0.52971,-0.09691,9.41576,3.04514,-0.06734,0.47117,-0.05233,0.02997,0.05185,1,1,0.99845,-0.00049,0.05562,-0.00014,0.99993,0.01141,-0.05562,-0.01140,0.99839,0.00000,6.28304
0.098277,-0.51745,-0.09153,9.38973,3.04402,-0.06328,0.47446,-0.10921,-0.01378,-0.00502,1,1,0.99845,-0.00049,0.05562,-0.00014,0.99994,0.01136,-0.05562,-0.01135,0.99839,0.00000,6.28305
0.123266,-0.52522,-0.08973,9.45584,3.05718,-0.05922,0.47537,0.04829,-0.04441,-0.03127,1,1,0.99845,-0.00051,0.05564,-0.00013,0.99994,0.01137,-0.05564,-0.01136,0.99839,0.00000,6.28306
0.148335,-0.52343,-0.09930,9.42264,3.03674,-0.06734,0.46830,0.06142,0.09122,0.09998,1,1,0.99845,-0.00046,0.05560,-0.00017,0.99994,0.01139,-0.05560,-0.01138,0.99839,0.00000,6.28302
0.173339,-0.50967,-0.07567,9.43580,3.03674,-0.06006,0.48146,-0.09171,-0.10128,0.07810,1,1,0.99845,-0.00043,0.05563,-0.00020,0.99994,0.01133,-0.05563,-0.01133,0.99839,0.00000,6.28298
0.198459,-0.53330,-0.10259,9.46780,3.04150,-0.06706,0.47838,0.09204,0.01247,-0.03127,1,1,0.99845,-0.00044,0.05563,-0.00019,0.99994,0.01137,-0.05563,-0.01136,0.99839,0.00000,6.28300
0.223468,-0.53210,-0.08315,9.45195,3.04934,-0.07182,0.47348,-0.00421,-0.03566,-0.03127,1,1,0.99845,-0.00046,0.05565,-0.00017,0.99994,0.01135,-0.05565,-0.01134,0.99839,0.00000,6.28301
0.248619,-0.52792,-0.07537,9.42892,3.05130,-0.07266,0.48062,-0.15296,0.03434,-0.04877,1,1,0.99845,-0.00048,0.05563,-0.00015,0.99994,0.01127,-0.05564,-0.01126,0.99839,0.00000,6.28303
0.273607,-0.52522,-0.08465,9.40619,3.04850,-0.06146,0.47278,0.02204,0.01684,-0.07940,1,1,0.99845,-0.00051,0.05563,-0.00012,0.99994,0.01127,-0.05563,-0.01126,0.99839,0.00000,6.28307
0.298637,-0.51356,-0.07478,9.43610,3.04654,-0.06426,0.47894,-0.14858,0.05184,-0.03565,1,1,0.99845,-0.00052,0.05560,-0.00010,0.99994,0.01120,-0.05560,-0.01118,0.99839,0.00000,6.28309
0.323637,-0.53629,-0.07298,9.39661,3.04346,-0.06538,0.47390,0.16642,0.12184,-0.04002,1,1,0.99846,-0.00054,0.05556,-0.00008,0.99994,0.01124,-0.05556,-0.01123,0.99839,0.00000,6.28310
0.348709,-0.53839,-0.06610,9.41546,3.04654,-0.06118,0.46886,0.06579,-0.08378,0.03435,1,1,0.99845,-0.00053,0.05560,-0.00009,0.99994,0.01124,-0.05560,-0.01123,0.99839,0.00000,6.28309
0.373673,-0.51864,-0.08435,9.41815,3.04094,-0.06958,0.46718,0.06579,0.02997,-0.11877,1,1,0.99845,-0.00058,0.05558,-0.00004,0.99994,0.01125,-0.05559,-0.01124,0.99839,0.00000,6.28314
0.398705,-0.52971,-0.08076,9.42742,3.04626,-0.06958,0.46956,-0.10921,-0.08378,0.08248,1,1,0.99845,-0.00055,0.05562,-0.00008,0.99994,0.01119,-0.05562,-0.01118,0.99839,0.00000,6.28311
0.423657,-0.51266,-0.08554,9.42802,3.04542,-0.06594,0.47264,0.06579,0.02122,-0.04002,1,1,0.99845,-0.00056,0.05560,-0.00006,0.99994,0.01121,-0.05561,-0.01119,0.99839,0.00000,6.28313
0.448732,-0.50010,-0.09811,9.43998,3.04878,-0.06090,0.47880,-0.03483,-0.02691,-0.07502,1,1,0.99845,-0.00060,0.05560,-0.00003,0.99994,0.01119,-0.05560,-0.01117,0.99839,0.00000,6.28316
0.473730,-0.53031,-0.08465,9.41695,3.04038,-0.06566,0.46844,-0.17046,-0.15816,-0.00502,1,1,0.99845,-0.00059,0.05567,-0.00002,0.99994,0.01111,-0.05567,-0.01110,0.99839,0.00000,6.28316
0.498782,-0.51894,-0.08704,9.46331,3.05242,-0.06874,0.46998,-0.02608,0.07809,0.07373,1,1,0.99845,-0.00056,0.05563,-0.00006,0.99994,0.01109,-0.05564,-0.01108,0.99839,0.00000,6.28313
0.523736,-0.53839,-0.06401,9.39362,3.05102,-0.07518,0.47544,-0.03921,0.13059,0.02560,1,1,0.99845,-0.00055,0.05559,-0.00007,0.99994,0.01106,-0.05559,-0.01104,0.99839,0.00000,6.28312
0.548787,-0.52283,-0.09033,9.43550,3.04962,-0.06062,0.47740,0.05267,0.02997,-0.05315,1,1,0.99845,-0.00057,0.05557,-0.00004,0.99994,0.01107,-0.05557,-0.01105,0.99839,0.00000,6.28314
0.573762,-0.54407,-0.06790,9.43699,3.04374,-0.06734,0.46480,-0.11796,0.03434,-0.00065,1,1,0.99845,-0.00057,0.05557,-0.00004,0.99994,0.01100,-0.05557,-0.01099,0.99839,0.00000,6.28315
0.598796,-0.52881,-0.06999,9.42383,3.04598,-0.07322,0.47446,0.03517,0.05184,0.06060,1,1,0.99846,-0.00055,0.05555,-0.00007,0.99994,0.01100,-0.05555,-0.01098,0.99840,0.00000,6.28312
0.623747,-0.52822,-0.10319,9.39512,3.04794,-0.06986,0.47768,-0.15296,0.16559,0.07373,1,1,0.99846,-0.00051,0.05548,-0.00010,0.99994,0.01094,-0.05548,-0.01093,0.99840,0.00000,6.28309
0.648771,-0.52223,-0.07448,9.44926,3.02904,-0.06510,0.48006,-0.15733,0.06934,0.01248,1,1,0.99846,-0.00050,0.05545,-0.00010,0.99994,0.01086,-0.05545,-0.01085,0.99840,0.00000,6.28308
0.673727,-0.51835,-0.09511,9.42563,3.04388,-0.06762,0.47936,0.02204,-0.02253,0.00373,1,1,0.99846,-0.00050,0.05545,-0.00010,0.99994,0.01087,-0.05546,-0.01086,0.99840,0.00000,6.28308
0.698731,-0.52762,-0.08674,9.45643,3.04682,-0.06636,0.47586,-0.11358,-0.04878,-0.03127,1,1,0.99846,-0.00051,0.05548,-0.00009,0.99994,0.01082,-0.05548,-0.01081,0.99840,0.00000,6.28310
0.723665,-0.53779,-0.10169,9.43939,3.05228,-0.06286,0.47866,-0.12233,-0.07066,0.02998,1,1,0.99846,-0.00049,0.05551,-0.00010,0.99994,0.01077,-0.05552,-0.01076,0.99840,0.00000,6.28308
0.748672,-0.54078,-0.09960,9.39063,3.04738,-0.06118,0.48391,0.16642,-0.00503,-0.04440,1,1,0.99846,-0.00052,0.05553,-0.00008,0.99994,0.01084,-0.05553,-0.01082,0.99840,0.00000,6.28310
0.773619,-0.51864,-0.08764,9.43430,3.04290,-0.06230,0.48433,-0.10046,-0.01378,0.08685,1,1,0.99846,-0.00048,0.05553,-0.00012,0.99994,0.01079,-0.05553,-0.01078,0.99840,0.00000,6.28306
0.798597,-0.52164,-0.08285,9.44178,3.04570,-0.06174,0.47971,-0.01296,-0.10128,0.01685,1,1,0.99845,-0.00047,0.05557,-0.00013,0.99994,0.01077,-0.05557,-0.01076,0.99840,0.00000,6.28306
0.823577,-0.52582,-0.08734,9.44357,3.04612,-0.06244,0.47565,-0.03921,0.10872,0.01248,1,1,0.99846,-0.00046,0.05553,-0.00013,0.99994,0.01075,-0.05553,-0.01074,0.99840,0.00000,6.28305
0.848614,-0.52044,-0.08465,9.37029,3.04374,-0.06566,0.47789,-0.00858,0.14809,0.05185,1,1,0.99846,-0.00044,0.05546,-0.00015,0.99994,0.01074,-0.05547,-0.01073,0.99840,0.00000,6.28303
0.873535,-0.52522,-0.09362,9.45225,3.04556,-0.06790,0.48580,0.03517,-0.04003,-0.07502,1,1,0.99846,-0.00047,0.05548,-0.00012,0.99994,0.01075,-0.05548,-0.01074,0.99840,0.00000,6.28306
0.898744,-0.53270,-0.08824,9.44656,3.04906,-0.06650,0.48517,-0.06983,0.06497,0.07810,1,1,0.99846,-0.00044,0.05546,-0.00016,0.99994,0.01071,-0.05546,-0.01070,0.99840,0.00000,6.28303
0.923644,-0.52672,-0.08285,9.43610,3.04808,-0.06468,0.47257,-0.19233,-0.04003,-0.09690,1,1,0.99846,-0.00048,0.05547,-0.00011,0.99994,0.01063,-0.05547,-0.01062,0.99840,0.00000,6.28307
0.948656,-0.53779,-0.09930,9.37538,3.04472,-0.06748,0.47138,-0.01296,0.11309,-0.11440,1,1,0.99846,-0.00053,0.05544,-0.00006,0.99994,0.01063,-0.05544,-0.01061,0.99841,0.00000,6.28312
0.973593,-0.53270,-0.10977,9.40290,3.04234,-0.06706,0.47670,0.02642,-0.18003,-0.00940,1,1,0.99846,-0.00053,0.05552,-0.00006,0.99994,0.01064,-0.05552,-0.01063,0.99840,0.00000,6.28312
0.998591,-0.52762,-0.10917,9.46212,3.04136,-0.06552,0.47670,-0.04796,0.00809,0.02560,1,1,0.99846,-0.00052,0.05552,-0.00007,0.99994,0.01063,-0.05552,-0.01062,0.99840,0.00000,6.28311
1.023565,-0.52642,-0.08824,9.42593,3.04402,-0.06734,0.47719,-0.05671,0.06934,0.12185,1,1,0.99846,-0.00046,0.05549,-0.00012,0.99994,0.01060,-0.05549,-0.01059,0.99840,0.00000,6.28306
1.048580,-0.51535,-0.08704,9.42353,3.04696,-0.06678,0.48034,-0.10483,0.04747,0.08248,1,1,0.99846,-0.00043,0.05546,-0.00016,0.99994,0.01055,-0.05546,-0.01055,0.99840,0.00000,6.28302
1.073557,-0.52074,-0.07358,9.45135,3.04486,-0.06482,0.48727,-0.03046,-0.07941,-0.07940,1,1,0.99846,-0.00046,0.05549,-0.00013,0.99994,0.01053,-0.05549,-0.01052,0.99840,0.00000,6.28306
1.098594,-0.52911,-0.09422,9.42862,3.04416,-0.06720,0.48384,0.15329,0.06497,-0.00940,1,1,0.99846,-0.00047,0.05547,-0.00012,0.99994,0.01058,-0.05547,-0.01058,0.99840,0.00000,6.28306
1.123578,-0.52074,-0.08913,9.42473,3.06362,-0.06692,0.47558,-0.04358,-0.04878,-0.06190,1,1,0.99846,-0.00049,0.05549,-0.00009,0.99994,0.01056,-0.05549,-0.01055,0.99840,0.00000,6.28309
1.148920,-0.52762,-0.08195,9.46989,3.04710,-0.06636,0.47586,0.02204,-0.01816,0.01248,1,1,0.99846,-0.00049,0.05550,-0.00010,0.99994,0.01056,-0.05550,-0.01055,0.99840,0.00000,6.28309
1.173916,-0.53180,-0.08285,9.44956,3.05074,-0.06930,0.47481,0.09204,0.07809,0.14373,1,1,0.99846,-0.00043,0.05547,-0.00016,0.99994,0.01058,-0.05547,-0.01057,0.99840,0.00000,6.28303
1.198898,-0.53270,-0.09482,9.44058,3.04402,-0.06930,0.47551,0.00454,0.06497,0.01248,1,1,0.99846,-0.00042,0.05545,-0.00016,0.99994,0.01058,-0.05545,-0.01057,0.99841,0.00000,6.28302
1.223881,-0.51954,-0.08046,9.44507,3.04934,-0.06874,0.47936,-0.02171,0.12622,0.08248,1,1,0.99846,-0.00039,0.05539,-0.00020,0.99994,0.01056,-0.05539,-0.01055,0.99841,0.00000,6.28299
1.248909,-0.54915,-0.07537,9.51895,3.04822,-0.07378,0.48202,-0.03046,0.06059,0.03873,1,1,0.99847,-0.00037,0.05537,-0.00022,0.99994,0.01053,-0.05537,-0.01053,0.99841,0.00000,6.28297
1.273880,-0.52403,-0.08076,9.43699,3.04822,-0.06930,0.47502,0.09204,0.10434,0.09998,1,1,0.99847,-0.00033,0.05533,-0.00026,0.99994,0.01056,-0.05533,-0.01055,0.99841,0.00000,6.28293
1.298890,-0.53480,-0.10259,9.44926,3.05074,-0.06986,0.48090,-0.09171,-0.08378,0.02560,1,1,0.99847,-0.00031,0.05537,-0.00027,0.99994,0.01052,-0.05537,-0.01052,0.99841,0.00000,6.28292
1.323895,-0.52403,-0.09990,9.45225,3.05046,-0.06482,0.47320,-0.12671,0.08684,0.07373,1,1,0.99847,-0.00028,0.05533,-0.00030,0.99995,0.01048,-0.05533,-0.01048,0.99841,0.00000,6.28288
1.349263,-0.53240,-0.08495,9.38525,3.04402,-0.06734,0.46676,0.03079,-0.04878,0.12623,1,1,0.99847,-0.00022,0.05536,-0.00036,0.99995,0.01048,-0.05536,-0.01048,0.99841,0.00000,6.28283
1.374247,-0.51924,-0.09691,9.48754,3.05522,-0.07070,0.47712,0.02642,0.00372,0.00373,1,1,0.99847,-0.00022,0.05536,-0.00036,0.99994,0.01049,-0.05536,-0.01049,0.99841,0.00000,6.28283
1.399282,-0.52373,-0.09840,9.46511,3.04850,-0.07182,0.48272,-0.10483,-0.15378,-0.06627,1,1,0.99846,-0.00025,0.05542,-0.00033,0.99995,0.01045,-0.05542,-0.01045,0.99841,0.00000,6.28285
1.424190,-0.45464,-0.09661,9.45524,3.05018,-0.06342,0.47292,-0.00421,0.00809,0.07373,1,1,0.99847,-0.00022,0.05538,-0.00036,0.99995,0.01045,-0.05538,-0.01045,0.99841,0.00000,6.28282
1.449185,-0.51835,-0.08465,9.41576,3.05326,-0.06846,0.48846,0.00454,-0.10128,0.10873,1,1,0.99846,-0.00017,0.05542,-0.00041,0.99995,0.01044,-0.05542,-0.01045,0.99841,0.00000,6.28277
1.474102,-0.53839,-0.06670,9.43370,3.04514,-0.05922,0.48454,0.05267,-0.07503,0.17873,1,1,0.99846,-0.00009,0.05546,-0.00049,0.99995,0.01044,-0.05546,-0.01045,0.99841,0.00000,6.28270
1.499119,-0.53958,-0.08166,9.43191,3.04962,-0.06482,0.47194,-0.02171,0.05622,0.06060,1,1,0.99846,-0.00007,0.05545,-0.00051,0.99995,0.01042,-0.05544,-0.01043,0.99841,0.00000,6.28267
1.524087,-0.53240,-0.09930,9.43101,3.04514,-0.06538,0.47474,-0.11358,-0.13628,0.01685,1,1,0.99846,-0.00006,0.05551,-0.00052,0.99995,0.01038,-0.05550,-0.01039,0.99840,0.00000,6.28266
1.549181,-0.53300,-0.08345,9.43520,3.04822,-0.06426,0.46452,0.03517,-0.00941,-0.06627,1,1,0.99846,-0.00009,0.05552,-0.00049,0.99995,0.01038,-0.05552,-0.01040,0.99840,0.00000,6.28269
1.574147,-0.52044,-0.08315,9.44686,3.04962,-0.07126,0.47628,-0.10921,-0.00503,0.05623,1,1,0.99846,-0.00006,0.05552,-0.00052,0.99995,0.01033,-0.05552,-0.01035,0.99840,0.00000,6.28267
1.599176,-0.53719,-0.09960,9.41127,3.05354,-0.07350,0.47376,-0.02608,0.14809,0.02560,1,1,0.99846,-0.00005,0.05546,-0.00053,0.99995,0.01033,-0.05546,-0.01034,0.99841,0.00000,6.28266
1.624192,-0.52164,-0.08495,9.41845,3.04542,-0.07154,0.48272,0.05704,0.06934,-0.01377,1,1,0.99846,-0.00005,0.05543,-0.00052,0.99995,0.01034,-0.05543,-0.01035,0.99841,0.00000,6.28266
1.649279,-0.53270,-0.07448,9.38196,3.04822,-0.07154,0.47446,-0.10483,0.10872,0.02123,1,1,0.99846,-0.00004,0.05539,-0.00053,0.99995,0.01029,-0.05539,-0.01030,0.99841,0.00000,6.28266
1.674244,-0.53839,-0.08016,9.44447,3.04766,-0.06622,0.47936,-0.31046,-0.02253,0.07810,1,1,0.99846,-0.00000,0.05541,-0.00056,0.99995,0.01016,-0.05541,-0.01018,0.99841,0.00000,6.28262
1.699268,-0.51685,-0.09003,9.46182,3.05578,-0.06538,0.48552,0.00017,-0.04003,0.09998,1,1,0.99846,0.00004,0.05542,-0.00061,0.99995,0.01016,-0.05542,-0.01018,0.99841,0.00000,6.28258
1.724249,-0.50997,-0.09511,9.38854,3.05172,-0.07098,0.47950,-0.03921,0.08247,-0.00502,1,1,0.99847,0.00004,0.05538,-0.00060,0.99995,0.01015,-0.05538,-0.01017,0.99841,0.00000,6.28258
1.749338,-0.53659,-0.07807,9.41067,3.04528,-0.07294,0.48916,0.07454,0.08247,-0.03565,1,1,0.99847,0.00002,0.05535,-0.00059,0.99995,0.01017,-0.05535,-0.01018,0.99842,0.00000,6.28260
1.774274,-0.53151,-0.09212,9.43221,3.04486,-0.06888,0.47278,-0.01296,-0.08816,-0.03565,1,1,0.99846,0.00001,0.05539,-0.00057,0.99995,0.01016,-0.05539,-0.01017,0.99841,0.00000,6.28261
1.799280,-0.52193,-0.07926,9.41785,3.04542,-0.06496,0.47999,-0.12233,0.09122,0.17435,1,1,0.99847,0.00009,0.05536,-0.00065,0.99995,0.01010,-0.05535,-0.01012,0.99842,0.00000,6.28254
1.824235,-0.51595,-0.10528,9.40948,3.04612,-0.06566,0.48433,-0.12671,0.02122,-0.11440,1,1,0.99847,0.00004,0.05534,-0.00060,0.99995,0.01006,-0.05534,-0.01008,0.99842,0.00000,6.28259
1.849264,-0.54108,-0.08614,9.41277,3.04640,-0.06748,0.48230,0.02204,0.01684,0.12623,1,1,0.99847,0.00010,0.05535,-0.00065,0.99995,0.01007,-0.05534,-0.01009,0.99842,0.00000,6.28253
1.874171,-0.51775,-0.06969,9.39123,3.04710,-0.06804,0.48167,-0.06983,0.08247,0.07373,1,1,0.99847,0.00013,0.05531,-0.00068,0.99995,0.01002,-0.05531,-0.01005,0.99842,0.00000,6.28250
1.899178,-0.50847,-0.07986,9.43550,3.05018,-0.06706,0.47726,-0.06546,0.10872,0.06498,1,1,0.99847,0.00016,0.05526,-0.00071,0.99995,0.00999,-0.05525,-0.01002,0.99842,0.00000,6.28247
1.924085,-0.52522,-0.07657,9.46212,3.05032,-0.06720,0.47635,0.07017,0.02559,-0.02252,1,1,0.99847,0.00015,0.05524,-0.00070,0.99995,0.01001,-0.05524,-0.01003,0.99842,0.00000,6.28248
1.949128,-0.52313,-0.08435,9.43819,3.05088,-0.06692,0.48335,0.00892,-0.00066,-0.07502,1,1,0.99847,0.00011,0.05524,-0.00067,0.99995,0.01000,-0.05524,-0.01003,0.99842,0.00000,6.28252
1.974141,-0.51924,-0.07238,9.46631,3.05158,-0.06454,0.48692,0.06142,-0.02253,0.06935,1,1,0.99847,0.00014,0.05525,-0.00070,0.99995,0.01001,-0.05525,-0.01004,0.99842,0.00000,6.28249
1.999188,-0.52792,-0.08345,9.39691,3.05046,-0.06776,0.48132,0.05704,-0.06191,-0.12752,1,1,0.99847,0.00009,0.05528,-0.00064,0.99995,0.01003,-0.05528,-0.01005,0.99842,0.00000,6.28254
2.024576,-0.53599,-0.08674,9.41307,3.04934,-0.07112,0.47873,-0.07858,0.04747,0.03435,1,1,0.99847,0.00010,0.05527,-0.00066,0.99995,0.00999,-0.05527,-0.01001,0.99842,0.00000,6.28253
2.049683,-0.53480,-0.09601,9.37807,3.04836,-0.06818,0.48167,0.05704,-0.21503,0.10873,1,1,0.99847,0.00015,0.05537,-0.00071,0.99995,0.01002,-0.05537,-0.01004,0.99842,0.00000,6.28248
2.074738,-0.52642,-0.09242,9.42623,3.04626,-0.06622,0.47838,0.10517,0.10872,-0.05752,1,1,0.99847,0.00012,0.05533,-0.00068,0.99995,0.01005,-0.05533,-0.01008,0.99842,0.00000,6.28251
2.099695,-0.54377,-0.07986,9.40918,3.04710,-0.06482,0.47341,-0.03921,-0.00503,0.06060,1,1,0.99847,0.00015,0.05535,-0.00070,0.99995,0.01003,-0.05534,-0.01005,0.99842,0.00000,6.28248
2.124635,-0.52313,-0.08106,9.43430,3.04780,-0.06440,0.47775,-0.05233,0.02559,-0.10127,1,1,0.99847,0.00011,0.05533,-0.00066,0.99995,0.01000,-0.05533,-0.01002,0.99842,0.00000,6.28252
2.149665,-0.53450,-0.07507,9.46092,3.04808,-0.06314,0.47551,-0.04358,0.06059,0.09123,1,1,0.99847,0.00015,0.05532,-0.00070,0.99995,0.00997,-0.05531,-0.01000,0.99842,0.00000,6.28248
2.174618,-0.53360,-0.09123,9.47887,3.04990,-0.06356,0.46998,0.10517,-0.06191,0.04310,1,1,0.99847,0.00016,0.05534,-0.00072,0.99995,0.01001,-0.05534,-0.01004,0.99842,0.00000,6.28247
2.199623,-0.51446,-0.08973,9.40888,3.04920,-0.06622,0.48279,-0.01296,0.01684,-0.09690,1,1,0.99847,0.00012,0.05533,-0.00068,0.99995,0.01000,-0.05533,-0.01002,0.99842,0.00000,6.28251
2.224624,-0.50728,-0.08584,9.44088,3.04850,-0.06608,0.48419,0.09204,0.21372,-0.07940,1,1,0.99847,0.00008,0.05524,-0.00064,0.99995,0.01003,-0.05523,-0.01005,0.99842,0.00000,6.28254
2.249679,-0.53001,-0.10289,9.44926,3.05046,-0.06566,0.47096,0.15767,-0.03128,-0.05315,1,1,0.99847,0.00006,0.05525,-0.00062,0.99995,0.01009,-0.05525,-0.01011,0.99842,0.00000,6.28257
2.274655,-0.51057,-0.08465,9.46870,3.04346,-0.06594,0.47754,0.10517,-0.05316,-0.06190,1,1,0.99847,0.00003,0.05526,-0.00059,0.99995,0.01012,-0.05526,-0.01014,0.99842,0.00000,6.28260
2.299923,-0.53180,-0.09392,9.42114,3.04262,-0.07042,0.48216,0.01329,-0.14066,0.09998,1,1,0.99847,0.00007,0.05533,-0.00063,0.99995,0.01013,-0.05533,-0.01015,0.99842,0.00000,6.28255
2.324955,-0.53509,-0.09063,9.44926,3.04878,-0.06454,0.47698,-0.06983,-0.18878,0.06935,1,1,0.99846,0.00010,0.05542,-0.00066,0.99995,0.01010,-0.05541,-0.01012,0.99841,0.00000,6.28252
2.349986,-0.53539,-0.08614,9.44208,3.04430,-0.06706,0.47810,-0.00858,-0.10128,0.14373,1,1,0.99846,0.00017,0.05547,-0.00073,0.99995,0.01009,-0.05547,-0.01011,0.99841,0.00000,6.28246
2.375010,-0.52223,-0.08584,9.39990,3.04262,-0.06790,0.47908,-0.12233,0.06059,-0.08377,1,1,0.99846,0.00013,0.05545,-0.00069,0.99995,0.01004,-0.05544,-0.01006,0.99841,0.00000,6.28249
2.400097,-0.53360,-0.08495,9.41636,3.03674,-0.06930,0.47026,-0.10921,-0.02691,0.04748,1,1,0.99846,0.00016,0.05546,-0.00071,0.99995,0.00999,-0.05546,-0.01002,0.99841,0.00000,6.28247
2.425133,-0.51715,-0.09990,9.46032,3.05242,-0.06146,0.47138,0.01329,0.01684,-0.03565,1,1,0.99846,0.00014,0.05545,-0.00070,0.99995,0.01000,-0.05545,-0.01002,0.99841,0.00000,6.28249
2.450256,-0.53719,-0.08853,9.42563,3.04178,-0.06818,0.47474,0.04392,0.05622,-0.13190,1,1,0.99846,0.00008,0.05544,-0.00064,0.99995,0.01001,-0.05543,-0.01003,0.99841,0.00000,6.28255
2.475266,-0.53270,-0.08315,9.43640,3.03730,-0.07154,0.47754,0.00892,-0.02253,-0.09690,1,1,0.99846,0.00004,0.05545,-0.00059,0.99995,0.01001,-0.05545,-0.01003,0.99841,0.00000,6.28259
2.500287,-0.53091,-0.09332,9.43011,3.04402,-0.06202,0.48636,0.13579,-0.18003,-0.05752,1,1,0.99846,0.00001,0.05553,-0.00057,0.99995,0.01006,-0.05553,-0.01008,0.99841,0.00000,6.28261
2.525301,-0.52343,-0.06012,9.43640,3.04458,-0.05782,0.47586,0.01329,-0.08378,-0.01815,1,1,0.99845,0.00000,0.05557,-0.00056,0.99995,0.01004,-0.05556,-0.01006,0.99840,0.00000,6.28262
2.550381,-0.53480,-0.08076,9.39422,3.04710,-0.06258,0.47642,-0.13983,-0.00066,0.06060,1,1,0.99845,0.00003,0.05558,-0.00059,0.99995,0.00998,-0.05557,-0.01000,0.99840,0.00000,6.28260
2.575356,-0.53061,-0.08285,9.48126,3.04878,-0.07210,0.47516,0.08329,-0.00503,-0.01377,1,1,0.99845,0.00002,0.05558,-0.00058,0.99995,0.01001,-0.05558,-0.01002,0.99840,0.00000,6.28260
2.600436,-0.51356,-0.08614,9.42952,3.05102,-0.06174,0.47334,-0.06983,0.08684,-0.00940,1,1,0.99846,0.00002,0.05554,-0.00058,0.99995,0.00997,-0.05553,-0.00999,0.99841,0.00000,6.28261
2.625446,-0.52493,-0.08704,9.44088,3.04850,-0.06622,0.47614,-0.12233,0.03872,0.08685,1,1,0.99846,0.00006,0.05552,-0.00061,0.99995,0.00992,-0.05552,-0.00994,0.99841,0.00000,6.28257
2.650493,-0.51506,-0.08824,9.44208,3.04962,-0.05334,0.47334,0.04392,-0.01816,0.08248,1,1,0.99846,0.00010,0.05552,-0.00065,0.99995,0.00994,-0.05552,-0.00996,0.99841,0.00000,6.28253
2.675490,-0.52164,-0.08524,9.44597,3.05298,-0.06202,0.47306,0.02642,0.03434,0.03435,1,1,0.99846,0.00011,0.05550,-0.00066,0.99995,0.00994,-0.05550,-0.00997,0.99841,0.00000,6.28252
2.700656,-0.52283,-0.09930,9.38704,3.04430,-0.06902,0.47572,0.08767,0.05184,0.09560,1,1,0.99846,0.00015,0.05548,-0.00071,0.99995,0.00998,-0.05548,-0.01000,0.99841,0.00000,6.28248
2.725646,-0.52881,-0.07567,9.42742,3.04458,-0.05838,0.47656,0.04829,0.03434,0.15248,1,1,0.99846,0.00022,0.05547,-0.00077,0.99995,0.00998,-0.05547,-0.01001,0.99841,0.00000,6.28241
2.750680,-0.53330,-0.07268,9.41456,3.04710,-0.06370,0.48860,-0.03483,0.04747,0.03873,1,1,0.99846,0.00023,0.05546,-0.00079,0.99995,0.00996,-0.05545,-0.00999,0.99841,0.00000,6.28240
2.775676,-0.52851,-0.07507,9.46122,3.05186,-0.07070,0.47530,0.00892,0.02997,0.13498,1,1,0.99846,0.00029,0.05544,-0.00085,0.99995,0.00995,-0.05544,-0.00998,0.99841,0.00000,6.28234
2.800678,-0.51924,-0.09422,9.45374,3.04738,-0.05922,0.48538,0.08329,0.01247,-0.04877,1,1,0.99846,0.00027,0.05544,-0.00082,0.99995,0.00998,-0.05543,-0.01001,0.99841,0.00000,6.28236
2.825685,-0.52612,-0.08465,9.44656,3.02806,-0.06258,0.47698,0.06579,-0.04441,0.01248,1,1,0.99846,0.00027,0.05545,-0.00083,0.99995,0.01000,-0.05545,-0.01003,0.99841,0.00000,6.28235
2.851014,-0.53121,-0.07807,9.46182,3.04808,-0.06818,0.47740,-0.02171,0.04309,0.02123,1,1,0.99846,0.00028,0.05544,-0.00084,0.99995,0.00998,-0.05544,-0.01001,0.99841,0.00000,6.28235
2.875989,-0.52014,-0.08315,9.41755,3.04976,-0.06678,0.47292,0.00892,0.14809,0.09560,1,1,0.99847,0.00032,0.05538,-0.00088,0.99995,0.00998,-0.05537,-0.01001,0.99842,0.00000,6.28231
2.900927,-0.53121,-0.08764,9.41994,3.04836,-0.06412,0.47586,0.13142,-0.05753,0.05623,1,1,0.99846,0.00035,0.05540,-0.00090,0.99995,0.01002,-0.05540,-0.01005,0.99841,0.00000,6.28228
2.925833,-0.52881,-0.08076,9.45494,3.04850,-0.06286,0.48202,-0.04796,0.05184,-0.05752,1,1,0.99846,0.00032,0.05539,-0.00088,0.99995,0.00999,-0.05538,-0.01002,0.99842,0.00000,6.28231
2.950827,-0.52941,-0.09093,9.42084,3.04962,-0.05992,0.48496,-0.25796,-0.00941,0.01685,1,1,0.99846,0.00034,0.05539,-0.00089,0.99995,0.00989,-0.05539,-0.00993,0.99842,0.00000,6.28230
2.975798,-0.51924,-0.07328,9.44627,3.04640,-0.06062,0.48468,-0.03921,-0.08816,-0.02252,1,1,0.99846,0.00033,0.05543,-0.00088,0.99995,0.00987,-0.05542,-0.00990,0.99841,0.00000,6.28231
3.000747,-0.52373,-0.08794,9.50070,3.04626,-0.06496,0.48482,0.11829,0.05622,-0.10127,1,1,0.99846,0.00028,0.05540,-0.00083,0.99995,0.00991,-0.05540,-0.00994,0.99841,0.00000,6.28235
3.025732,-0.51416,-0.07926,9.42383,3.05060,-0.06300,0.48461,-0.03483,0.07372,0.04748,1,1,0.99847,0.00030,0.05537,-0.00085,0.99995,0.00989,-0.05536,-0.00992,0.99842,0.00000,6.28233
3.050698,-0.51176,-0.09272,9.44268,3.04640,-0.06104,0.48426,-0.22733,0.13059,0.02998,1,1,0.99847,0.00032,0.05530,-0.00086,0.99995,0.00980,-0.05530,-0.00983,0.99842,0.00000,6.28232
3.075673,-0.52822,-0.08734,9.43430,3.04780,-0.06426,0.47789,-0.06983,0.06059,0.01248,1,1,0.99847,0.00033,0.05528,-0.00087,0.99995,0.00978,-0.05527,-0.00981,0.99842,0.00000,6.28231
3.100684,-0.51625,-0.09063,9.42563,3.05214,-0.06370,0.47894,-0.03921,0.04747,0.02560,1,1,0.99847,0.00034,0.05526,-0.00088,0.99995,0.00976,-0.05525,-0.00980,0.99842,0.00000,6.28230
3.125626,-0.53240,-0.09960,9.44088,3.05186,-0.06440,0.48020,-0.19671,0.09997,0.03435,1,1,0.99847,0.00036,0.05522,-0.00090,0.99995,0.00969,-0.05521,-0.00973,0.99843,0.00000,6.28229
3.150659,-0.53091,-0.08853,9.42892,3.05312,-0.06622,0.48076,0.02642,0.06934,-0.10565,1,1,0.99848,0.00031,0.05519,-0.00085,0.99995,0.00970,-0.05519,-0.00974,0.99843,0.00000,6.28233
3.175634,-0.52343,-0.09003,9.42742,3.04808,-0.06314,0.48566,0.11829,-0.00941,0.01248,1,1,0.99848,0.00031,0.05520,-0.00085,0.99995,0.00975,-0.05519,-0.00978,0.99843,0.00000,6.28233
3.200670,-0.52193,-0.11097,9.41994,3.04584,-0.06090,0.48279,-0.09171,0.01247,-0.00065,1,1,0.99848,0.00032,0.05519,-0.00085,0.99995,0.00972,-0.05519,-0.00975,0.99843,0.00000,6.28233
3.225645,-0.52104,-0.09811,9.44058,3.05200,-0.06286,0.47782,0.07017,0.04747,-0.03127,1,1,0.99848,0.00030,0.05517,-0.00084,0.99995,0.00975,-0.05517,-0.00978,0.99843,0.00000,6.28234
3.250677,-0.51864,-0.07238,9.47289,3.05102,-0.06566,0.47929,-0.17046,0.02559,-0.06190,1,1,0.99848,0.00028,0.05516,-0.00081,0.99995,0.00968,-0.05515,-0.00971,0.99843,0.00000,6.28237
3.275636,-0.53509,-0.07896,9.45703,3.04878,-0.06538,0.47607,0.07454,0.05184,0.14810,1,1,0.99848,0.00034,0.05514,-0.00088,0.99995,0.00970,-0.05514,-0.00973,0.99843,0.00000,6.28231
3.300676,-0.52971,-0.08375,9.47677,3.04962,-0.06146,0.47145,0.07454,0.06934,0.03873,1,1,0.99848,0.00036,0.05512,-0.00089,0.99995,0.00972,-0.05511,-0.00975,0.99843,0.00000,6.28229
3.325635,-0.53330,-0.06640,9.45464,3.04878,-0.05936,0.46963,-0.05671,-0.03566,-0.12315,1,1,0.99848,0.00030,0.05514,-0.00084,0.99995,0.00968,-0.05513,-0.00971,0.99843,0.00000,6.28234
3.350663,-0.52522,-0.07717,9.43669,3.04290,-0.06118,0.47299,-0.03046,0.02559,0.00373,1,1,0.99848,0.00031,0.05513,-0.00084,0.99995,0.00966,-0.05513,-0.00969,0.99843,0.00000,6.28234
3.375665,-0.53061,-0.07866,9.44088,3.05634,-0.06118,0.47908,-0.18358,0.19622,-0.06190,1,1,0.99848,0.00028,0.05506,-0.00081,0.99995,0.00959,-0.05505,-0.00962,0.99844,0.00000,6.28237
3.400665,-0.53928,-0.08465,9.46032,3.04234,-0.07070,0.47894,-0.08733,0.08247,0.01685,1,1,0.99848,0.00029,0.05503,-0.00082,0.99995,0.00955,-0.05502,-0.00958,0.99844,0.00000,6.28236
3.425636,-0.51476,-0.07268,9.45614,3.05130,-0.06454,0.47922,-0.02171,0.14372,-0.05752,1,1,0.99849,0.00027,0.05496,-0.00079,0.99995,0.00954,-0.05496,-0.00956,0.99844,0.00000,6.28239
3.451189,-0.53659,-0.08495,9.37837,3.04122,-0.06818,0.47698,-0.01733,-0.05316,-0.03127,1,1,0.99849,0.00026,0.05500,-0.00078,0.99995,0.00953,-0.05499,-0.00955,0.99844,0.00000,6.28240
3.476231,-0.53719,-0.09661,9.40708,3.04682,-0.06202,0.49196,-0.09608,0.13934,0.02123,1,1,0.99849,0.00027,0.05495,-0.00079,0.99995,0.00949,-0.05494,-0.00952,0.99844,0.00000,6.28239
3.501297,-0.54347,-0.09063,9.45614,3.05130,-0.06258,0.48202,0.11392,-0.08816,-0.01377,1,1,0.99849,0.00026,0.05500,-0.00078,0.99995,0.00954,-0.05499,-0.00957,0.99844,0.00000,6.28240
3.526271,-0.50877,-0.08375,9.45165,3.04598,-0.06538,0.47712,0.11829,-0.04441,-0.02252,1,1,0.99849,0.00025,0.05501,-0.00077,0.99995,0.00958,-0.05501,-0.00961,0.99844,0.00000,6.28241
3.551261,-0.55513,-0.09721,9.43789,3.05046,-0.06762,0.47572,0.12267,0.02997,-0.19752,1,1,0.99849,0.00016,0.05502,-0.00069,0.99995,0.00963,-0.05502,-0.00965,0.99844,0.00000,6.28250
3.576286,-0.53420,-0.09840,9.45165,3.04738,-0.06846,0.48720,0.10954,-0.07503,-0.01377,1,1,0.99848,0.00015,0.05506,-0.00068,0.99995,0.00967,-0.05505,-0.00969,0.99844,0.00000,6.28250
3.601285,-0.52223,-0.07747,9.42623,3.05382,-0.06818,0.48384,-0.06108,0.01684,-0.14065,1,1,0.99848,0.00009,0.05505,-0.00062,0.99995,0.00964,-0.05505,-0.00966,0.99844,0.00000,6.28257
3.626254,-0.52134,-0.08913,9.41576,3.04962,-0.06314,0.47726,0.00892,0.01247,0.05185,1,1,0.99848,0.00011,0.05505,-0.00064,0.99995,0.00964,-0.05505,-0.00966,0.99844,0.00000,6.28254
3.651248,-0.52911,-0.08405,9.46511,3.04402,-0.06650,0.48146,0.05267,0.12184,-0.08815,1,1,0.99849,0.00007,0.05500,-0.00060,0.99995,0.00966,-0.05500,-0.00967,0.99844,0.00000,6.28258
3.676262,-0.52373,-0.09751,9.44507,3.05354,-0.07042,0.48006,-0.05233,-0.07503,-0.08815,1,1,0.99848,0.00003,0.05503,-0.00056,0.99995,0.00964,-0.05503,-0.00965,0.99844,0.00000,6.28262
3.701304,-0.52582,-0.09482,9.39602,3.04402,-0.06902,0.47376,0.07017,0.08247,0.10873,1,1,0.99849,0.00008,0.05501,-0.00061,0.99995,0.00967,-0.05500,-0.00969,0.99844,0.00000,6.28257
3.726311,-0.52193,-0.08794,9.42383,3.04262,-0.06874,0.47348,-0.14421,0.02122,0.06060,1,1,0.99849,0.00011,0.05500,-0.00064,0.99995,0.00961,-0.05499,-0.00963,0.99844,0.00000,6.28255
3.751360,-0.52552,-0.07358,9.46810,3.04430,-0.06314,0.46830,0.00892,0.10872,-0.02252,1,1,0.99849,0.00010,0.05495,-0.00063,0.99995,0.00961,-0.05495,-0.00963,0.99844,0.00000,6.28256
3.776433,-0.53868,-0.07687,9.39033,3.05578,-0.06258,0.47880,-0.15733,-0.00941,0.01685,1,1,0.99849,0.00011,0.05497,-0.00063,0.99995,0.00954,-0.05497,-0.00956,0.99844,0.00000,6.28255
3.801493,-0.53031,-0.07567,9.43281,3.04794,-0.06622,0.47096,0.02642,0.11747,0.02123,1,1,0.99849,0.00012,0.05493,-0.00064,0.99995,0.00954,-0.05492,-0.00956,0.99844,0.00000,6.28254
3.826447,-0.52911,-0.09661,9.40619,3.04514,-0.06454,0.47894,0.00892,0.07372,-0.07940,1,1,0.99849,0.00008,0.05490,-0.00061,0.99995,0.00955,-0.05490,-0.00957,0.99845,0.00000,6.28258
3.851504,-0.52463,-0.11067,9.43340,3.04906,-0.06482,0.47026,0.01767,0.06934,0.08248,1,1,0.99849,0.00012,0.05488,-0.00064,0.99995,0.00957,-0.05487,-0.00959,0.99845,0.00000,6.28254
3.876447,-0.52193,-0.09123,9.44357,3.03702,-0.06370,0.46746,-0.03483,0.17434,-0.00940,1,1,0.99850,0.00012,0.05480,-0.00064,0.99995,0.00955,-0.05480,-0.00957,0.99845,0.00000,6.28254
3.901488,-0.52253,-0.06969,9.40798,3.06026,-0.06706,0.47488,-0.09171,0.11309,0.03873,1,1,0.99850,0.00013,0.05476,-0.00066,0.99995,0.00951,-0.05475,-0.00953,0.99845,0.00000,6.28253
3.926410,-0.53659,-0.09362,9.41636,3.04654,-0.06286,0.47222,0.00892,0.07809,-0.14502,1,1,0.99850,0.00007,0.05474,-0.00059,0.99995,0.00951,-0.05473,-0.00953,0.99846,0.00000,6.28259
3.951444,-0.52403,-0.09123,9.44387,3.04640,-0.06608,0.48076,-0.25358,0.09122,-0.04440,1,1,0.99850,0.00006,0.05470,-0.00057,0.99996,0.00942,-0.05470,-0.00944,0.99846,0.00000,6.28261
3.976414,-0.53210,-0.09272,9.42682,3.04444,-0.06958,0.47747,0.12704,0.09559,0.06060,1,1,0.99850,0.00008,0.05467,-0.00060,0.99995,0.00947,-0.05466,-0.00949,0.99846,0.00000,6.28258
4.001471,-0.52792,-0.08106,9.42563,3.04500,-0.06608,0.47670,-0.03483,-0.09253,-0.14065,1,1,0.99850,0.00002,0.05471,-0.00054,0.99996,0.00945,-0.05471,-0.00947,0.99846,0.00000,6.28265
4.026425,-0.53240,-0.09272,9.43849,3.04878,-0.06482,0.48181,-0.13108,0.06059,-0.08377,1,1,0.99850,-0.00001,0.05470,-0.00050,0.99996,0.00941,-0.05469,-0.00942,0.99846,0.00000,6.28268
4.051489,-0.52253,-0.09063,9.38495,3.05004,-0.07042,0.48069,-0.04796,-0.07066,-0.06190,1,1,0.99850,-0.00004,0.05473,-0.00048,0.99996,0.00939,-0.05473,-0.00940,0.99846,0.00000,6.28271
4.076450,-0.51954,-0.09153,9.40798,3.04822,-0.07042,0.47600,-0.12671,0.17434,-0.00502,1,1,0.99850,-0.00004,0.05466,-0.00047,0.99996,0.00935,-0.05466,-0.00936,0.99846,0.00000,6.28271
4.101562,-0.54197,-0.09242,9.42772,3.04626,-0.06734,0.47607,-0.17046,-0.03128,-0.09690,1,1,0.99850,-0.00008,0.05469,-0.00043,0.99996,0.00929,-0.05469,-0.00930,0.99846,0.00000,6.28275
4.126516,-0.51775,-0.09272,9.46631,3.04752,-0.06818,0.47705,-0.23608,-0.02691,-0.01377,1,1,0.99850,-0.00008,0.05470,-0.00043,0.99996,0.00920,-0.05470,-0.00921,0.99846,0.00000,6.28276
4.151580,-0.53330,-0.06939,9.43191,3.04780,-0.06888,0.47754,-0.24483,-0.00503,0.00373,1,1,0.99850,-0.00007,0.05471,-0.00043,0.99996,0.00911,-0.05471,-0.00912,0.99846,0.00000,6.28276
4.176543,-0.52822,-0.08794,9.44238,3.04822,-0.06664,0.47838,0.03954,-0.08378,0.03435,1,1,0.99850,-0.00006,0.05475,-0.00044,0.99996,0.00913,-0.05475,-0.00914,0.99846,0.00000,6.28274
4.201603,-0.53180,-0.09242,9.39452,3.04640,-0.06510,0.48412,-0.12671,0.19622,-0.05315,1,1,0.99850,-0.00008,0.05468,-0.00042,0.99996,0.00908,-0.05468,-0.00909,0.99846,0.00000,6.28276
4.226648,-0.52582,-0.09452,9.39990,3.04458,-0.06538,0.48153,-0.01733,0.09559,-0.07502,1,1,0.99851,-0.00011,0.05465,-0.00039,0.99996,0.00908,-0.05464,-0.00909,0.99846,0.00000,6.28280
4.251733,-0.50638,-0.09182,9.36341,3.04668,-0.06510,0.48013,0.04392,0.08247,-0.02252,1,1,0.99851,-0.00012,0.05461,-0.00038,0.99996,0.00910,-0.05460,-0.00911,0.99847,0.00000,6.28281
4.276801,-0.53809,-0.09511,9.42652,3.04808,-0.06244,0.48398,0.05704,0.03872,-0.00502,1,1,0.99851,-0.00012,0.05460,-0.00038,0.99996,0.00913,-0.05460,-0.00914,0.99847,0.00000,6.28281
4.301849,-0.52582,-0.09900,9.45673,3.04808,-0.06244,0.48041,-0.08733,0.15247,-0.07502,1,1,0.99851,-0.00015,0.05454,-0.00034,0.99996,0.00910,-0.05454,-0.00911,0.99847,0.00000,6.28284
4.326924,-0.51147,-0.08016,9.41456,3.04626,-0.06580,0.48013,-0.08733,0.01247,-0.04440,1,1,0.99851,-0.00017,0.05453,-0.00032,0.99996,0.00907,-0.05453,-0.00907,0.99847,0.00000,6.28286
4.352366,-0.55065,-0.07328,9.44866,3.04598,-0.06664,0.47768,0.00892,0.00809,-0.08377,1,1,0.99851,-0.00021,0.05455,-0.00029,0.99996,0.00907,-0.05455,-0.00907,0.99847,0.00000,6.28290
4.377433,-0.53629,-0.08913,9.40768,3.04682,-0.06594,0.47887,-0.02171,0.09997,0.03435,1,1,0.99851,-0.00019,0.05452,-0.00030,0.99996,0.00906,-0.05452,-0.00906,0.99847,0.00000,6.28288
4.402444,-0.51236,-0.08076,9.46631,3.04864,-0.06258,0.48097,-0.02171,-0.01378,-0.10127,1,1,0.99851,-0.00024,0.05452,-0.00026,0.99996,0.00905,-0.05452,-0.00905,0.99847,0.00000,6.28293
4.427451,-0.51386,-0.08405,9.42383,3.05144,-0.06076,0.48048,0.03517,0.01247,-0.04877,1,1,0.99851,-0.00026,0.05452,-0.00024,0.99996,0.00906,-0.05452,-0.00906,0.99847,0.00000,6.28295
4.452453,-0.53001,-0.09212,9.45374,3.05158,-0.06342,0.48307,-0.13546,0.12184,-0.07940,1,1,0.99852,-0.00029,0.05448,-0.00020,0.99996,0.00901,-0.05448,-0.00901,0.99847,0.00000,6.28298
4.477472,-0.52253,-0.09751,9.43939,3.05130,-0.06538,0.47978,0.10079,0.10434,-0.05752,1,1,0.99852,-0.00032,0.05443,-0.00018,0.99996,0.00906,-0.05443,-0.00906,0.99848,0.00000,6.28301
4.502440,-0.51954,-0.07537,9.41785,3.04822,-0.06314,0.47208,-0.03921,0.14809,0.01248,1,1,0.99852,-0.00031,0.05437,-0.00018,0.99996,0.00904,-0.05438,-0.00904,0.99848,0.00000,6.28300
4.527435,-0.54317,-0.07896,9.44208,3.05130,-0.07042,0.46872,-0.03483,-0.02253,0.10873,1,1,0.99852,-0.00026,0.05440,-0.00023,0.99996,0.00902,-0.05440,-0.00902,0.99848,0.00000,6.28296
4.552413,-0.52642,-0.08315,9.43191,3.05382,-0.07014,0.47362,-0.09608,0.08684,0.04310,1,1,0.99852,-0.00024,0.05437,-0.00025,0.99996,0.00899,-0.05437,-0.00899,0.99848,0.00000,6.28294
4.577414,-0.51805,-0.07657,9.42443,3.04682,-0.05922,0.48888,0.00454,-0.07066,0.07810,1,1,0.99852,-0.00021,0.05440,-0.00028,0.99996,0.00898,-0.05440,-0.00899,0.99848,0.00000,6.28290
4.602652,-0.53659,-0.07358,9.43460,3.04906,-0.06510,0.47908,-0.06108,0.02997,-0.10565,1,1,0.99852,-0.00025,0.05440,-0.00023,0.99996,0.00895,-0.05440,-0.00895,0.99848,0.00000,6.28295
4.627700,-0.52463,-0.08435,9.42114,3.04010,-0.06986,0.47964,0.00017,0.09997,-0.00940,1,1,0.99852,-0.00026,0.05437,-0.00023,0.99996,0.00896,-0.05437,-0.00895,0.99848,0.00000,6.28296
4.652717,-0.53599,-0.09422,9.43400,3.05074,-0.06678,0.47908,-0.11358,0.03872,-0.11002,1,1,0.99852,-0.00030,0.05436,-0.00018,0.99996,0.00892,-0.05436,-0.00892,0.99848,0.00000,6.28300
4.677734,-0.53091,-0.08166,9.42204,3.04766,-0.06678,0.47712,0.15767,0.16122,-0.00940,1,1,0.99852,-0.00031,0.05431,-0.00018,0.99996,0.00898,-0.05431,-0.00898,0.99848,0.00000,6.28301
4.702668,-0.51027,-0.10020,9.46272,3.04570,-0.07714,0.48636,0.09204,0.09122,0.09560,1,1,0.99853,-0.00027,0.05426,-0.00022,0.99996,0.00902,-0.05426,-0.00902,0.99849,0.00000,6.28297
4.727696,-0.45015,-0.07627,9.42712,3.04822,-0.06958,0.48034,-0.01733,0.09997,-0.04877,1,1,0.99853,-0.00029,0.05418,-0.00020,0.99996,0.00901,-0.05418,-0.00900,0.99849,0.00000,6.28299
4.752607,-0.52493,-0.09751,9.40379,3.04430,-0.06118,0.48720,0.00892,0.02997,0.05623,1,1,0.99853,-0.00027,0.05418,-0.00022,0.99996,0.00902,-0.05418,-0.00902,0.99849,0.00000,6.28296
4.777501,-0.52104,-0.09332,9.40619,3.04682,-0.07070,0.48762,0.05704,0.06497,0.06935,1,1,0.99853,-0.00024,0.05416,-0.00025,0.99996,0.00904,-0.05416,-0.00904,0.99849,0.00000,6.28293
4.802399,-0.51835,-0.07627,9.42772,3.04822,-0.06286,0.48244,0.05267,0.06497,0.07373,1,1,0.99853,-0.00021,0.05413,-0.00028,0.99996,0.00906,-0.05413,-0.00906,0.99849,0.00000,6.28290
4.827383,-0.50608,-0.07896,9.40648,3.04906,-0.06426,0.48020,-0.10046,-0.14503,-0.07940,1,1,0.99853,-0.00024,0.05419,-0.00025,0.99996,0.00901,-0.05419,-0.00901,0.99849,0.00000,6.28294
4.852356,-0.52493,-0.08554,9.42802,3.04626,-0.06454,0.48692,0.07017,0.05622,-0.13190,1,1,0.99853,-0.00030,0.05418,-0.00019,0.99996,0.00904,-0.05418,-0.00904,0.99849,0.00000,6.28299
4.877386,-0.52493,-0.09960,9.44956,3.04654,-0.07098,0.48482,-0.11358,0.11309,0.03435,1,1,0.99853,-0.00028,0.05414,-0.00021,0.99996,0.00901,-0.05414,-0.00901,0.99849,0.00000,6.28298
4.902354,-0.51805,-0.07597,9.37568,3.04906,-0.06286,0.48692,0.12704,0.05184,-0.01377,1,1,0.99853,-0.00029,0.05412,-0.00020,0.99996,0.00905,-0.05412,-0.00905,0.99849,0.00000,6.28299
4.927388,-0.52283,-0.09601,9.40708,3.04570,-0.06482,0.48048,0.26267,0.09997,-0.03565,1,1,0.99854,-0.00031,0.05408,-0.00018,0.99996,0.00916,-0.05408,-0.00915,0.99849,0.00000,6.28300
4.952365,-0.53121,-0.08973,9.42114,3.05802,-0.05978,0.48524,0.01329,-0.18441,0.04310,1,1,0.99853,-0.00029,0.05417,-0.00020,0.99996,0.00916,-0.05417,-0.00916,0.99849,0.00000,6.28298
4.977451,-0.53240,-0.07866,9.43400,3.04654,-0.06902,0.49168,-0.09171,0.04747,0.02560,1,1,0.99853,-0.00028,0.05417,-0.00021,0.99996,0.00912,-0.05417,-0.00912,0.99849,0.00000,6.28297
5.002415,-0.51147,-0.07807,9.41935,3.02582,-0.06286,0.48440,-0.13108,0.00809,0.00810,1,1,0.99853,-0.00028,0.05416,-0.00022,0.99996,0.00907,-0.05416,-0.00906,0.99849,0.00000,6.28297
5.027444,-0.51685,-0.08913,9.44896,3.04248,-0.06202,0.48174,-0.00421,0.06497,0.02998,1,1,0.99853,-0.00026,0.05414,-0.00023,0.99996,0.00907,-0.05414,-0.00907,0.99849,0.00000,6.28296
5.052457,-0.52881,-0.08285,9.40948,3.04626,-0.06384,0.48552,-0.19233,0.22247,0.05185,1,1,0.99854,-0.00023,0.05406,-0.00025,0.99996,0.00899,-0.05406,-0.00899,0.99850,0.00000,6.28293
5.077453,-0.53868,-0.09212,9.42473,3.04808,-0.06580,0.47824,0.10517,0.14809,-0.05752,1,1,0.99854,-0.00026,0.05401,-0.00023,0.99996,0.00904,-0.05401,-0.00904,0.99850,0.00000,6.28296
5.102435,-0.54257,-0.09601,9.40050,3.04640,-0.06440,0.47229,-0.05233,0.09997,-0.08377,1,1,0.99854,-0.00030,0.05398,-0.00019,0.99996,0.00903,-0.05398,-0.00902,0.99850,0.00000,6.28300
5.127450,-0.51565,-0.08913,9.44776,3.04794,-0.06454,0.47565,0.01767,0.05184,0.06935,1,1,0.99854,-0.00027,0.05396,-0.00022,0.99996,0.00904,-0.05396,-0.00904,0.99850,0.00000,6.28297
5.152432,-0.54526,-0.09332,9.44327,3.04836,-0.06496,0.47705,-0.05671,0.02122,0.01248,1,1,0.99854,-0.00026,0.05397,-0.00023,0.99996,0.00902,-0.05397,-0.00902,0.99850,0.00000,6.28296
5.177428,-0.50788,-0.07777,9.41037,3.04584,-0.06258,0.47390,-0.04796,0.31872,0.02560,1,1,0.99855,-0.00025,0.05384,-0.00024,0.99996,0.00900,-0.05384,-0.00900,0.99851,0.00000,6.28295
5.202385,-0.53121,-0.06820,9.41456,3.04626,-0.06384,0.47404,-0.08296,0.19184,-0.00940,1,1,0.99855,-0.00025,0.05377,-0.00023,0.99996,0.00896,-0.05377,-0.00896,0.99851,0.00000,6.28295
5.227426,-0.53719,-0.10199,9.43998,3.04626,-0.06608,0.47901,-0.11358,0.07809,0.01685,1,1,0.99855,-0.00024,0.05375,-0.00024,0.99996,0.00893,-0.05375,-0.00893,0.99851,0.00000,6.28295
5.252443,-0.52044,-0.09392,9.44537,3.04458,-0.06300,0.47523,-0.01296,0.16122,0.01685,1,1,0.99856,-0.00023,0.05369,-0.00025,0.99996,0.00893,-0.05369,-0.00893,0.99852,0.00000,6.28294
5.277463,-0.51984,-0.09631,9.41546,3.04570,-0.06118,0.47530,0.06142,-0.04003,0.01248,1,1,0.99856,-0.00023,0.05371,-0.00025,0.99996,0.00896,-0.05371,-0.00896,0.99852,0.00000,6.28293
5.302484,-0.52612,-0.07956,9.44417,3.04836,-0.06132,0.47901,0.03517,-0.00941,0.05623,1,1,0.99856,-0.00021,0.05373,-0.00028,0.99996,0.00897,-0.05373,-0.00897,0.99852,0.00000,6.28291
5.327480,-0.52971,-0.06640,9.44357,3.04612,-0.06328,0.47684,-0.12233,-0.02691,-0.07502,1,1,0.99855,-0.00024,0.05375,-0.00024,0.99996,0.00891,-0.05375,-0.00891,0.99851,0.00000,6.28294
5.352479,-0.51595,-0.07866,9.46062,3.04234,-0.06734,0.47159,0.09642,0.02559,0.02123,1,1,0.99855,-0.00023,0.05375,-0.00025,0.99996,0.00895,-0.05375,-0.00895,0.99851,0.00000,6.28293
5.377519,-0.52612,-0.08913,9.42234,3.04010,-0.06650,0.47159,0.02204,-0.06191,0.01248,1,1,0.99855,-0.00022,0.05378,-0.00026,0.99996,0.00896,-0.05378,-0.00896,0.99851,0.00000,6.28293
5.402578,-0.52642,-0.08824,9.41336,3.04122,-0.06608,0.47551,0.07017,0.08247,-0.05752,1,1,0.99855,-0.00025,0.05376,-0.00023,0.99996,0.00898,-0.05376,-0.00898,0.99851,0.00000,6.28295
5.427562,-0.52403,-0.08824,9.45374,3.04696,-0.06832,0.47369,-0.08296,0.15247,-0.05752,1,1,0.99856,-0.00027,0.05370,-0.00021,0.99996,0.00895,-0.05371,-0.00895,0.99852,0.00000,6.28298
5.452570,-0.53330,-0.08046,9.42234,3.04822,-0.06790,0.47194,0.15767,0.11309,-0.03565,1,1,0.99856,-0.00029,0.05367,-0.00019,0.99996,0.00901,-0.05367,-0.00901,0.99852,0.00000,6.28300
5.477582,-0.52971,-0.07777,9.40110,3.04892,-0.06594,0.46662,0.03079,0.15684,0.02560,1,1,0.99856,-0.00028,0.05362,-0.00020,0.99996,0.00902,-0.05362,-0.00901,0.99852,0.00000,6.28299
5.502607,-0.53031,-0.09242,9.40230,3.05186,-0.06370,0.47054,-0.06108,0.11747,0.01685,1,1,0.99856,-0.00028,0.05358,-0.00021,0.99996,0.00900,-0.05358,-0.00900,0.99852,0.00000,6.28298
