-0.98283,0.17188,-0.06716,-0.16847,-0.98425,-0.05351,-0.07530,-0.04128,0.99631
-0.98800,0.14189,-0.06110,-0.13883,-0.98897,-0.05170,-0.06776,-0.04260,0.99679
-0.99220,0.11284,-0.05296,-0.11021,-0.99264,-0.05014,-0.05823,-0.04392,0.99734
-0.99524,0.08619,-0.04550,-0.08395,-0.99527,-0.04893,-0.04950,-0.04488,0.99776
-0.99700,0.06449,-0.04289,-0.06242,-0.99689,-0.04804,-0.04586,-0.04522,0.99792
-0.99818,0.04469,-0.04045,-0.04276,-0.99797,-0.04726,-0.04248,-0.04544,0.99806
-0.99908,0.02458,-0.03500,-0.02294,-0.99865,-0.04660,-0.03610,-0.04575,0.99830
-0.99947,0.00627,-0.03209,-0.00479,-0.99893,-0.04602,-0.03235,-0.04585,0.99842
-0.99951,-0.01045,-0.02945,0.01178,-0.99889,-0.04550,-0.02894,-0.04583,0.99853
-0.99935,-0.02613,-0.02500,0.02724,-0.99861,-0.04508,-0.02379,-0.04573,0.99867
-0.99892,-0.04085,-0.02235,0.04181,-0.99813,-0.04463,-0.02049,-0.04552,0.99875
-0.99833,-0.05425,-0.01995,0.05509,-0.99750,-0.04435,-0.01749,-0.04537,0.99882
-0.99779,-0.06435,-0.01635,0.06502,-0.99691,-0.04416,-0.01346,-0.04512,0.99889
-0.99721,-0.07354,-0.01308,0.07405,-0.99628,-0.04402,-0.00979,-0.04486,0.99895
-0.99660,-0.08172,-0.01084,0.08212,-0.99566,-0.04388,-0.00721,-0.04462,0.99898
-0.99605,-0.08822,-0.00985,0.08857,-0.99511,-0.04373,-0.00594,-0.04443,0.99900
-0.99552,-0.09414,-0.00922,0.09446,-0.99457,-0.04362,-0.00506,-0.04429,0.99901
-0.99490,-0.10048,-0.00896,0.10077,-0.99396,-0.04349,-0.00454,-0.04417,0.99901
-0.99431,-0.10621,-0.00874,0.10649,-0.99337,-0.04337,-0.00407,-0.04406,0.99902
-0.99378,-0.11082,-0.01054,0.11118,-0.99286,-0.04329,-0.00567,-0.04419,0.99901
-0.99313,-0.11673,-0.00867,0.11699,-0.99219,-0.04317,-0.00356,-0.04389,0.99903
-0.99267,-0.12067,-0.00722,0.12087,-0.99173,-0.04312,-0.00195,-0.04368,0.99904
-0.99241,-0.12279,-0.00609,0.12294,-0.99148,-0.04303,-0.00075,-0.04345,0.99906
-0.99084,-0.13486,-0.00749,0.13506,-0.98991,-0.04288,-0.00163,-0.04350,0.99905
-0.99013,-0.13989,-0.00880,0.14014,-0.98921,-0.04274,-0.00272,-0.04355,0.99905
-0.98971,-0.14285,-0.00770,0.14305,-0.98880,-0.04262,-0.00153,-0.04328,0.99906
-0.98955,-0.14400,-0.00736,0.14418,-0.98864,-0.04254,-0.00115,-0.04316,0.99907
-0.98962,-0.14350,-0.00757,0.14369,-0.98871,-0.04249,-0.00139,-0.04314,0.99907
-0.98947,-0.14461,-0.00588,0.14473,-0.98856,-0.04238,0.00031,-0.04279,0.99908
-0.98933,-0.14561,-0.00432,0.14566,-0.98843,-0.04230,0.00189,-0.04248,0.99910
-0.98926,-0.14619,-0.00017,0.14607,-0.98837,-0.04224,0.00601,-0.04181,0.99911
-0.98911,-0.14718,0.00318,0.14691,-0.98825,-0.04214,0.00935,-0.04122,0.99911
-0.98889,-0.14852,0.00584,0.14815,-0.98807,-0.04208,0.01202,-0.04074,0.99910
-0.98857,-0.15070,0.00393,0.15041,-0.98773,-0.04200,0.01021,-0.04093,0.99911
-0.98827,-0.15271,0.00221,0.15248,-0.98742,-0.04187,0.00858,-0.04104,0.99912
-0.98855,-0.15086,0.00266,0.15062,-0.98771,-0.04183,0.00894,-0.04095,0.99912
-0.98879,-0.14930,0.00335,0.14904,-0.98795,-0.04176,0.00954,-0.04080,0.99912
-0.98898,-0.14801,0.00431,0.14771,-0.98815,-0.04165,0.01043,-0.04056,0.99912
-0.98915,-0.14690,0.00324,0.14664,-0.98832,-0.04157,0.00931,-0.04065,0.99913
-0.98896,-0.14817,0.00223,0.14795,-0.98812,-0.04151,0.00836,-0.04072,0.99914
-0.98883,-0.14904,0.00132,0.14886,-0.98799,-0.04143,0.00747,-0.04077,0.99914
-0.98864,-0.15026,0.00184,0.15006,-0.98781,-0.04141,0.00804,-0.04066,0.99914
-0.98847,-0.15140,0.00235,0.15117,-0.98764,-0.04138,0.00859,-0.04055,0.99914
-0.98822,-0.15305,0.00245,0.15282,-0.98739,-0.04130,0.00874,-0.04044,0.99914
-0.98804,-0.15416,0.00334,0.15390,-0.98723,-0.04121,0.00965,-0.04021,0.99914
-0.98787,-0.15524,0.00412,0.15494,-0.98707,-0.04118,0.01046,-0.04004,0.99914
-0.98780,-0.15565,0.00559,0.15529,-0.98701,-0.04111,0.01191,-0.03974,0.99914
-0.98773,-0.15603,0.00691,0.15562,-0.98696,-0.04103,0.01322,-0.03945,0.99913
-0.98767,-0.15622,0.00998,0.15569,-0.98696,-0.04097,0.01625,-0.03891,0.99911
-0.98802,-0.15390,0.01110,0.15334,-0.98733,-0.04089,0.01726,-0.03870,0.99910
-0.98835,-0.15175,0.01159,0.15117,-0.98767,-0.04076,0.01763,-0.03853,0.99910
-0.98776,-0.15552,0.01152,0.15494,-0.98708,-0.04078,0.01771,-0.03850,0.99910
-0.98749,-0.15721,0.01243,0.15659,-0.98683,-0.04068,0.01866,-0.03823,0.99909
-0.98747,-0.15715,0.01423,0.15646,-0.98685,-0.04061,0.02042,-0.03787,0.99907
-0.98746,-0.15748,0.01134,0.15691,-0.98678,-0.04057,0.01757,-0.03828,0.99911
-0.98743,-0.15779,0.00892,0.15731,-0.98672,-0.04047,0.01519,-0.03856,0.99914
-0.98740,-0.15809,0.00684,0.15769,-0.98666,-0.04043,0.01314,-0.03884,0.99916
-0.98740,-0.15810,0.00695,0.15769,-0.98666,-0.04039,0.01324,-0.03879,0.99916
-0.98745,-0.15789,0.00407,0.15760,-0.98668,-0.04028,0.01038,-0.03913,0.99918
-0.98737,-0.15843,0.00143,0.15825,-0.98658,-0.04019,0.00777,-0.03945,0.99919
-0.98721,-0.15943,0.00121,0.15926,-0.98642,-0.04009,0.00758,-0.03939,0.99920
-0.98705,-0.16039,0.00100,0.16022,-0.98627,-0.04004,0.00741,-0.03937,0.99920
-0.98702,-0.16061,0.00102,0.16044,-0.98624,-0.03998,0.00743,-0.03929,0.99920
-0.98726,-0.15910,0.00394,0.15881,-0.98650,-0.03993,0.01024,-0.03879,0.99919
-0.98747,-0.15768,0.00665,0.15730,-0.98675,-0.03983,0.01284,-0.03829,0.99918
-0.98753,-0.15735,0.00559,0.15701,-0.98679,-0.03981,0.01178,-0.03844,0.99919
-0.98754,-0.15706,0.00948,0.15657,-0.98687,-0.03974,0.01559,-0.03776,0.99917
-0.98725,-0.15890,0.00907,0.15843,-0.98657,-0.03964,0.01525,-0.03770,0.99917
-0.98699,-0.16058,0.00867,0.16012,-0.98630,-0.03960,0.01491,-0.03769,0.99918
-0.98714,-0.15968,0.00679,0.15930,-0.98644,-0.03954,0.01301,-0.03795,0.99920
-0.98718,-0.15941,0.00729,0.15901,-0.98649,-0.03947,0.01348,-0.03780,0.99919
-0.98739,-0.15821,0.00635,0.15784,-0.98668,-0.03947,0.01251,-0.03797,0.99920
-0.98767,-0.15648,0.00424,0.15620,-0.98694,-0.03938,0.01035,-0.03823,0.99922
-0.98793,-0.15491,0.00189,0.15471,-0.98718,-0.03932,0.00796,-0.03855,0.99922
-0.98802,-0.15433,-0.00023,0.15422,-0.98726,-0.03929,0.00584,-0.03886,0.99923
-0.98792,-0.15499,0.00120,0.15483,-0.98716,-0.03925,0.00727,-0.03859,0.99923
-0.98782,-0.15559,0.00153,0.15541,-0.98707,-0.03922,0.00761,-0.03850,0.99923
-0.98774,-0.15612,0.00076,0.15597,-0.98699,-0.03914,0.00687,-0.03854,0.99923
-0.98776,-0.15597,0.00099,0.15581,-0.98702,-0.03904,0.00707,-0.03841,0.99924
-0.98777,-0.15591,0.00123,0.15574,-0.98703,-0.03901,0.00730,-0.03834,0.99924
-0.98789,-0.15516,0.00087,0.15501,-0.98714,-0.03896,0.00690,-0.03835,0.99924
-0.98787,-0.15528,0.00064,0.15514,-0.98713,-0.03891,0.00668,-0.03834,0.99924
-0.98772,-0.15624,0.00063,0.15609,-0.98698,-0.03884,0.00669,-0.03826,0.99925
-0.98791,-0.15499,0.00228,0.15478,-0.98719,-0.03882,0.00826,-0.03800,0.99924
-0.98809,-0.15383,0.00382,0.15357,-0.98738,-0.03880,0.00974,-0.03775,0.99924
-0.98812,-0.15368,0.00313,0.15344,-0.98740,-0.03871,0.00904,-0.03777,0.99925
-0.98798,-0.15456,0.00329,0.15432,-0.98726,-0.03868,0.00923,-0.03770,0.99925
-0.98766,-0.15653,0.00423,0.15625,-0.98696,-0.03863,0.01022,-0.03749,0.99924
-0.98728,-0.15900,-0.00094,0.15891,-0.98654,-0.03857,0.00520,-0.03823,0.99926
-0.98692,-0.16123,0.00126,0.16106,-0.98619,-0.03850,0.00745,-0.03779,0.99926
-0.98709,-0.16015,0.00319,0.15991,-0.98638,-0.03846,0.00930,-0.03745,0.99926
-0.98693,-0.16117,0.00071,0.16102,-0.98620,-0.03836,0.00689,-0.03775,0.99926
-0.98678,-0.16208,-0.00150,0.16201,-0.98605,-0.03826,0.00472,-0.03799,0.99927
-0.98701,-0.16066,-0.00010,0.16055,-0.98629,-0.03818,0.00603,-0.03770,0.99927
-0.98696,-0.16097,-0.00253,0.16095,-0.98623,-0.03810,0.00364,-0.03801,0.99927
-0.98690,-0.16125,-0.00477,0.16131,-0.98617,-0.03805,0.00143,-0.03832,0.99926
-0.98700,-0.16066,-0.00536,0.16074,-0.98626,-0.03802,0.00082,-0.03838,0.99926
-0.98713,-0.15974,-0.00789,0.15992,-0.98640,-0.03795,-0.00173,-0.03872,0.99925
-0.98727,-0.15858,-0.01216,0.15893,-0.98656,-0.03789,-0.00599,-0.03934,0.99921
-0.98743,-0.15746,-0.01372,0.15788,-0.98673,-0.03789,-0.00758,-0.03958,0.99919
-0.98757,-0.15642,-0.01516,0.15689,-0.98689,-0.03788,-0.00904,-0.03979,0.99917
-0.98764,-0.15588,-0.01644,0.15640,-0.98697,-0.03782,-0.01033,-0.03992,0.99915
-0.98755,-0.15632,-0.01756,0.15689,-0.98689,-0.03777,-0.01143,-0.04005,0.99913
-0.98731,-0.15769,-0.01859,0.15830,-0.98667,-0.03769,-0.01239,-0.04016,0.99912
-0.98698,-0.16011,-0.01559,0.16059,-0.98630,-0.03762,-0.00935,-0.03963,0.99917
-0.98683,-0.16122,-0.01338,0.16162,-0.98614,-0.03749,-0.00715,-0.03916,0.99921
-0.98689,-0.16095,-0.01187,0.16129,-0.98620,-0.03742,-0.00569,-0.03885,0.99923
-0.98688,-0.16087,-0.01347,0.16127,-0.98620,-0.03740,-0.00727,-0.03909,0.99921
-0.98685,-0.16096,-0.01492,0.16141,-0.98618,-0.03734,-0.00870,-0.03926,0.99919
-0.98707,-0.15984,-0.01206,0.16019,-0.98638,-0.03731,-0.00593,-0.03876,0.99923
-0.98714,-0.15964,-0.00879,0.15986,-0.98644,-0.03729,-0.00272,-0.03821,0.99927
-0.98704,-0.16036,-0.00510,0.16044,-0.98634,-0.03730,0.00095,-0.03764,0.99929
-0.98734,-0.15859,-0.00353,0.15861,-0.98664,-0.03730,0.00243,-0.03739,0.99930
-0.98720,-0.15951,-0.00115,0.15944,-0.98650,-0.03729,0.00481,-0.03700,0.99930
-0.98705,-0.16038,0.00097,0.16023,-0.98638,-0.03722,0.00693,-0.03658,0.99931
-0.98686,-0.16156,0.00115,0.16141,-0.98619,-0.03715,0.00714,-0.03648,0.99931
-0.98668,-0.16264,0.00131,0.16248,-0.98601,-0.03710,0.00732,-0.03639,0.99931
-0.98660,-0.16313,0.00035,0.16301,-0.98593,-0.03706,0.00639,-0.03651,0.99931
-0.98653,-0.16359,-0.00054,0.16350,-0.98585,-0.03701,0.00552,-0.03660,0.99931
-0.98651,-0.16370,-0.00236,0.16368,-0.98582,-0.03697,0.00373,-0.03686,0.99931
-0.98667,-0.16273,-0.00090,0.16265,-0.98599,-0.03691,0.00512,-0.03657,0.99932
-0.98595,-0.16704,0.00078,0.16690,-0.98529,-0.03683,0.00692,-0.03618,0.99932
-0.98569,-0.16855,0.00273,0.16834,-0.98504,-0.03682,0.00890,-0.03584,0.99932
-0.98559,-0.16912,0.00301,0.16889,-0.98495,-0.03681,0.00919,-0.03577,0.99932
-0.98564,-0.16884,0.00183,0.16866,-0.98499,-0.03671,0.00800,-0.03587,0.99932
-0.98576,-0.16813,0.00323,0.16790,-0.98512,-0.03663,0.00934,-0.03557,0.99932
-0.98591,-0.16723,0.00360,0.16699,-0.98528,-0.03655,0.00966,-0.03544,0.99933
-0.98609,-0.16620,0.00304,0.16598,-0.98546,-0.03643,0.00905,-0.03542,0.99933
-0.98629,-0.16500,0.00399,0.16475,-0.98566,-0.03639,0.00993,-0.03524,0.99933
-0.98652,-0.16356,0.00491,0.16328,-0.98591,-0.03634,0.01079,-0.03505,0.99933
-0.98640,-0.16424,0.00712,0.16388,-0.98581,-0.03630,0.01298,-0.03464,0.99932
-0.98643,-0.16401,0.00770,0.16363,-0.98586,-0.03623,0.01353,-0.03448,0.99931
-0.98659,-0.16305,0.00675,0.16271,-0.98601,-0.03617,0.01256,-0.03459,0.99932
-0.98687,-0.16141,0.00514,0.16113,-0.98627,-0.03607,0.01090,-0.03477,0.99934
-0.98712,-0.15993,0.00366,0.15969,-0.98651,-0.03603,0.00938,-0.03498,0.99934
-0.98733,-0.15863,0.00249,0.15844,-0.98671,-0.03600,0.00816,-0.03515,0.99935
-0.98750,-0.15760,0.00270,0.15741,-0.98688,-0.03593,0.00833,-0.03505,0.99935
-0.98765,-0.15666,0.00294,0.15645,-0.98703,-0.03591,0.00853,-0.03501,0.99935
-0.98742,-0.15808,0.00272,0.15788,-0.98680,-0.03593,0.00837,-0.03505,0.99935
-0.98721,-0.15940,0.00253,0.15921,-0.98659,-0.03589,0.00822,-0.03503,0.99935
-0.98732,-0.15875,0.00067,0.15863,-0.98669,-0.03586,0.00635,-0.03530,0.99936
-0.98723,-0.15926,0.00255,0.15906,-0.98662,-0.03585,0.00822,-0.03499,0.99935
-0.98715,-0.15972,0.00428,0.15947,-0.98655,-0.03581,0.00994,-0.03467,0.99935
-0.98727,-0.15900,0.00431,0.15875,-0.98667,-0.03577,0.00994,-0.03463,0.99935
-0.98716,-0.15968,0.00493,0.15941,-0.98657,-0.03572,0.01057,-0.03447,0.99935
-0.98712,-0.15988,0.00544,0.15959,-0.98654,-0.03568,0.01107,-0.03436,0.99935
-0.98706,-0.16018,0.00708,0.15983,-0.98650,-0.03565,0.01269,-0.03406,0.99934
-0.98701,-0.16044,0.00858,0.16004,-0.98647,-0.03559,0.01418,-0.03375,0.99933
-0.98706,-0.16006,0.00923,0.15964,-0.98653,-0.03559,0.01481,-0.03366,0.99932
-0.98724,-0.15899,0.00903,0.15857,-0.98671,-0.03552,0.01456,-0.03363,0.99933
-0.98741,-0.15801,0.00752,0.15765,-0.98686,-0.03548,0.01302,-0.03385,0.99934
-0.98759,-0.15697,0.00478,0.15671,-0.98701,-0.03542,0.01028,-0.03423,0.99936
-0.98775,-0.15602,0.00226,0.15584,-0.98715,-0.03539,0.00775,-0.03461,0.99937
-0.98757,-0.15715,0.00203,0.15698,-0.98697,-0.03539,0.00757,-0.03463,0.99937
-0.98749,-0.15765,0.00351,0.15743,-0.98690,-0.03540,0.00905,-0.03440,0.99937
-0.98739,-0.15819,0.00624,0.15787,-0.98682,-0.03541,0.01175,-0.03398,0.99935
-0.98726,-0.15879,0.01000,0.15835,-0.98675,-0.03538,0.01548,-0.03334,0.99932
-0.98713,-0.15976,0.00758,0.15941,-0.98658,-0.03531,0.01312,-0.03365,0.99935
-0.98691,-0.16120,0.00539,0.16092,-0.98634,-0.03530,0.01100,-0.03398,0.99936
-0.98687,-0.16142,0.00630,0.16110,-0.98631,-0.03524,0.01190,-0.03376,0.99936
-0.98676,-0.16210,0.00487,0.16183,-0.98619,-0.03523,0.01052,-0.03397,0.99937
-0.98657,-0.16331,0.00122,0.16317,-0.98597,-0.03518,0.00694,-0.03451,0.99938
-0.98651,-0.16367,0.00252,0.16348,-0.98592,-0.03514,0.00823,-0.03426,0.99938
-0.98652,-0.16356,0.00571,0.16327,-0.98596,-0.03512,0.01137,-0.03372,0.99937
-0.98654,-0.16331,0.00855,0.16292,-0.98602,-0.03511,0.01417,-0.03324,0.99935
-0.98646,-0.16374,0.00898,0.16333,-0.98595,-0.03510,0.01460,-0.03316,0.99934
-0.98640,-0.16411,0.00934,0.16369,-0.98589,-0.03508,0.01497,-0.03308,0.99934
-0.98626,-0.16501,0.00810,0.16464,-0.98573,-0.03508,0.01377,-0.03326,0.99935
-0.98604,-0.16632,0.00749,0.16596,-0.98551,-0.03507,0.01322,-0.03333,0.99936
-0.98575,-0.16805,0.00693,0.16771,-0.98521,-0.03503,0.01271,-0.03337,0.99936
-0.98573,-0.16823,0.00582,0.16793,-0.98518,-0.03503,0.01162,-0.03356,0.99937
-0.98594,-0.16703,0.00420,0.16678,-0.98537,-0.03503,0.00999,-0.03384,0.99938
-0.98567,-0.16859,0.00640,0.16827,-0.98512,-0.03498,0.01221,-0.03340,0.99937
-0.98563,-0.16860,0.01045,0.16814,-0.98514,-0.03497,0.01619,-0.03271,0.99933
-0.98558,-0.16861,0.01416,0.16804,-0.98516,-0.03495,0.01984,-0.03206,0.99929
-0.98560,-0.16838,0.01541,0.16776,-0.98521,-0.03489,0.02105,-0.03181,0.99927
-0.98562,-0.16814,0.01654,0.16749,-0.98526,-0.03486,0.02216,-0.03159,0.99926
-0.98559,-0.16849,0.01512,0.16789,-0.98519,-0.03476,0.02075,-0.03172,0.99928
-0.98542,-0.16945,0.01528,0.16885,-0.98503,-0.03475,0.02094,-0.03167,0.99928
-0.98526,-0.17032,0.01563,0.16971,-0.98488,-0.03471,0.02131,-0.03155,0.99928
-0.98515,-0.17094,0.01613,0.17030,-0.98478,-0.03473,0.02182,-0.03147,0.99927
-0.98504,-0.17150,0.01657,0.17085,-0.98469,-0.03468,0.02227,-0.03133,0.99926
-0.98503,-0.17181,0.01408,0.17124,-0.98462,-0.03463,0.01982,-0.03170,0.99930
-0.98498,-0.17206,0.01454,0.17148,-0.98458,-0.03462,0.02028,-0.03161,0.99929
-0.98501,-0.17202,0.01297,0.17149,-0.98458,-0.03458,0.01872,-0.03184,0.99932
-0.98511,-0.17168,0.00972,0.17125,-0.98462,-0.03452,0.01550,-0.03234,0.99936
-0.98502,-0.17181,0.01482,0.17122,-0.98463,-0.03441,0.02051,-0.03136,0.99930
-0.98486,-0.17247,0.01768,0.17179,-0.98453,-0.03435,0.02333,-0.03080,0.99925
-0.98479,-0.17282,0.01774,0.17215,-0.98447,-0.03429,0.02339,-0.03072,0.99925
-0.98476,-0.17313,0.01658,0.17250,-0.98441,-0.03425,0.02225,-0.03087,0.99928
-0.98475,-0.17341,0.01430,0.17285,-0.98436,-0.03418,0.02000,-0.03119,0.99931
-0.98463,-0.17385,0.01678,0.17321,-0.98429,-0.03415,0.02245,-0.03072,0.99928
-0.98449,-0.17438,0.01909,0.17367,-0.98422,-0.03407,0.02473,-0.03023,0.99924
-0.98434,-0.17505,0.02066,0.17430,-0.98410,-0.03404,0.02629,-0.02991,0.99921
-0.98430,-0.17509,0.02221,0.17429,-0.98411,-0.03401,0.02781,-0.02961,0.99917
-0.98435,-0.17461,0.02380,0.17376,-0.98420,-0.03400,0.02936,-0.02933,0.99914
-0.98407,-0.17595,0.02539,0.17506,-0.98397,-0.03403,0.03097,-0.02905,0.99910
-0.98381,-0.17720,0.02677,0.17627,-0.98375,-0.03405,0.03237,-0.02878,0.99906
-0.98392,-0.17606,0.03009,0.17503,-0.98398,-0.03390,0.03558,-0.02809,0.99897
-0.98401,-0.17524,0.03191,0.17416,-0.98414,-0.03384,0.03733,-0.02774,0.99892
-0.98408,-0.17450,0.03358,0.17339,-0.98427,-0.03379,0.03895,-0.02743,0.99886
-0.98416,-0.17443,0.03175,0.17337,-0.98428,-0.03375,0.03713,-0.02771,0.99893
-0.98446,-0.17332,0.02843,0.17234,-0.98446,-0.03368,0.03382,-0.02826,0.99903
-0.98466,-0.17262,0.02547,0.17174,-0.98457,-0.03366,0.03089,-0.02877,0.99911
-0.98481,-0.17212,0.02297,0.17130,-0.98464,-0.03361,0.02840,-0.02916,0.99917
-0.98494,-0.17165,0.02066,0.17091,-0.98472,-0.03354,0.02611,-0.02951,0.99922
-0.98464,-0.17311,0.02260,0.17232,-0.98447,-0.03349,0.02804,-0.02908,0.99918
-0.98443,-0.17431,0.02269,0.17351,-0.98427,-0.03338,0.02815,-0.02893,0.99918
-0.98424,-0.17538,0.02273,0.17458,-0.98408,-0.03339,0.02822,-0.02890,0.99918
-0.98435,-0.17480,0.02238,0.17401,-0.98418,-0.03334,0.02786,-0.02892,0.99919
-0.98443,-0.17440,0.02184,0.17363,-0.98425,-0.03331,0.02730,-0.02900,0.99921
-0.98449,-0.17414,0.02114,0.17339,-0.98429,-0.03327,0.02660,-0.02909,0.99922
-0.98458,-0.17372,0.02044,0.17299,-0.98436,-0.03321,0.02589,-0.02916,0.99924
-0.98467,-0.17332,0.01976,0.17261,-0.98443,-0.03319,0.02521,-0.02927,0.99925
-0.98474,-0.17244,0.02354,0.17162,-0.98461,-0.03313,0.02889,-0.02858,0.99917
-0.98441,-0.17374,0.02735,0.17282,-0.98439,-0.03317,0.03269,-0.02792,0.99908
-0.98410,-0.17491,0.03077,0.17389,-0.98420,-0.03325,0.03610,-0.02737,0.99897
-0.98420,-0.17442,0.03033,0.17341,-0.98429,-0.03324,0.03565,-0.02746,0.99899
-0.98424,-0.17395,0.03175,0.17290,-0.98438,-0.03329,0.03705,-0.02728,0.99894
-0.98421,-0.17395,0.03285,0.17287,-0.98438,-0.03329,0.03813,-0.02708,0.99891
-0.98434,-0.17313,0.03304,0.17204,-0.98453,-0.03325,0.03829,-0.02705,0.99890
-0.98462,-0.17150,0.03334,0.17041,-0.98482,-0.03316,0.03852,-0.02697,0.99889
-0.98495,-0.16939,0.03429,0.16828,-0.98519,-0.03305,0.03938,-0.02678,0.99887
-0.98537,-0.16710,0.03357,0.16601,-0.98557,-0.03298,0.03860,-0.02692,0.99889
-0.98584,-0.16476,0.03123,0.16374,-0.98596,-0.03288,0.03621,-0.02730,0.99897
-0.98578,-0.16509,0.03150,0.16406,-0.98590,-0.03289,0.03648,-0.02726,0.99896
-0.98572,-0.16540,0.03174,0.16436,-0.98585,-0.03285,0.03672,-0.02716,0.99896
-0.98590,-0.16506,0.02763,0.16414,-0.98589,-0.03279,0.03265,-0.02780,0.99908
-0.98587,-0.16483,0.02981,0.16385,-0.98594,-0.03277,0.03480,-0.02743,0.99902
-0.98584,-0.16462,0.03180,0.16358,-0.98599,-0.03275,0.03675,-0.02708,0.99896
-0.98591,-0.16425,0.03158,0.16322,-0.98605,-0.03270,0.03651,-0.02709,0.99897
-0.98599,-0.16389,0.03121,0.16287,-0.98611,-0.03269,0.03614,-0.02715,0.99898
-0.98589,-0.16455,0.03078,0.16355,-0.98599,-0.03269,0.03572,-0.02720,0.99899
-0.98575,-0.16553,0.02982,0.16455,-0.98583,-0.03271,0.03481,-0.02734,0.99902
-0.98563,-0.16642,0.02898,0.16547,-0.98567,-0.03268,0.03400,-0.02741,0.99905
-0.98551,-0.16735,0.02768,0.16643,-0.98551,-0.03265,0.03274,-0.02757,0.99908
-0.98530,-0.16821,0.02965,0.16724,-0.98537,-0.03267,0.03471,-0.02723,0.99903
-0.98511,-0.16901,0.03144,0.16799,-0.98525,-0.03264,0.03649,-0.02687,0.99897
-0.98536,-0.16776,0.03029,0.16677,-0.98546,-0.03264,0.03533,-0.02711,0.99901
-0.98546,-0.16752,0.02851,0.16658,-0.98549,-0.03262,0.03356,-0.02740,0.99906
-0.98542,-0.16814,0.02606,0.16727,-0.98537,-0.03256,0.03115,-0.02773,0.99913
-0.98578,-0.16636,0.02373,0.16556,-0.98566,-0.03250,0.02880,-0.02811,0.99919
-0.98610,-0.16472,0.02164,0.16398,-0.98593,-0.03242,0.02667,-0.02842,0.99924
-0.98602,-0.16526,0.02124,0.16453,-0.98584,-0.03238,0.02629,-0.02843,0.99925
-0.98591,-0.16583,0.02200,0.16508,-0.98575,-0.03235,0.02705,-0.02826,0.99923
-0.98575,-0.16654,0.02373,0.16575,-0.98564,-0.03236,0.02878,-0.02796,0.99919
-0.98589,-0.16575,0.02353,0.16496,-0.98577,-0.03234,0.02856,-0.02801,0.99920
-0.98599,-0.16520,0.02309,0.16442,-0.98586,-0.03230,0.02810,-0.02805,0.99921
-0.98603,-0.16503,0.02249,0.16427,-0.98589,-0.03228,0.02750,-0.02813,0.99923
-0.98600,-0.16518,0.02279,0.16441,-0.98587,-0.03221,0.02779,-0.02801,0.99922
-0.98590,-0.16561,0.02385,0.16481,-0.98580,-0.03220,0.02885,-0.02782,0.99920
-0.98601,-0.16482,0.02509,0.16399,-0.98594,-0.03212,0.03003,-0.02756,0.99917
-0.98577,-0.16645,0.02350,0.16567,-0.98566,-0.03213,0.02851,-0.02778,0.99921
-0.98555,-0.16797,0.02203,0.16722,-0.98539,-0.03217,0.02711,-0.02802,0.99924
-0.98622,-0.16393,0.02240,0.16317,-0.98607,-0.03213,0.02736,-0.02804,0.99923
-0.98602,-0.16508,0.02277,0.16431,-0.98589,-0.03211,0.02775,-0.02792,0.99922
-0.98606,-0.16483,0.02252,0.16407,-0.98593,-0.03210,0.02749,-0.02796,0.99923
-0.98608,-0.16481,0.02216,0.16406,-0.98593,-0.03212,0.02714,-0.02804,0.99924
-0.98610,-0.16471,0.02182,0.16397,-0.98594,-0.03212,0.02680,-0.02809,0.99925
-0.98589,-0.16592,0.02224,0.16517,-0.98574,-0.03217,0.02726,-0.02805,0.99923
-0.98570,-0.16698,0.02264,0.16622,-0.98556,-0.03219,0.02769,-0.02797,0.99923
-0.98552,-0.16764,0.02563,0.16679,-0.98547,-0.03221,0.03066,-0.02747,0.99915
-0.98545,-0.16823,0.02423,0.16742,-0.98536,-0.03215,0.02929,-0.02763,0.99919
-0.98539,-0.16884,0.02227,0.16809,-0.98525,-0.03213,0.02737,-0.02792,0.99924
-0.98534,-0.16945,0.01972,0.16877,-0.98513,-0.03211,0.02487,-0.02831,0.99929
-0.98528,-0.16995,0.01840,0.16931,-0.98504,-0.03209,0.02358,-0.02850,0.99932
-0.98523,-0.17038,0.01716,0.16978,-0.98496,-0.03206,0.02237,-0.02867,0.99934
-0.98497,-0.17191,0.01679,0.17132,-0.98469,-0.03209,0.02205,-0.02873,0.99934
-0.98502,-0.17165,0.01630,0.17107,-0.98473,-0.03213,0.02157,-0.02886,0.99935
-0.98508,-0.17137,0.01587,0.17080,-0.98478,-0.03206,0.02112,-0.02887,0.99936
-0.98534,-0.16998,0.01473,0.16945,-0.98502,-0.03199,0.01994,-0.02902,0.99938
-0.98558,-0.16866,0.01369,0.16816,-0.98524,-0.03197,0.01888,-0.02920,0.99940
-0.98580,-0.16743,0.01264,0.16696,-0.98545,-0.03194,0.01781,-0.02937,0.99941
-0.98624,-0.16464,0.01502,0.16410,-0.98593,-0.03186,0.02006,-0.02896,0.99938
-0.98663,-0.16206,0.01716,0.16146,-0.98637,-0.03186,0.02209,-0.02866,0.99935
-0.98677,-0.16141,0.01514,0.16087,-0.98646,-0.03189,0.02008,-0.02903,0.99938
-0.98688,-0.16091,0.01332,0.16042,-0.98653,-0.03188,0.01827,-0.02932,0.99940
-0.98683,-0.16121,0.01343,0.16072,-0.98648,-0.03190,0.01839,-0.02932,0.99940
-0.98687,-0.16095,0.01334,0.16047,-0.98653,-0.03188,0.01829,-0.02932,0.99940
-0.98691,-0.16072,0.01321,0.16024,-0.98656,-0.03189,0.01816,-0.02935,0.99940
-0.98676,-0.16146,0.01536,0.16091,-0.98645,-0.03190,0.02030,-0.02900,0.99937
-0.98661,-0.16216,0.01732,0.16155,-0.98635,-0.03195,0.02227,-0.02872,0.99934
-0.98650,-0.16285,0.01718,0.16225,-0.98623,-0.03196,0.02215,-0.02874,0.99934
-0.98666,-0.16203,0.01588,0.16147,-0.98636,-0.03191,0.02084,-0.02892,0.99936
-0.98665,-0.16219,0.01446,0.16167,-0.98633,-0.03192,0.01944,-0.02916,0.99939
-0.98650,-0.16327,0.01297,0.16279,-0.98614,-0.03190,0.01800,-0.02935,0.99941
-0.98612,-0.16546,0.01405,0.16495,-0.98579,-0.03191,0.01913,-0.02915,0.99939
-0.98577,-0.16742,0.01504,0.16688,-0.98546,-0.03196,0.02017,-0.02899,0.99938
-0.98551,-0.16924,0.01155,0.16880,-0.98513,-0.03194,0.01678,-0.02953,0.99942
-0.98523,-0.17096,0.00928,0.17058,-0.98482,-0.03200,0.01461,-0.02994,0.99944
-0.98495,-0.17268,0.00807,0.17234,-0.98452,-0.03199,0.01347,-0.03011,0.99946
-0.98460,-0.17452,0.00985,0.17413,-0.98420,-0.03198,0.01527,-0.02977,0.99944
-0.98429,-0.17621,0.01143,0.17577,-0.98391,-0.03200,0.01688,-0.02949,0.99942
-0.98409,-0.17732,0.01113,0.17689,-0.98371,-0.03204,0.01663,-0.02956,0.99942
-0.98415,-0.17700,0.01092,0.17657,-0.98377,-0.03200,0.01641,-0.02956,0.99943
-0.98444,-0.17541,0.01069,0.17499,-0.98405,-0.03194,0.01612,-0.02958,0.99943
-0.98452,-0.17488,0.01157,0.17443,-0.98415,-0.03193,0.01697,-0.02942,0.99942
-0.98463,-0.17426,0.01167,0.17381,-0.98426,-0.03195,0.01705,-0.02943,0.99942
-0.98475,-0.17363,0.01096,0.17321,-0.98437,-0.03190,0.01633,-0.02952,0.99943
-0.98487,-0.17297,0.01094,0.17255,-0.98448,-0.03191,0.01629,-0.02954,0.99943
-0.98496,-0.17238,0.01150,0.17194,-0.98459,-0.03187,0.01682,-0.02942,0.99943
-0.98501,-0.17198,0.01308,0.17150,-0.98467,-0.03187,0.01836,-0.02915,0.99941
-0.98495,-0.17212,0.01555,0.17157,-0.98466,-0.03190,0.02080,-0.02875,0.99937
-0.98489,-0.17224,0.01781,0.17162,-0.98465,-0.03187,0.02302,-0.02833,0.99933
-0.98379,-0.17838,0.01818,0.17775,-0.98356,-0.03193,0.02358,-0.02818,0.99932
-0.98352,-0.17983,0.01853,0.17918,-0.98330,-0.03192,0.02396,-0.02808,0.99932
-0.98382,-0.17822,0.01829,0.17758,-0.98359,-0.03191,0.02367,-0.02815,0.99932
-0.98412,-0.17695,0.01382,0.17644,-0.98380,-0.03184,0.01923,-0.02890,0.99940
-0.98437,-0.17581,0.00977,0.17543,-0.98398,-0.03181,0.01521,-0.02960,0.99945
-0.98474,-0.17379,0.00880,0.17344,-0.98433,-0.03181,0.01419,-0.02979,0.99946
-0.98508,-0.17191,0.00791,0.17158,-0.98466,-0.03176,0.01325,-0.02993,0.99946
-0.98532,-0.17047,0.00954,0.17009,-0.98492,-0.03176,0.01481,-0.02967,0.99945
-0.98514,-0.17151,0.00925,0.17114,-0.98473,-0.03176,0.01455,-0.02970,0.99945
-0.98503,-0.17215,0.00941,0.17178,-0.98462,-0.03176,0.01474,-0.02967,0.99945
-0.98499,-0.17232,0.00998,0.17193,-0.98460,-0.03176,0.01530,-0.02957,0.99945
-0.98497,-0.17243,0.01048,0.17202,-0.98458,-0.03177,0.01579,-0.02949,0.99944
-0.98491,-0.17272,0.01099,0.17230,-0.98453,-0.03181,0.01632,-0.02943,0.99943
-0.98491,-0.17241,0.01483,0.17187,-0.98461,-0.03172,0.02007,-0.02869,0.99939
-0.98495,-0.17202,0.01706,0.17143,-0.98468,-0.03174,0.02226,-0.02834,0.99935
-0.98498,-0.17164,0.01906,0.17099,-0.98476,-0.03176,0.02422,-0.02802,0.99931
-0.98535,-0.16963,0.01764,0.16902,-0.98510,-0.03175,0.02277,-0.02831,0.99934
-0.98540,-0.16961,0.01479,0.16908,-0.98509,-0.03173,0.01995,-0.02877,0.99939
-0.98544,-0.16957,0.01230,0.16912,-0.98508,-0.03174,0.01750,-0.02920,0.99942
-0.98554,-0.16887,0.01378,0.16837,-0.98521,-0.03166,0.01893,-0.02888,0.99940
-0.98568,-0.16826,0.01105,0.16784,-0.98530,-0.03168,0.01621,-0.02938,0.99944
-0.98616,-0.16556,0.00860,0.16521,-0.98575,-0.03169,0.01373,-0.02983,0.99946
-0.98646,-0.16389,0.00626,0.16361,-0.98602,-0.03166,0.01137,-0.03021,0.99948
-0.98672,-0.16235,0.00411,0.16214,-0.98626,-0.03165,0.00919,-0.03057,0.99949
-0.98659,-0.16315,0.00401,0.16295,-0.98613,-0.03167,0.00912,-0.03059,0.99949
-0.98646,-0.16392,-0.00553,0.16401,-0.98595,-0.03165,-0.00027,-0.03213,0.99948
-0.98622,-0.16538,-0.00470,0.16545,-0.98571,-0.03164,0.00059,-0.03198,0.99949
-0.98600,-0.16671,-0.00396,0.16675,-0.98549,-0.03160,0.00136,-0.03182,0.99949
-0.98593,-0.16715,-0.00328,0.16716,-0.98542,-0.03157,0.00205,-0.03168,0.99950
-0.98604,-0.16644,-0.00563,0.16654,-0.98553,-0.03158,-0.00029,-0.03208,0.99949
-0.98609,-0.16597,-0.00841,0.16616,-0.98559,-0.03154,-0.00306,-0.03250,0.99947
-0.98607,-0.16590,-0.01158,0.16619,-0.98559,-0.03150,-0.00618,-0.03299,0.99944
-0.98611,-0.16584,-0.00920,0.16605,-0.98562,-0.03144,-0.00386,-0.03253,0.99946
-0.98579,-0.16783,-0.00701,0.16797,-0.98529,-0.03141,-0.00164,-0.03214,0.99948
-0.98549,-0.16956,-0.00700,0.16970,-0.98500,-0.03140,-0.00157,-0.03213,0.99948
-0.98534,-0.17038,-0.00862,0.17057,-0.98485,-0.03138,-0.00314,-0.03239,0.99947
-0.98530,-0.17040,-0.01180,0.17069,-0.98483,-0.03136,-0.00628,-0.03291,0.99944
-0.98518,-0.17111,-0.01224,0.17142,-0.98470,-0.03138,-0.00668,-0.03301,0.99943
-0.98505,-0.17182,-0.01260,0.17214,-0.98457,-0.03132,-0.00703,-0.03302,0.99943
-0.98486,-0.17289,-0.01259,0.17321,-0.98439,-0.03136,-0.00697,-0.03306,0.99943
-0.98464,-0.17414,-0.01296,0.17446,-0.98417,-0.03132,-0.00730,-0.03310,0.99943
-0.98438,-0.17555,-0.01362,0.17590,-0.98391,-0.03125,-0.00791,-0.03316,0.99942
-0.98457,-0.17429,-0.01562,0.17471,-0.98412,-0.03126,-0.00992,-0.03350,0.99939
-0.98474,-0.17317,-0.01749,0.17365,-0.98431,-0.03131,-0.01180,-0.03387,0.99936
-0.98492,-0.17247,-0.01362,0.17282,-0.98446,-0.03131,-0.00801,-0.03319,0.99942
-0.98505,-0.17193,-0.01085,0.17219,-0.98457,-0.03133,-0.00529,-0.03273,0.99945
-0.98513,-0.17159,-0.00905,0.17179,-0.98464,-0.03130,-0.00354,-0.03239,0.99947
-0.98527,-0.17076,-0.00879,0.17095,-0.98478,-0.03123,-0.00332,-0.03227,0.99947
-0.98505,-0.17208,-0.00769,0.17224,-0.98456,-0.03121,-0.00220,-0.03207,0.99948
-0.98482,-0.17343,-0.00671,0.17356,-0.98433,-0.03126,-0.00118,-0.03195,0.99949
-0.98496,-0.17271,-0.00499,0.17278,-0.98446,-0.03128,0.00049,-0.03167,0.99950
-0.98508,-0.17206,-0.00346,0.17209,-0.98459,-0.03124,0.00197,-0.03137,0.99951
-0.98513,-0.17180,-0.00209,0.17178,-0.98464,-0.03122,0.00330,-0.03111,0.99951
-0.98528,-0.17095,-0.00126,0.17090,-0.98479,-0.03121,0.00409,-0.03096,0.99951
-0.98542,-0.17015,-0.00052,0.17009,-0.98494,-0.03118,0.00479,-0.03082,0.99951
-0.98565,-0.16879,-0.00305,0.16880,-0.98516,-0.03115,0.00226,-0.03122,0.99951
-0.98585,-0.16755,-0.00533,0.16763,-0.98536,-0.03115,-0.00004,-0.03160,0.99950
-0.98578,-0.16799,-0.00445,0.16805,-0.98529,-0.03120,0.00086,-0.03150,0.99950
-0.98603,-0.16647,-0.00592,0.16658,-0.98553,-0.03121,-0.00063,-0.03176,0.99950
-0.98625,-0.16509,-0.00733,0.16524,-0.98576,-0.03127,-0.00206,-0.03205,0.99948
-0.98640,-0.16414,-0.00869,0.16434,-0.98591,-0.03130,-0.00343,-0.03231,0.99947
-0.98665,-0.16260,-0.00910,0.16281,-0.98616,-0.03133,-0.00387,-0.03240,0.99947
-0.98700,-0.16052,-0.00867,0.16071,-0.98650,-0.03134,-0.00353,-0.03233,0.99947
-0.98711,-0.15992,-0.00573,0.16003,-0.98662,-0.03132,-0.00064,-0.03183,0.99949
-0.98729,-0.15887,-0.00404,0.15892,-0.98679,-0.03136,0.00100,-0.03160,0.99950
-0.98751,-0.15753,-0.00345,0.15756,-0.98701,-0.03136,0.00153,-0.03151,0.99950
-0.98770,-0.15636,-0.00133,0.15633,-0.98721,-0.03137,0.00359,-0.03119,0.99951
-0.98786,-0.15536,0.00055,0.15527,-0.98737,-0.03137,0.00541,-0.03090,0.99951
-0.98817,-0.15334,0.00371,0.15315,-0.98770,-0.03136,0.00848,-0.03042,0.99950
-0.98832,-0.15230,0.00527,0.15207,-0.98787,-0.03138,0.00999,-0.03021,0.99949
-0.98834,-0.15219,0.00528,0.15196,-0.98789,-0.03144,0.01000,-0.03027,0.99949
-0.98851,-0.15113,0.00404,0.15093,-0.98804,-0.03147,0.00875,-0.03050,0.99950
-0.98864,-0.15011,0.00723,0.14981,-0.98821,-0.03148,0.01187,-0.03004,0.99948
-0.98859,-0.15033,0.01006,0.14995,-0.98819,-0.03147,0.01467,-0.02961,0.99945
-0.98886,-0.14857,0.00919,0.14822,-0.98845,-0.03148,0.01376,-0.02977,0.99946
-0.98911,-0.14697,0.00833,0.14664,-0.98869,-0.03142,0.01285,-0.02986,0.99947
-0.98907,-0.14735,0.00579,0.14710,-0.98862,-0.03143,0.01036,-0.03024,0.99949
-0.98902,-0.14773,0.00345,0.14755,-0.98855,-0.03143,0.00806,-0.03058,0.99950
-0.98864,-0.15020,0.00477,0.14998,-0.98819,-0.03147,0.00944,-0.03039,0.99949
-0.98848,-0.15119,0.00758,0.15088,-0.98805,-0.03149,0.01225,-0.02998,0.99948
-0.98844,-0.15135,0.00880,0.15100,-0.98803,-0.03147,0.01346,-0.02978,0.99947
-0.98853,-0.15077,0.00863,0.15043,-0.98812,-0.03148,0.01328,-0.02982,0.99947
-0.98836,-0.15179,0.00992,0.15141,-0.98797,-0.03145,0.01458,-0.02958,0.99946
-0.98815,-0.15305,0.01121,0.15264,-0.98778,-0.03146,0.01589,-0.02938,0.99944
-0.98818,-0.15293,0.01098,0.15253,-0.98780,-0.03140,0.01565,-0.02936,0.99945
-0.98821,-0.15268,0.01118,0.15227,-0.98784,-0.03135,0.01583,-0.02927,0.99945
-0.98827,-0.15229,0.01173,0.15187,-0.98790,-0.03137,0.01636,-0.02922,0.99944
-0.98833,-0.15194,0.01098,0.15153,-0.98795,-0.03143,0.01562,-0.02940,0.99945
-0.98839,-0.15160,0.01030,0.15121,-0.98800,-0.03141,0.01493,-0.02949,0.99945
-0.98814,-0.15296,0.01342,0.15248,-0.98781,-0.03144,0.01807,-0.02902,0.99942
-0.98792,-0.15427,0.01496,0.15374,-0.98761,-0.03150,0.01963,-0.02882,0.99939
-0.98771,-0.15561,0.01487,0.15509,-0.98740,-0.03147,0.01958,-0.02878,0.99939
-0.98762,-0.15615,0.01518,0.15562,-0.98731,-0.03149,0.01991,-0.02874,0.99939
-0.98753,-0.15669,0.01551,0.15614,-0.98723,-0.03148,0.02025,-0.02866,0.99938
-0.98761,-0.15606,0.01670,0.15548,-0.98734,-0.03148,0.02140,-0.02850,0.99936
-0.98760,-0.15605,0.01707,0.15547,-0.98734,-0.03148,0.02177,-0.02844,0.99936
-0.98753,-0.15653,0.01675,0.15595,-0.98726,-0.03147,0.02146,-0.02847,0.99936
-0.98755,-0.15661,0.01476,0.15609,-0.98724,-0.03150,0.01951,-0.02880,0.99939
-0.98730,-0.15816,0.01509,0.15763,-0.98700,-0.03151,0.01987,-0.02873,0.99939
-0.98709,-0.15943,0.01530,0.15890,-0.98679,-0.03151,0.02012,-0.02868,0.99939
-0.98702,-0.16041,0.00767,0.16010,-0.98660,-0.03152,0.01262,-0.02988,0.99947
-0.98694,-0.16109,0.00264,0.16093,-0.98646,-0.03153,0.00768,-0.03069,0.99950
-0.98671,-0.16248,0.00089,0.16237,-0.98623,-0.03154,0.00600,-0.03097,0.99950
-0.98657,-0.16330,0.00455,0.16308,-0.98611,-0.03152,0.00963,-0.03036,0.99949
-0.98642,-0.16403,0.00784,0.16371,-0.98600,-0.03159,0.01291,-0.02988,0.99947
-0.98640,-0.16416,0.00765,0.16384,-0.98598,-0.03155,0.01273,-0.02987,0.99947
-0.98638,-0.16430,0.00748,0.16399,-0.98596,-0.03152,0.01256,-0.02987,0.99947
-0.98610,-0.16604,0.00688,0.16575,-0.98566,-0.03155,0.01202,-0.02997,0.99948
-0.98627,-0.16496,0.00832,0.16462,-0.98585,-0.03146,0.01339,-0.02966,0.99947
-0.98642,-0.16395,0.00952,0.16358,-0.98603,-0.03145,0.01454,-0.02946,0.99946
-0.98619,-0.16527,0.01042,0.16487,-0.98581,-0.03149,0.01548,-0.02934,0.99945
-0.98598,-0.16646,0.01123,0.16604,-0.98562,-0.03144,0.01630,-0.02913,0.99944
-0.98589,-0.16706,0.01028,0.16667,-0.98551,-0.03149,0.01539,-0.02933,0.99945
-0.98563,-0.16852,0.01181,0.16808,-0.98527,-0.03153,0.01695,-0.02909,0.99943
-0.98552,-0.16907,0.01308,0.16860,-0.98518,-0.03151,0.01822,-0.02885,0.99942
-0.98556,-0.16874,0.01412,0.16823,-0.98525,-0.03144,0.01922,-0.02861,0.99941
-0.98461,-0.17430,0.01315,0.17382,-0.98427,-0.03151,0.01843,-0.02874,0.99942
-0.98445,-0.17526,0.01220,0.17481,-0.98410,-0.03156,0.01754,-0.02894,0.99943
-0.98442,-0.17530,0.01353,0.17481,-0.98410,-0.03153,0.01885,-0.02867,0.99941
-0.98432,-0.17580,0.01465,0.17528,-0.98401,-0.03154,0.01996,-0.02848,0.99940
-0.98413,-0.17675,0.01560,0.17620,-0.98385,-0.03154,0.02092,-0.02829,0.99938
-0.98423,-0.17614,0.01646,0.17557,-0.98396,-0.03156,0.02176,-0.02817,0.99937
-0.98397,-0.17746,0.01788,0.17684,-0.98373,-0.03156,0.02319,-0.02789,0.99934
-0.98372,-0.17867,0.01914,0.17802,-0.98352,-0.03154,0.02446,-0.02762,0.99932
-0.98379,-0.17842,0.01775,0.17781,-0.98356,-0.03151,0.02308,-0.02784,0.99935
-0.98360,-0.17950,0.01784,0.17889,-0.98337,-0.03151,0.02320,-0.02780,0.99934
-0.98342,-0.18045,0.01793,0.17983,-0.98319,-0.03155,0.02333,-0.02781,0.99934
-0.98348,-0.18020,0.01739,0.17960,-0.98323,-0.03151,0.02278,-0.02787,0.99935
-0.98353,-0.17997,0.01687,0.17939,-0.98327,-0.03152,0.02226,-0.02797,0.99936
-0.98366,-0.17916,0.01754,0.17855,-0.98343,-0.03145,0.02289,-0.02781,0.99935
-0.98380,-0.17837,0.01816,0.17775,-0.98357,-0.03139,0.02347,-0.02766,0.99934
-0.98392,-0.17776,0.01716,0.17717,-0.98368,-0.03137,0.02246,-0.02783,0.99936
-0.98397,-0.17747,0.01774,0.17686,-0.98374,-0.03137,0.02302,-0.02773,0.99935
-0.98406,-0.17690,0.01828,0.17628,-0.98384,-0.03134,0.02352,-0.02762,0.99934
-0.98403,-0.17707,0.01823,0.17645,-0.98381,-0.03128,0.02348,-0.02757,0.99934
-0.98404,-0.17694,0.01890,0.17630,-0.98384,-0.03126,0.02413,-0.02743,0.99933
-0.98408,-0.17656,0.02025,0.17588,-0.98392,-0.03124,0.02544,-0.02718,0.99931
-0.98425,-0.17518,0.02352,0.17443,-0.98418,-0.03114,0.02860,-0.02655,0.99924
-0.98440,-0.17392,0.02646,0.17309,-0.98441,-0.03110,0.03146,-0.02604,0.99917
-0.98406,-0.17607,0.02494,0.17528,-0.98403,-0.03116,0.03003,-0.02629,0.99920
-0.98395,-0.17693,0.02342,0.17617,-0.98387,-0.03116,0.02855,-0.02653,0.99924
-0.98402,-0.17671,0.02179,0.17599,-0.98390,-0.03115,0.02694,-0.02681,0.99928
-0.98407,-0.17646,0.02177,0.17575,-0.98394,-0.03114,0.02692,-0.02681,0.99928
-0.98412,-0.17616,0.02185,0.17545,-0.98400,-0.03117,0.02699,-0.02684,0.99928
-0.98426,-0.17534,0.02196,0.17462,-0.98414,-0.03114,0.02708,-0.02681,0.99927
-0.98423,-0.17523,0.02406,0.17446,-0.98417,-0.03109,0.02912,-0.02641,0.99923
-0.98402,-0.17587,0.02792,0.17499,-0.98408,-0.03110,0.03294,-0.02572,0.99913
-0.98401,-0.17563,0.02980,0.17471,-0.98413,-0.03108,0.03479,-0.02538,0.99907
-0.98398,-0.17546,0.03146,0.17450,-0.98417,-0.03108,0.03641,-0.02509,0.99902
-0.98396,-0.17529,0.03299,0.17429,-0.98420,-0.03103,0.03791,-0.02478,0.99897
-0.98397,-0.17555,0.03137,0.17459,-0.98415,-0.03108,0.03633,-0.02510,0.99902
-0.98390,-0.17620,0.02990,0.17528,-0.98403,-0.03108,0.03490,-0.02534,0.99907
-0.98422,-0.17443,0.02979,0.17351,-0.98434,-0.03103,0.03474,-0.02537,0.99907
-0.98389,-0.17577,0.03275,0.17477,-0.98412,-0.03107,0.03770,-0.02485,0.99898
-0.98357,-0.17699,0.03546,0.17593,-0.98391,-0.03105,0.04039,-0.02430,0.99889
-0.98401,-0.17495,0.03347,0.17394,-0.98427,-0.03102,0.03837,-0.02470,0.99896
-0.98440,-0.17307,0.03167,0.17211,-0.98459,-0.03093,0.03653,-0.02500,0.99902
-0.98448,-0.17236,0.03306,0.17137,-0.98472,-0.03089,0.03788,-0.02475,0.99898
-0.98469,-0.17135,0.03206,0.17038,-0.98489,-0.03086,0.03686,-0.02493,0.99901
-0.98482,-0.17045,0.03273,0.16946,-0.98505,-0.03084,0.03749,-0.02482,0.99899
-0.98502,-0.16882,0.03503,0.16778,-0.98534,-0.03081,0.03972,-0.02447,0.99891
-0.98520,-0.16734,0.03713,0.16625,-0.98561,-0.03068,0.04173,-0.02406,0.99884
-0.98553,-0.16523,0.03794,0.16412,-0.98596,-0.03060,0.04247,-0.02393,0.99881
-0.98570,-0.16447,0.03669,0.16339,-0.98609,-0.03057,0.04120,-0.02414,0.99886
-0.98581,-0.16399,0.03577,0.16294,-0.98616,-0.03060,0.04029,-0.02434,0.99889
-0.98586,-0.16383,0.03522,0.16279,-0.98619,-0.03059,0.03974,-0.02442,0.99891
-0.98581,-0.16382,0.03677,0.16274,-0.98619,-0.03066,0.04128,-0.02424,0.99885
-0.98573,-0.16394,0.03816,0.16283,-0.98618,-0.03066,0.04266,-0.02401,0.99880
-0.98600,-0.16283,0.03604,0.16178,-0.98635,-0.03057,0.04052,-0.02431,0.99888
-0.98612,-0.16241,0.03450,0.16139,-0.98642,-0.03056,0.03900,-0.02457,0.99894
-0.98611,-0.16267,0.03358,0.16168,-0.98637,-0.03059,0.03810,-0.02473,0.99897
-0.98618,-0.16256,0.03209,0.16160,-0.98638,-0.03064,0.03663,-0.02503,0.99902
-0.98623,-0.16247,0.03073,0.16154,-0.98639,-0.03065,0.03529,-0.02526,0.99906
-0.98587,-0.16415,0.03352,0.16315,-0.98612,-0.03073,0.03810,-0.02483,0.99897
-0.98589,-0.16461,0.03051,0.16369,-0.98603,-0.03073,0.03514,-0.02531,0.99906
-0.98591,-0.16499,0.02775,0.16413,-0.98596,-0.03076,0.03243,-0.02578,0.99914
-0.98601,-0.16438,0.02776,0.16353,-0.98606,-0.03073,0.03243,-0.02576,0.99914
-0.98610,-0.16383,0.02779,0.16297,-0.98615,-0.03068,0.03243,-0.02573,0.99914
-0.98601,-0.16447,0.02716,0.16363,-0.98604,-0.03071,0.03183,-0.02584,0.99916
-0.98593,-0.16518,0.02566,0.16437,-0.98592,-0.03076,0.03038,-0.02611,0.99920
-0.98586,-0.16583,0.02431,0.16506,-0.98580,-0.03076,0.02906,-0.02631,0.99923
-0.98587,-0.16594,0.02273,0.16521,-0.98578,-0.03079,0.02752,-0.02659,0.99927
-0.98593,-0.16608,0.01888,0.16546,-0.98574,-0.03077,0.02372,-0.02721,0.99935
-0.98586,-0.16685,0.01546,0.16632,-0.98559,-0.03081,0.02038,-0.02781,0.99941
-0.98579,-0.16733,0.01497,0.16681,-0.98551,-0.03084,0.01991,-0.02791,0.99941
-0.98579,-0.16720,0.01604,0.16665,-0.98553,-0.03083,0.02096,-0.02772,0.99940
-0.98587,-0.16646,0.01859,0.16584,-0.98567,-0.03082,0.02346,-0.02730,0.99935
-0.98570,-0.16732,0.01975,0.16667,-0.98553,-0.03083,0.02462,-0.02710,0.99933
-0.98555,-0.16809,0.02077,0.16742,-0.98540,-0.03089,0.02566,-0.02697,0.99931
-0.98542,-0.16855,0.02312,0.16781,-0.98534,-0.03088,0.02798,-0.02655,0.99926
-0.98524,-0.16925,0.02559,0.16845,-0.98523,-0.03091,0.03045,-0.02615,0.99919
-0.98499,-0.17029,0.02814,0.16942,-0.98506,-0.03091,0.03298,-0.02568,0.99913
-0.98502,-0.17033,0.02681,0.16949,-0.98505,-0.03089,0.03168,-0.02589,0.99916
-0.98506,-0.17035,0.02525,0.16955,-0.98504,-0.03092,0.03014,-0.02618,0.99920
-0.98514,-0.17013,0.02342,0.16939,-0.98507,-0.03089,0.02833,-0.02647,0.99925
-0.98524,-0.16982,0.02175,0.16911,-0.98511,-0.03088,0.02667,-0.02674,0.99929
-0.98534,-0.16943,0.02016,0.16877,-0.98517,-0.03089,0.02510,-0.02703,0.99932
-0.98556,-0.16822,0.01917,0.16759,-0.98537,-0.03090,0.02409,-0.02724,0.99934
-0.98565,-0.16725,0.02270,0.16652,-0.98555,-0.03087,0.02753,-0.02664,0.99927
-0.98569,-0.16657,0.02598,0.16575,-0.98568,-0.03085,0.03075,-0.02610,0.99919
-0.98570,-0.16602,0.02901,0.16513,-0.98579,-0.03079,0.03371,-0.02556,0.99910
-0.98569,-0.16555,0.03174,0.16459,-0.98588,-0.03079,0.03639,-0.02512,0.99902
-0.98539,-0.16734,0.03152,0.16639,-0.98558,-0.03086,0.03623,-0.02517,0.99903
-0.98547,-0.16648,0.03368,0.16547,-0.98573,-0.03086,0.03833,-0.02484,0.99896
-0.98553,-0.16571,0.03562,0.16465,-0.98587,-0.03080,0.04023,-0.02449,0.99889
-0.98551,-0.16623,0.03366,0.16522,-0.98578,-0.03080,0.03830,-0.02479,0.99896
-0.98549,-0.16670,0.03185,0.16574,-0.98569,-0.03079,0.03653,-0.02507,0.99902
-0.98550,-0.16655,0.03244,0.16557,-0.98572,-0.03078,0.03710,-0.02496,0.99900
-0.98567,-0.16609,0.02946,0.16519,-0.98578,-0.03075,0.03415,-0.02545,0.99909
-0.98578,-0.16566,0.02828,0.16479,-0.98585,-0.03071,0.03297,-0.02561,0.99913
-0.98607,-0.16381,0.02888,0.16292,-0.98616,-0.03063,0.03350,-0.02549,0.99911
-0.98633,-0.16213,0.02943,0.16123,-0.98644,-0.03055,0.03398,-0.02538,0.99910
-0.98635,-0.16190,0.02990,0.16100,-0.98648,-0.03048,0.03443,-0.02525,0.99909
