0.99735,-0.00289,0.07275,0.00000,0.99921,0.03973,-0.07281,-0.03962,0.99656
0.99734,-0.00290,0.07277,0.00001,0.99921,0.03968,-0.07283,-0.03957,0.99656
0.99734,-0.00291,0.07276,0.00002,0.99921,0.03969,-0.07282,-0.03958,0.99656
0.99734,-0.00293,0.07280,0.00003,0.99921,0.03977,-0.07286,-0.03966,0.99655
0.99734,-0.00292,0.07281,0.00003,0.99921,0.03968,-0.07287,-0.03957,0.99656
0.99735,-0.00296,0.07276,0.00006,0.99921,0.03969,-0.07282,-0.03958,0.99656
0.99735,-0.00296,0.07272,0.00007,0.99921,0.03971,-0.07278,-0.03960,0.99656
0.99735,-0.00296,0.07270,0.00007,0.99921,0.03975,-0.07276,-0.03964,0.99656
0.99736,-0.00297,0.07261,0.00008,0.99921,0.03978,-0.07267,-0.03966,0.99657
0.99735,-0.00297,0.07264,0.00008,0.99921,0.03975,-0.07270,-0.03963,0.99657
0.99736,-0.00299,0.07261,0.00010,0.99921,0.03977,-0.07267,-0.03966,0.99657
0.99736,-0.00299,0.07258,0.00010,0.99921,0.03974,-0.07264,-0.03963,0.99657
0.99736,-0.00305,0.07256,0.00016,0.99921,0.03975,-0.07262,-0.03964,0.99657
0.99736,-0.00308,0.07255,0.00019,0.99921,0.03979,-0.07262,-0.03967,0.99657
0.99736,-0.00306,0.07254,0.00017,0.99921,0.03979,-0.07260,-0.03968,0.99657
0.99736,-0.00313,0.07255,0.00024,0.99921,0.03978,-0.07262,-0.03966,0.99657
0.99736,-0.00313,0.07250,0.00025,0.99921,0.03977,-0.07257,-0.03964,0.99658
0.99736,-0.00312,0.07252,0.00024,0.99921,0.03975,-0.07259,-0.03963,0.99657
0.99736,-0.00316,0.07251,0.00027,0.99921,0.03977,-0.07258,-0.03964,0.99657
0.99736,-0.00322,0.07251,0.00033,0.99921,0.03982,-0.07258,-0.03969,0.99657
0.99736,-0.00321,0.07253,0.00032,0.99921,0.03977,-0.07260,-0.03964,0.99657
0.99736,-0.00330,0.07252,0.00042,0.99921,0.03976,-0.07259,-0.03962,0.99657
0.99736,-0.00332,0.07256,0.00044,0.99921,0.03971,-0.07263,-0.03957,0.99657
0.99736,-0.00332,0.07254,0.00044,0.99921,0.03977,-0.07261,-0.03963,0.99657
0.99736,-0.00335,0.07256,0.00046,0.99921,0.03979,-0.07263,-0.03965,0.99657
0.99736,-0.00334,0.07254,0.00045,0.99921,0.03973,-0.07261,-0.03959,0.99657
0.99736,-0.00335,0.07250,0.00047,0.99921,0.03973,-0.07258,-0.03959,0.99658
0.99736,-0.00337,0.07250,0.00049,0.99921,0.03974,-0.07258,-0.03960,0.99658
0.99736,-0.00342,0.07247,0.00054,0.99921,0.03974,-0.07255,-0.03960,0.99658
0.99736,-0.00349,0.07248,0.00061,0.99921,0.03980,-0.07256,-0.03965,0.99658
0.99737,-0.00350,0.07242,0.00062,0.99921,0.03975,-0.07250,-0.03960,0.99658
0.99737,-0.00351,0.07241,0.00063,0.99921,0.03975,-0.07250,-0.03960,0.99658
0.99737,-0.00352,0.07244,0.00064,0.99921,0.03974,-0.07252,-0.03959,0.99658
0.99737,-0.00354,0.07246,0.00066,0.99921,0.03978,-0.07254,-0.03963,0.99658
0.99736,-0.00360,0.07249,0.00071,0.99921,0.03981,-0.07257,-0.03966,0.99657
0.99736,-0.00363,0.07252,0.00074,0.99921,0.03983,-0.07261,-0.03967,0.99657
0.99736,-0.00366,0.07255,0.00077,0.99920,0.03989,-0.07264,-0.03973,0.99657
0.99736,-0.00367,0.07259,0.00078,0.99920,0.03986,-0.07268,-0.03970,0.99656
0.99735,-0.00365,0.07260,0.00076,0.99920,0.03989,-0.07269,-0.03972,0.99656
0.99735,-0.00364,0.07259,0.00074,0.99921,0.03985,-0.07268,-0.03969,0.99657
0.99736,-0.00365,0.07258,0.00076,0.99921,0.03980,-0.07267,-0.03964,0.99657
0.99735,-0.00367,0.07260,0.00077,0.99921,0.03982,-0.07269,-0.03966,0.99657
0.99736,-0.00370,0.07256,0.00081,0.99921,0.03983,-0.07265,-0.03967,0.99657
0.99736,-0.00373,0.07258,0.00083,0.99920,0.03987,-0.07267,-0.03971,0.99657
0.99736,-0.00375,0.07258,0.00085,0.99920,0.03992,-0.07267,-0.03976,0.99656
0.99736,-0.00373,0.07257,0.00084,0.99920,0.03990,-0.07266,-0.03973,0.99656
0.99736,-0.00379,0.07255,0.00090,0.99920,0.03988,-0.07264,-0.03971,0.99657
0.99736,-0.00382,0.07253,0.00093,0.99920,0.03993,-0.07263,-0.03976,0.99657
0.99736,-0.00383,0.07251,0.00094,0.99920,0.03994,-0.07260,-0.03976,0.99657
0.99736,-0.00383,0.07252,0.00093,0.99920,0.03995,-0.07262,-0.03978,0.99657
0.99736,-0.00382,0.07252,0.00093,0.99920,0.03997,-0.07261,-0.03980,0.99657
0.99736,-0.00383,0.07253,0.00092,0.99920,0.04004,-0.07262,-0.03987,0.99656
0.99736,-0.00387,0.07255,0.00096,0.99920,0.04004,-0.07264,-0.03986,0.99656
0.99736,-0.00391,0.07254,0.00100,0.99920,0.04007,-0.07264,-0.03989,0.99656
0.99736,-0.00401,0.07257,0.00110,0.99919,0.04015,-0.07267,-0.03997,0.99655
0.99736,-0.00405,0.07256,0.00114,0.99919,0.04013,-0.07266,-0.03994,0.99656
0.99736,-0.00405,0.07249,0.00114,0.99919,0.04019,-0.07260,-0.04000,0.99656
0.99736,-0.00409,0.07251,0.00118,0.99919,0.04016,-0.07262,-0.03996,0.99656
0.99736,-0.00406,0.07247,0.00115,0.99919,0.04012,-0.07258,-0.03993,0.99656
0.99736,-0.00409,0.07245,0.00118,0.99919,0.04017,-0.07256,-0.03998,0.99656
0.99737,-0.00418,0.07242,0.00127,0.99919,0.04014,-0.07253,-0.03995,0.99657
0.99737,-0.00420,0.07239,0.00129,0.99919,0.04013,-0.07250,-0.03993,0.99657
0.99737,-0.00418,0.07237,0.00127,0.99919,0.04020,-0.07248,-0.04001,0.99657
0.99737,-0.00418,0.07236,0.00127,0.99919,0.04017,-0.07247,-0.03997,0.99657
0.99737,-0.00418,0.07236,0.00128,0.99919,0.04015,-0.07247,-0.03995,0.99657
0.99737,-0.00420,0.07238,0.00129,0.99919,0.04017,-0.07249,-0.03997,0.99657
0.99737,-0.00422,0.07236,0.00131,0.99919,0.04018,-0.07247,-0.03998,0.99657
0.99737,-0.00430,0.07237,0.00139,0.99919,0.04017,-0.07249,-0.03996,0.99657
0.99737,-0.00430,0.07239,0.00140,0.99919,0.04016,-0.07251,-0.03996,0.99657
0.99737,-0.00432,0.07239,0.00142,0.99919,0.04016,-0.07251,-0.03996,0.99657
0.99737,-0.00434,0.07236,0.00144,0.99919,0.04011,-0.07248,-0.03990,0.99657
0.99737,-0.00437,0.07236,0.00147,0.99919,0.04013,-0.07248,-0.03992,0.99657
0.99737,-0.00438,0.07238,0.00147,0.99919,0.04016,-0.07250,-0.03995,0.99657
0.99737,-0.00440,0.07236,0.00150,0.99919,0.04011,-0.07248,-0.03990,0.99657
0.99737,-0.00444,0.07236,0.00154,0.99919,0.04013,-0.07248,-0.03991,0.99657
0.99737,-0.00445,0.07235,0.00155,0.99919,0.04014,-0.07247,-0.03992,0.99657
0.99737,-0.00442,0.07239,0.00151,0.99919,0.04018,-0.07251,-0.03996,0.99657
0.99737,-0.00446,0.07234,0.00155,0.99919,0.04017,-0.07246,-0.03995,0.99657
0.99737,-0.00451,0.07229,0.00160,0.99919,0.04019,-0.07241,-0.03997,0.99657
0.99738,-0.00453,0.07225,0.00163,0.99919,0.04017,-0.07237,-0.03994,0.99658
0.99738,-0.00456,0.07221,0.00166,0.99919,0.04020,-0.07233,-0.03998,0.99658
0.99738,-0.00461,0.07222,0.00171,0.99919,0.04022,-0.07235,-0.03999,0.99658
0.99738,-0.00463,0.07220,0.00173,0.99919,0.04020,-0.07232,-0.03997,0.99658
0.99738,-0.00465,0.07218,0.00175,0.99919,0.04016,-0.07231,-0.03993,0.99658
0.99738,-0.00465,0.07215,0.00175,0.99919,0.04021,-0.07228,-0.03998,0.99658
0.99738,-0.00468,0.07219,0.00178,0.99919,0.04020,-0.07232,-0.03997,0.99658
0.99738,-0.00467,0.07218,0.00177,0.99919,0.04019,-0.07231,-0.03996,0.99658
0.99738,-0.00472,0.07217,0.00181,0.99919,0.04028,-0.07230,-0.04005,0.99658
0.99738,-0.00475,0.07218,0.00183,0.99918,0.04034,-0.07231,-0.04011,0.99658
0.99738,-0.00477,0.07218,0.00186,0.99918,0.04036,-0.07231,-0.04012,0.99657
0.99738,-0.00478,0.07219,0.00187,0.99918,0.04038,-0.07232,-0.04014,0.99657
0.99738,-0.00478,0.07217,0.00186,0.99918,0.04041,-0.07231,-0.04017,0.99657
0.99738,-0.00481,0.07216,0.00189,0.99918,0.04040,-0.07229,-0.04016,0.99657
0.99738,-0.00482,0.07216,0.00190,0.99918,0.04041,-0.07230,-0.04017,0.99657
0.99739,-0.00482,0.07210,0.00191,0.99918,0.04040,-0.07223,-0.04015,0.99658
0.99739,-0.00480,0.07211,0.00189,0.99918,0.04042,-0.07224,-0.04018,0.99658
0.99738,-0.00483,0.07213,0.00192,0.99918,0.04043,-0.07226,-0.04019,0.99658
0.99738,-0.00484,0.07216,0.00191,0.99918,0.04049,-0.07230,-0.04025,0.99657
0.99738,-0.00484,0.07215,0.00192,0.99918,0.04054,-0.07228,-0.04029,0.99657
0.99738,-0.00482,0.07212,0.00190,0.99918,0.04055,-0.07226,-0.04031,0.99657
0.99739,-0.00486,0.07208,0.00194,0.99918,0.04052,-0.07221,-0.04027,0.99658
0.99739,-0.00488,0.07206,0.00197,0.99918,0.04045,-0.07220,-0.04020,0.99658
0.99739,-0.00494,0.07207,0.00203,0.99918,0.04046,-0.07221,-0.04021,0.99658
0.99739,-0.00493,0.07208,0.00202,0.99918,0.04050,-0.07222,-0.04025,0.99658
0.99739,-0.00504,0.07208,0.00212,0.99918,0.04053,-0.07222,-0.04027,0.99658
0.99739,-0.00503,0.07208,0.00211,0.99918,0.04046,-0.07222,-0.04020,0.99658
0.99738,-0.00505,0.07210,0.00213,0.99918,0.04050,-0.07225,-0.04024,0.99657
0.99739,-0.00507,0.07209,0.00215,0.99918,0.04054,-0.07224,-0.04028,0.99657
0.99738,-0.00504,0.07210,0.00212,0.99917,0.04059,-0.07224,-0.04033,0.99657
0.99738,-0.00504,0.07211,0.00212,0.99917,0.04056,-0.07225,-0.04030,0.99657
0.99739,-0.00507,0.07209,0.00215,0.99917,0.04063,-0.07223,-0.04037,0.99657
0.99738,-0.00511,0.07210,0.00218,0.99917,0.04065,-0.07224,-0.04038,0.99657
0.99738,-0.00514,0.07211,0.00222,0.99917,0.04062,-0.07226,-0.04036,0.99657
0.99738,-0.00512,0.07210,0.00220,0.99917,0.04057,-0.07224,-0.04031,0.99657
0.99739,-0.00514,0.07209,0.00222,0.99917,0.04059,-0.07223,-0.04032,0.99657
0.99738,-0.00514,0.07212,0.00221,0.99917,0.04057,-0.07227,-0.04030,0.99657
0.99738,-0.00517,0.07211,0.00225,0.99918,0.04051,-0.07226,-0.04024,0.99657
0.99738,-0.00521,0.07214,0.00228,0.99917,0.04059,-0.07230,-0.04032,0.99657
0.99738,-0.00524,0.07213,0.00231,0.99917,0.04060,-0.07228,-0.04033,0.99657
0.99738,-0.00526,0.07213,0.00233,0.99917,0.04063,-0.07228,-0.04036,0.99657
0.99738,-0.00528,0.07215,0.00235,0.99917,0.04066,-0.07231,-0.04038,0.99656
0.99738,-0.00532,0.07216,0.00239,0.99917,0.04065,-0.07231,-0.04038,0.99656
0.99738,-0.00535,0.07211,0.00242,0.99917,0.04063,-0.07227,-0.04035,0.99657
0.99738,-0.00539,0.07212,0.00246,0.99917,0.04061,-0.07228,-0.04033,0.99657
0.99738,-0.00539,0.07213,0.00246,0.99917,0.04059,-0.07229,-0.04031,0.99657
0.99738,-0.00546,0.07211,0.00254,0.99917,0.04059,-0.07227,-0.04030,0.99657
0.99738,-0.00549,0.07207,0.00257,0.99917,0.04058,-0.07223,-0.04029,0.99657
0.99739,-0.00548,0.07203,0.00256,0.99917,0.04056,-0.07220,-0.04027,0.99658
0.99739,-0.00550,0.07202,0.00258,0.99917,0.04056,-0.07219,-0.04027,0.99658
0.99739,-0.00555,0.07197,0.00263,0.99917,0.04058,-0.07214,-0.04029,0.99658
0.99739,-0.00558,0.07195,0.00267,0.99917,0.04054,-0.07212,-0.04024,0.99658
0.99739,-0.00560,0.07192,0.00269,0.99917,0.04055,-0.07209,-0.04025,0.99659
0.99739,-0.00563,0.07192,0.00272,0.99917,0.04052,-0.07209,-0.04022,0.99659
0.99740,-0.00570,0.07190,0.00279,0.99917,0.04052,-0.07207,-0.04021,0.99659
0.99740,-0.00570,0.07189,0.00279,0.99917,0.04052,-0.07206,-0.04021,0.99659
0.99740,-0.00571,0.07186,0.00280,0.99917,0.04057,-0.07203,-0.04026,0.99659
0.99740,-0.00572,0.07180,0.00282,0.99917,0.04055,-0.07197,-0.04024,0.99659
0.99740,-0.00576,0.07186,0.00284,0.99917,0.04055,-0.07204,-0.04024,0.99659
0.99740,-0.00578,0.07185,0.00287,0.99917,0.04056,-0.07203,-0.04025,0.99659
0.99740,-0.00579,0.07183,0.00288,0.99917,0.04057,-0.07201,-0.04026,0.99659
0.99740,-0.00578,0.07185,0.00286,0.99917,0.04058,-0.07202,-0.04027,0.99659
0.99740,-0.00578,0.07187,0.00287,0.99917,0.04056,-0.07205,-0.04024,0.99659
0.99740,-0.00580,0.07186,0.00289,0.99917,0.04057,-0.07203,-0.04026,0.99659
0.99740,-0.00584,0.07181,0.00293,0.99917,0.04059,-0.07198,-0.04027,0.99659
0.99740,-0.00587,0.07177,0.00296,0.99917,0.04058,-0.07195,-0.04027,0.99660
0.99741,-0.00592,0.07175,0.00301,0.99917,0.04056,-0.07193,-0.04024,0.99660
0.99740,-0.00594,0.07177,0.00303,0.99917,0.04061,-0.07195,-0.04028,0.99659
0.99740,-0.00598,0.07178,0.00306,0.99917,0.04062,-0.07196,-0.04029,0.99659
0.99740,-0.00599,0.07177,0.00307,0.99917,0.04065,-0.07195,-0.04032,0.99659
0.99740,-0.00598,0.07179,0.00307,0.99917,0.04064,-0.07197,-0.04032,0.99659
0.99740,-0.00600,0.07177,0.00308,0.99917,0.04065,-0.07196,-0.04033,0.99659
0.99740,-0.00604,0.07176,0.00312,0.99917,0.04067,-0.07194,-0.04034,0.99659
0.99740,-0.00608,0.07177,0.00316,0.99917,0.04064,-0.07195,-0.04031,0.99659
0.99740,-0.00613,0.07174,0.00322,0.99917,0.04069,-0.07193,-0.04035,0.99659
0.99740,-0.00621,0.07178,0.00329,0.99917,0.04067,-0.07197,-0.04033,0.99659
0.99740,-0.00625,0.07175,0.00334,0.99917,0.04065,-0.07195,-0.04030,0.99659
0.99740,-0.00625,0.07179,0.00334,0.99917,0.04064,-0.07199,-0.04029,0.99659
0.99740,-0.00628,0.07181,0.00337,0.99917,0.04061,-0.07201,-0.04026,0.99659
0.99740,-0.00632,0.07177,0.00341,0.99917,0.04060,-0.07197,-0.04025,0.99659
0.99740,-0.00635,0.07177,0.00345,0.99917,0.04058,-0.07197,-0.04023,0.99660
0.99740,-0.00638,0.07174,0.00347,0.99917,0.04059,-0.07194,-0.04023,0.99660
0.99740,-0.00639,0.07177,0.00349,0.99917,0.04050,-0.07197,-0.04014,0.99660
0.99740,-0.00635,0.07178,0.00345,0.99917,0.04051,-0.07198,-0.04015,0.99660
0.99740,-0.00636,0.07183,0.00345,0.99917,0.04051,-0.07203,-0.04015,0.99659
0.99740,-0.00638,0.07180,0.00348,0.99917,0.04049,-0.07200,-0.04014,0.99660
0.99740,-0.00637,0.07181,0.00347,0.99917,0.04053,-0.07200,-0.04018,0.99659
0.99740,-0.00641,0.07176,0.00350,0.99917,0.04054,-0.07196,-0.04019,0.99660
0.99740,-0.00643,0.07176,0.00353,0.99917,0.04051,-0.07196,-0.04015,0.99660
0.99740,-0.00643,0.07175,0.00352,0.99917,0.04051,-0.07195,-0.04015,0.99660
0.99741,-0.00644,0.07170,0.00354,0.99917,0.04050,-0.07190,-0.04014,0.99660
0.99741,-0.00648,0.07168,0.00358,0.99917,0.04050,-0.07188,-0.04014,0.99661
0.99740,-0.00653,0.07171,0.00363,0.99917,0.04055,-0.07192,-0.04018,0.99660
0.99741,-0.00650,0.07169,0.00360,0.99917,0.04057,-0.07189,-0.04020,0.99660
0.99741,-0.00654,0.07169,0.00364,0.99917,0.04054,-0.07190,-0.04018,0.99660
0.99740,-0.00654,0.07172,0.00364,0.99917,0.04052,-0.07193,-0.04015,0.99660
0.99740,-0.00655,0.07171,0.00365,0.99917,0.04051,-0.07192,-0.04014,0.99660
0.99741,-0.00655,0.07168,0.00365,0.99917,0.04049,-0.07188,-0.04012,0.99661
0.99741,-0.00656,0.07160,0.00366,0.99917,0.04053,-0.07181,-0.04016,0.99661
0.99741,-0.00653,0.07157,0.00364,0.99917,0.04047,-0.07177,-0.04010,0.99661
0.99741,-0.00656,0.07159,0.00367,0.99917,0.04046,-0.07180,-0.04010,0.99661
0.99741,-0.00659,0.07162,0.00370,0.99917,0.04044,-0.07182,-0.04008,0.99661
0.99741,-0.00662,0.07158,0.00373,0.99918,0.04042,-0.07179,-0.04005,0.99662
0.99742,-0.00663,0.07153,0.00374,0.99917,0.04046,-0.07174,-0.04009,0.99662
0.99742,-0.00665,0.07153,0.00376,0.99918,0.04042,-0.07174,-0.04005,0.99662
0.99742,-0.00667,0.07152,0.00378,0.99917,0.04044,-0.07173,-0.04007,0.99662
0.99741,-0.00667,0.07157,0.00378,0.99917,0.04046,-0.07178,-0.04008,0.99661
0.99741,-0.00670,0.07158,0.00380,0.99917,0.04049,-0.07179,-0.04011,0.99661
0.99741,-0.00670,0.07158,0.00381,0.99917,0.04045,-0.07179,-0.04007,0.99661
0.99741,-0.00673,0.07160,0.00384,0.99917,0.04045,-0.07182,-0.04008,0.99661
0.99741,-0.00674,0.07160,0.00385,0.99917,0.04047,-0.07181,-0.04009,0.99661
0.99741,-0.00679,0.07158,0.00390,0.99917,0.04046,-0.07180,-0.04007,0.99661
0.99741,-0.00684,0.07157,0.00395,0.99917,0.04049,-0.07179,-0.04010,0.99661
0.99741,-0.00685,0.07153,0.00395,0.99917,0.04054,-0.07175,-0.04015,0.99661
0.99741,-0.00687,0.07153,0.00397,0.99917,0.04049,-0.07175,-0.04010,0.99662
0.99741,-0.00688,0.07155,0.00399,0.99917,0.04048,-0.07177,-0.04009,0.99661
0.99741,-0.00693,0.07154,0.00405,0.99917,0.04044,-0.07177,-0.04004,0.99662
0.99741,-0.00695,0.07155,0.00406,0.99917,0.04047,-0.07178,-0.04007,0.99662
0.99741,-0.00695,0.07155,0.00406,0.99917,0.04044,-0.07177,-0.04004,0.99662
0.99741,-0.00692,0.07160,0.00403,0.99917,0.04046,-0.07182,-0.04006,0.99661
0.99741,-0.00693,0.07156,0.00404,0.99917,0.04047,-0.07178,-0.04008,0.99661
0.99741,-0.00698,0.07159,0.00408,0.99917,0.04046,-0.07182,-0.04007,0.99661
0.99741,-0.00701,0.07157,0.00412,0.99917,0.04046,-0.07179,-0.04006,0.99661
0.99741,-0.00702,0.07158,0.00413,0.99917,0.04052,-0.07181,-0.04012,0.99661
0.99741,-0.00707,0.07155,0.00418,0.99917,0.04056,-0.07178,-0.04015,0.99661
0.99741,-0.00711,0.07156,0.00421,0.99917,0.04059,-0.07179,-0.04019,0.99661
0.99741,-0.00711,0.07157,0.00421,0.99917,0.04054,-0.07180,-0.04014,0.99661
0.99741,-0.00720,0.07153,0.00431,0.99917,0.04052,-0.07176,-0.04011,0.99661
0.99741,-0.00726,0.07153,0.00436,0.99917,0.04055,-0.07176,-0.04013,0.99661
0.99741,-0.00734,0.07153,0.00444,0.99916,0.04064,-0.07177,-0.04022,0.99661
0.99741,-0.00731,0.07154,0.00442,0.99917,0.04054,-0.07178,-0.04012,0.99661
0.99741,-0.00740,0.07151,0.00450,0.99917,0.04055,-0.07175,-0.04012,0.99662
0.99741,-0.00744,0.07158,0.00454,0.99917,0.04053,-0.07182,-0.04010,0.99661
0.99741,-0.00744,0.07157,0.00454,0.99917,0.04052,-0.07181,-0.04009,0.99661
0.99741,-0.00745,0.07157,0.00456,0.99917,0.04054,-0.07181,-0.04011,0.99661
0.99741,-0.00745,0.07156,0.00455,0.99917,0.04057,-0.07180,-0.04014,0.99661
0.99741,-0.00744,0.07158,0.00454,0.99917,0.04059,-0.07182,-0.04016,0.99661
0.99741,-0.00748,0.07159,0.00457,0.99917,0.04059,-0.07184,-0.04016,0.99661
0.99741,-0.00746,0.07159,0.00456,0.99917,0.04058,-0.07183,-0.04015,0.99661
0.99741,-0.00748,0.07159,0.00458,0.99917,0.04060,-0.07183,-0.04016,0.99661
0.99741,-0.00745,0.07154,0.00455,0.99917,0.04059,-0.07179,-0.04016,0.99661
0.99741,-0.00747,0.07155,0.00456,0.99916,0.04065,-0.07180,-0.04022,0.99661
0.99741,-0.00751,0.07156,0.00460,0.99916,0.04065,-0.07180,-0.04021,0.99661
0.99741,-0.00752,0.07154,0.00462,0.99916,0.04061,-0.07178,-0.04018,0.99661
0.99741,-0.00757,0.07156,0.00467,0.99916,0.04061,-0.07181,-0.04017,0.99661
0.99741,-0.00762,0.07157,0.00472,0.99916,0.04062,-0.07182,-0.04017,0.99661
0.99740,-0.00765,0.07160,0.00475,0.99916,0.04064,-0.07185,-0.04019,0.99661
0.99740,-0.00770,0.07160,0.00480,0.99916,0.04065,-0.07185,-0.04020,0.99660
0.99740,-0.00770,0.07158,0.00480,0.99916,0.04064,-0.07184,-0.04019,0.99661
0.99740,-0.00775,0.07160,0.00485,0.99916,0.04064,-0.07185,-0.04018,0.99661
0.99741,-0.00774,0.07155,0.00484,0.99916,0.04064,-0.07180,-0.04019,0.99661
0.99741,-0.00779,0.07154,0.00489,0.99916,0.04066,-0.07179,-0.04020,0.99661
0.99741,-0.00782,0.07155,0.00491,0.99916,0.04071,-0.07180,-0.04025,0.99661
0.99741,-0.00784,0.07154,0.00494,0.99916,0.04066,-0.07180,-0.04020,0.99661
0.99741,-0.00786,0.07156,0.00495,0.99916,0.04072,-0.07182,-0.04026,0.99660
0.99740,-0.00792,0.07158,0.00501,0.99916,0.04074,-0.07184,-0.04027,0.99660
0.99741,-0.00791,0.07153,0.00500,0.99916,0.04068,-0.07179,-0.04021,0.99661
0.99740,-0.00795,0.07156,0.00505,0.99916,0.04067,-0.07182,-0.04020,0.99661
0.99741,-0.00795,0.07153,0.00505,0.99916,0.04066,-0.07179,-0.04019,0.99661
0.99741,-0.00800,0.07151,0.00509,0.99916,0.04070,-0.07178,-0.04023,0.99661
0.99741,-0.00802,0.07149,0.00512,0.99916,0.04073,-0.07176,-0.04026,0.99661
0.99740,-0.00808,0.07157,0.00516,0.99916,0.04077,-0.07184,-0.04030,0.99660
0.99740,-0.00810,0.07156,0.00519,0.99916,0.04072,-0.07183,-0.04024,0.99660
0.99740,-0.00811,0.07160,0.00520,0.99916,0.04072,-0.07187,-0.04024,0.99660
0.99740,-0.00809,0.07158,0.00518,0.99916,0.04076,-0.07185,-0.04028,0.99660
0.99740,-0.00812,0.07158,0.00522,0.99916,0.04070,-0.07185,-0.04023,0.99660
0.99740,-0.00817,0.07155,0.00526,0.99916,0.04067,-0.07182,-0.04019,0.99661
0.99741,-0.00814,0.07151,0.00524,0.99916,0.04064,-0.07178,-0.04016,0.99661
0.99740,-0.00815,0.07153,0.00525,0.99916,0.04070,-0.07181,-0.04022,0.99661
0.99740,-0.00823,0.07154,0.00532,0.99916,0.04071,-0.07181,-0.04022,0.99661
0.99740,-0.00824,0.07153,0.00533,0.99916,0.04072,-0.07180,-0.04023,0.99661
0.99741,-0.00825,0.07151,0.00534,0.99916,0.04073,-0.07179,-0.04024,0.99661
0.99741,-0.00829,0.07149,0.00538,0.99916,0.04074,-0.07177,-0.04025,0.99661
0.99741,-0.00827,0.07150,0.00536,0.99916,0.04073,-0.07178,-0.04024,0.99661
0.99741,-0.00827,0.07146,0.00537,0.99916,0.04073,-0.07173,-0.04024,0.99661
0.99741,-0.00829,0.07146,0.00538,0.99916,0.04072,-0.07174,-0.04023,0.99661
0.99741,-0.00830,0.07150,0.00540,0.99916,0.04067,-0.07177,-0.04017,0.99661
0.99741,-0.00832,0.07151,0.00541,0.99916,0.04066,-0.07179,-0.04017,0.99661
0.99741,-0.00837,0.07150,0.00547,0.99916,0.04064,-0.07178,-0.04014,0.99661
0.99740,-0.00838,0.07153,0.00548,0.99916,0.04069,-0.07181,-0.04019,0.99661
0.99740,-0.00844,0.07156,0.00554,0.99916,0.04066,-0.07184,-0.04015,0.99661
0.99740,-0.00841,0.07160,0.00551,0.99916,0.04056,-0.07188,-0.04006,0.99661
0.99740,-0.00845,0.07156,0.00554,0.99916,0.04066,-0.07185,-0.04015,0.99661
0.99740,-0.00847,0.07153,0.00557,0.99916,0.04064,-0.07182,-0.04013,0.99661
0.99740,-0.00845,0.07156,0.00554,0.99916,0.04066,-0.07184,-0.04016,0.99661
0.99740,-0.00847,0.07159,0.00557,0.99916,0.04068,-0.07188,-0.04017,0.99660
0.99740,-0.00852,0.07160,0.00561,0.99916,0.04069,-0.07189,-0.04018,0.99660
0.99739,-0.00852,0.07165,0.00561,0.99916,0.04068,-0.07193,-0.04017,0.99660
0.99740,-0.00855,0.07161,0.00565,0.99916,0.04066,-0.07189,-0.04015,0.99660
0.99739,-0.00856,0.07163,0.00566,0.99916,0.04065,-0.07192,-0.04014,0.99660
0.99739,-0.00856,0.07163,0.00565,0.99916,0.04069,-0.07192,-0.04018,0.99660
0.99740,-0.00860,0.07160,0.00569,0.99915,0.04072,-0.07189,-0.04020,0.99660
0.99740,-0.00860,0.07158,0.00570,0.99916,0.04068,-0.07187,-0.04017,0.99661
0.99740,-0.00861,0.07157,0.00571,0.99916,0.04069,-0.07186,-0.04018,0.99661
0.99740,-0.00865,0.07159,0.00574,0.99915,0.04071,-0.07188,-0.04020,0.99660
0.99740,-0.00869,0.07159,0.00578,0.99915,0.04077,-0.07188,-0.04025,0.99660
0.99740,-0.00871,0.07157,0.00580,0.99915,0.04073,-0.07187,-0.04021,0.99660
0.99740,-0.00871,0.07161,0.00580,0.99915,0.04074,-0.07190,-0.04022,0.99660
0.99740,-0.00874,0.07160,0.00583,0.99915,0.04071,-0.07190,-0.04019,0.99660
0.99739,-0.00881,0.07163,0.00590,0.99915,0.04072,-0.07193,-0.04020,0.99660
0.99739,-0.00880,0.07162,0.00590,0.99915,0.04068,-0.07192,-0.04015,0.99660
0.99739,-0.00882,0.07166,0.00592,0.99915,0.04068,-0.07196,-0.04015,0.99660
0.99738,-0.00885,0.07173,0.00594,0.99916,0.04064,-0.07203,-0.04011,0.99660
0.99738,-0.00890,0.07173,0.00599,0.99916,0.04061,-0.07203,-0.04008,0.99660
0.99738,-0.00892,0.07174,0.00602,0.99916,0.04055,-0.07204,-0.04001,0.99660
0.99738,-0.00895,0.07174,0.00605,0.99916,0.04054,-0.07204,-0.04000,0.99660
0.99738,-0.00899,0.07177,0.00609,0.99916,0.04058,-0.07207,-0.04004,0.99660
0.99738,-0.00907,0.07181,0.00616,0.99916,0.04061,-0.07212,-0.04006,0.99659
0.99738,-0.00910,0.07179,0.00619,0.99916,0.04063,-0.07210,-0.04008,0.99659
0.99737,-0.00909,0.07185,0.00618,0.99915,0.04064,-0.07216,-0.04009,0.99659
0.99737,-0.00914,0.07187,0.00623,0.99915,0.04065,-0.07218,-0.04010,0.99659
0.99737,-0.00911,0.07194,0.00620,0.99916,0.04062,-0.07225,-0.04007,0.99658
0.99737,-0.00917,0.07193,0.00625,0.99915,0.04070,-0.07225,-0.04015,0.99658
0.99736,-0.00926,0.07196,0.00634,0.99915,0.04068,-0.07228,-0.04011,0.99658
0.99737,-0.00926,0.07194,0.00634,0.99915,0.04068,-0.07226,-0.04012,0.99658
0.99737,-0.00930,0.07192,0.00638,0.99915,0.04071,-0.07223,-0.04015,0.99658
0.99737,-0.00930,0.07192,0.00638,0.99915,0.04069,-0.07224,-0.04012,0.99658
0.99736,-0.00931,0.07195,0.00639,0.99915,0.04070,-0.07227,-0.04013,0.99658
0.99736,-0.00941,0.07195,0.00649,0.99915,0.04070,-0.07227,-0.04013,0.99658
0.99737,-0.00939,0.07192,0.00648,0.99915,0.04066,-0.07224,-0.04009,0.99658
0.99736,-0.00937,0.07195,0.00645,0.99915,0.04066,-0.07227,-0.04009,0.99658
0.99737,-0.00938,0.07189,0.00647,0.99915,0.04064,-0.07221,-0.04006,0.99658
0.99738,-0.00940,0.07177,0.00650,0.99915,0.04063,-0.07209,-0.04006,0.99659
0.99738,-0.00940,0.07178,0.00649,0.99915,0.04061,-0.07210,-0.04004,0.99659
0.99738,-0.00942,0.07178,0.00652,0.99915,0.04058,-0.07210,-0.04001,0.99659
0.99738,-0.00948,0.07178,0.00657,0.99915,0.04060,-0.07210,-0.04002,0.99659
0.99737,-0.00950,0.07179,0.00659,0.99915,0.04058,-0.07212,-0.04000,0.99659
0.99737,-0.00952,0.07179,0.00662,0.99915,0.04057,-0.07211,-0.03999,0.99659
0.99737,-0.00957,0.07180,0.00667,0.99915,0.04056,-0.07213,-0.03997,0.99659
0.99737,-0.00956,0.07182,0.00665,0.99915,0.04057,-0.07215,-0.03999,0.99659
0.99737,-0.00962,0.07182,0.00672,0.99915,0.04060,-0.07215,-0.04001,0.99659
0.99737,-0.00962,0.07179,0.00672,0.99916,0.04055,-0.07212,-0.03996,0.99660
0.99737,-0.00967,0.07182,0.00677,0.99915,0.04054,-0.07215,-0.03995,0.99659
0.99737,-0.00966,0.07183,0.00676,0.99915,0.04054,-0.07216,-0.03995,0.99659
0.99737,-0.00971,0.07183,0.00681,0.99916,0.04051,-0.07216,-0.03992,0.99659
0.99737,-0.00969,0.07181,0.00679,0.99916,0.04047,-0.07214,-0.03987,0.99660
0.99737,-0.00968,0.07179,0.00678,0.99916,0.04049,-0.07212,-0.03989,0.99660
0.99737,-0.00975,0.07180,0.00685,0.99916,0.04051,-0.07213,-0.03991,0.99660
0.99737,-0.00977,0.07179,0.00687,0.99915,0.04054,-0.07212,-0.03994,0.99660
0.99737,-0.00980,0.07179,0.00690,0.99915,0.04053,-0.07213,-0.03993,0.99660
0.99737,-0.00984,0.07179,0.00693,0.99915,0.04057,-0.07213,-0.03997,0.99659
0.99737,-0.00988,0.07179,0.00698,0.99915,0.04057,-0.07213,-0.03996,0.99659
0.99737,-0.00990,0.07180,0.00700,0.99915,0.04059,-0.07214,-0.03998,0.99659
0.99737,-0.00988,0.07180,0.00697,0.99915,0.04057,-0.07214,-0.03996,0.99659
0.99737,-0.00994,0.07182,0.00704,0.99916,0.04046,-0.07216,-0.03984,0.99660
0.99737,-0.00994,0.07179,0.00705,0.99915,0.04051,-0.07214,-0.03989,0.99660
0.99737,-0.00993,0.07179,0.00704,0.99916,0.04043,-0.07213,-0.03982,0.99660
0.99737,-0.00995,0.07180,0.00706,0.99916,0.04044,-0.07214,-0.03983,0.99660
0.99737,-0.00996,0.07175,0.00707,0.99915,0.04049,-0.07210,-0.03988,0.99660
0.99737,-0.00998,0.07173,0.00709,0.99915,0.04050,-0.07207,-0.03988,0.99660
0.99739,-0.00999,0.07156,0.00710,0.99915,0.04052,-0.07190,-0.03991,0.99661
0.99739,-0.01003,0.07156,0.00714,0.99915,0.04056,-0.07191,-0.03995,0.99661
0.99738,-0.01010,0.07158,0.00721,0.99915,0.04054,-0.07193,-0.03992,0.99661
0.99738,-0.01013,0.07159,0.00724,0.99915,0.04050,-0.07194,-0.03988,0.99661
0.99738,-0.01017,0.07155,0.00728,0.99915,0.04055,-0.07191,-0.03992,0.99661
0.99738,-0.01013,0.07158,0.00723,0.99915,0.04058,-0.07193,-0.03996,0.99661
0.99738,-0.01015,0.07159,0.00726,0.99915,0.04056,-0.07194,-0.03993,0.99661
0.99738,-0.01015,0.07160,0.00726,0.99915,0.04059,-0.07195,-0.03996,0.99661
0.99738,-0.01018,0.07160,0.00729,0.99915,0.04055,-0.07195,-0.03993,0.99661
0.99738,-0.01018,0.07165,0.00729,0.99915,0.04054,-0.07200,-0.03991,0.99661
0.99738,-0.01022,0.07164,0.00732,0.99915,0.04060,-0.07199,-0.03997,0.99660
0.99738,-0.01024,0.07167,0.00733,0.99915,0.04063,-0.07203,-0.04000,0.99660
0.99738,-0.01026,0.07160,0.00735,0.99915,0.04068,-0.07196,-0.04005,0.99660
0.99738,-0.01025,0.07159,0.00735,0.99915,0.04065,-0.07195,-0.04002,0.99661
0.99738,-0.01031,0.07158,0.00740,0.99914,0.04073,-0.07194,-0.04010,0.99660
0.99738,-0.01036,0.07159,0.00745,0.99914,0.04070,-0.07195,-0.04006,0.99660
0.99738,-0.01033,0.07161,0.00743,0.99914,0.04070,-0.07197,-0.04006,0.99660
0.99738,-0.01035,0.07161,0.00744,0.99914,0.04075,-0.07197,-0.04011,0.99660
0.99738,-0.01042,0.07160,0.00751,0.99914,0.04074,-0.07196,-0.04009,0.99660
0.99738,-0.01045,0.07159,0.00754,0.99914,0.04077,-0.07196,-0.04012,0.99660
0.99738,-0.01048,0.07162,0.00757,0.99914,0.04080,-0.07199,-0.04015,0.99660
0.99738,-0.01051,0.07157,0.00760,0.99914,0.04084,-0.07193,-0.04019,0.99660
0.99738,-0.01056,0.07156,0.00765,0.99913,0.04091,-0.07193,-0.04025,0.99660
0.99738,-0.01060,0.07160,0.00769,0.99913,0.04089,-0.07198,-0.04023,0.99659
0.99738,-0.01065,0.07162,0.00773,0.99913,0.04091,-0.07199,-0.04025,0.99659
0.99737,-0.01066,0.07162,0.00773,0.99913,0.04094,-0.07200,-0.04027,0.99659
0.99737,-0.01071,0.07163,0.00779,0.99913,0.04094,-0.07201,-0.04028,0.99659
0.99737,-0.01073,0.07162,0.00781,0.99913,0.04094,-0.07200,-0.04028,0.99659
0.99737,-0.01076,0.07161,0.00784,0.99913,0.04097,-0.07199,-0.04030,0.99659
0.99738,-0.01079,0.07157,0.00787,0.99913,0.04100,-0.07195,-0.04033,0.99659
0.99738,-0.01080,0.07156,0.00788,0.99913,0.04092,-0.07194,-0.04025,0.99660
0.99738,-0.01083,0.07159,0.00791,0.99913,0.04091,-0.07197,-0.04023,0.99659
0.99738,-0.01081,0.07155,0.00790,0.99913,0.04087,-0.07193,-0.04020,0.99660
0.99738,-0.01085,0.07158,0.00794,0.99913,0.04088,-0.07196,-0.04020,0.99660
0.99738,-0.01093,0.07156,0.00802,0.99913,0.04094,-0.07195,-0.04026,0.99660
0.99738,-0.01098,0.07149,0.00806,0.99913,0.04097,-0.07187,-0.04028,0.99660
0.99738,-0.01104,0.07147,0.00813,0.99913,0.04099,-0.07186,-0.04030,0.99660
0.99738,-0.01104,0.07148,0.00812,0.99913,0.04098,-0.07187,-0.04029,0.99660
0.99738,-0.01110,0.07148,0.00819,0.99913,0.04093,-0.07188,-0.04024,0.99660
0.99738,-0.01118,0.07144,0.00827,0.99913,0.04096,-0.07183,-0.04026,0.99660
0.99738,-0.01118,0.07144,0.00827,0.99913,0.04093,-0.07183,-0.04023,0.99661
0.99738,-0.01122,0.07143,0.00831,0.99913,0.04092,-0.07182,-0.04022,0.99661
0.99738,-0.01127,0.07140,0.00836,0.99913,0.04093,-0.07180,-0.04023,0.99661
0.99738,-0.01127,0.07139,0.00836,0.99913,0.04092,-0.07179,-0.04022,0.99661
0.99739,-0.01132,0.07135,0.00841,0.99912,0.04098,-0.07176,-0.04028,0.99661
0.99739,-0.01133,0.07135,0.00843,0.99913,0.04093,-0.07175,-0.04022,0.99661
0.99739,-0.01136,0.07130,0.00846,0.99913,0.04089,-0.07170,-0.04018,0.99662
0.99739,-0.01139,0.07127,0.00849,0.99913,0.04095,-0.07167,-0.04023,0.99662
0.99739,-0.01139,0.07130,0.00848,0.99913,0.04094,-0.07171,-0.04023,0.99661
0.99739,-0.01141,0.07133,0.00850,0.99912,0.04103,-0.07174,-0.04031,0.99661
0.99739,-0.01140,0.07131,0.00849,0.99912,0.04103,-0.07171,-0.04032,0.99661
0.99739,-0.01143,0.07131,0.00851,0.99912,0.04103,-0.07171,-0.04032,0.99661
0.99739,-0.01140,0.07129,0.00849,0.99912,0.04105,-0.07170,-0.04033,0.99661
0.99739,-0.01139,0.07128,0.00848,0.99912,0.04100,-0.07169,-0.04029,0.99661
0.99739,-0.01141,0.07133,0.00851,0.99912,0.04096,-0.07173,-0.04024,0.99661
0.99739,-0.01142,0.07129,0.00851,0.99912,0.04097,-0.07170,-0.04025,0.99661
0.99739,-0.01143,0.07129,0.00852,0.99912,0.04097,-0.07170,-0.04026,0.99661
0.99739,-0.01142,0.07127,0.00851,0.99912,0.04096,-0.07167,-0.04025,0.99662
0.99739,-0.01149,0.07124,0.00858,0.99912,0.04098,-0.07165,-0.04026,0.99662
0.99739,-0.01151,0.07123,0.00860,0.99912,0.04103,-0.07164,-0.04031,0.99662
0.99739,-0.01152,0.07124,0.00861,0.99912,0.04105,-0.07165,-0.04033,0.99661
0.99739,-0.01155,0.07129,0.00864,0.99912,0.04107,-0.07170,-0.04035,0.99661
0.99739,-0.01157,0.07132,0.00865,0.99912,0.04108,-0.07173,-0.04035,0.99661
0.99738,-0.01157,0.07136,0.00865,0.99912,0.04110,-0.07177,-0.04038,0.99660
0.99739,-0.01159,0.07133,0.00867,0.99912,0.04111,-0.07174,-0.04038,0.99661
0.99739,-0.01162,0.07129,0.00870,0.99912,0.04115,-0.07170,-0.04042,0.99661
0.99739,-0.01164,0.07128,0.00872,0.99911,0.04119,-0.07170,-0.04046,0.99661
0.99739,-0.01167,0.07126,0.00875,0.99911,0.04115,-0.07167,-0.04042,0.99661
0.99739,-0.01169,0.07129,0.00877,0.99911,0.04119,-0.07171,-0.04045,0.99660
0.99738,-0.01171,0.07132,0.00879,0.99912,0.04113,-0.07174,-0.04039,0.99661
0.99739,-0.01176,0.07130,0.00884,0.99911,0.04113,-0.07172,-0.04040,0.99661
0.99739,-0.01178,0.07130,0.00886,0.99911,0.04116,-0.07172,-0.04042,0.99661
0.99739,-0.01180,0.07124,0.00888,0.99911,0.04116,-0.07166,-0.04042,0.99661
0.99739,-0.01182,0.07122,0.00890,0.99911,0.04114,-0.07164,-0.04040,0.99661
0.99739,-0.01185,0.07119,0.00893,0.99911,0.04112,-0.07162,-0.04038,0.99661
0.99739,-0.01191,0.07122,0.00900,0.99911,0.04114,-0.07165,-0.04039,0.99661
0.99739,-0.01199,0.07126,0.00908,0.99911,0.04110,-0.07169,-0.04035,0.99661
0.99739,-0.01203,0.07126,0.00912,0.99911,0.04113,-0.07169,-0.04037,0.99661
0.99738,-0.01204,0.07127,0.00912,0.99911,0.04112,-0.07170,-0.04036,0.99661
0.99739,-0.01206,0.07124,0.00914,0.99911,0.04120,-0.07167,-0.04045,0.99661
0.99739,-0.01214,0.07124,0.00922,0.99911,0.04118,-0.07168,-0.04042,0.99661
0.99738,-0.01218,0.07125,0.00926,0.99911,0.04122,-0.07168,-0.04045,0.99661
0.99739,-0.01220,0.07122,0.00928,0.99911,0.04122,-0.07166,-0.04046,0.99661
0.99739,-0.01223,0.07120,0.00930,0.99911,0.04124,-0.07164,-0.04047,0.99661
0.99739,-0.01220,0.07120,0.00928,0.99910,0.04128,-0.07164,-0.04051,0.99661
0.99739,-0.01218,0.07119,0.00926,0.99911,0.04124,-0.07162,-0.04047,0.99661
0.99739,-0.01218,0.07115,0.00926,0.99911,0.04126,-0.07158,-0.04050,0.99661
0.99739,-0.01223,0.07116,0.00930,0.99910,0.04128,-0.07160,-0.04051,0.99661
0.99739,-0.01227,0.07117,0.00933,0.99910,0.04139,-0.07162,-0.04062,0.99660
0.99739,-0.01227,0.07110,0.00934,0.99910,0.04145,-0.07155,-0.04068,0.99661
0.99739,-0.01231,0.07110,0.00938,0.99910,0.04143,-0.07155,-0.04065,0.99661
0.99739,-0.01232,0.07119,0.00938,0.99910,0.04144,-0.07163,-0.04066,0.99660
0.99739,-0.01231,0.07118,0.00937,0.99910,0.04144,-0.07162,-0.04067,0.99660
0.99739,-0.01231,0.07113,0.00938,0.99910,0.04142,-0.07158,-0.04065,0.99661
0.99739,-0.01233,0.07111,0.00939,0.99909,0.04148,-0.07156,-0.04071,0.99661
0.99739,-0.01238,0.07108,0.00945,0.99910,0.04145,-0.07153,-0.04067,0.99661
0.99739,-0.01238,0.07107,0.00945,0.99910,0.04140,-0.07151,-0.04062,0.99661
0.99739,-0.01244,0.07105,0.00952,0.99910,0.04141,-0.07150,-0.04063,0.99661
0.99739,-0.01246,0.07105,0.00953,0.99909,0.04146,-0.07150,-0.04068,0.99661
0.99740,-0.01245,0.07105,0.00951,0.99909,0.04150,-0.07150,-0.04071,0.99661
0.99740,-0.01247,0.07095,0.00953,0.99909,0.04151,-0.07141,-0.04073,0.99662
0.99740,-0.01246,0.07093,0.00953,0.99909,0.04153,-0.07138,-0.04074,0.99662
0.99740,-0.01251,0.07099,0.00958,0.99909,0.04151,-0.07145,-0.04072,0.99661
0.99740,-0.01250,0.07101,0.00957,0.99909,0.04151,-0.07146,-0.04072,0.99661
0.99740,-0.01250,0.07101,0.00957,0.99909,0.04150,-0.07146,-0.04071,0.99661
0.99740,-0.01247,0.07103,0.00954,0.99909,0.04147,-0.07149,-0.04069,0.99661
0.99739,-0.01250,0.07106,0.00957,0.99909,0.04149,-0.07151,-0.04070,0.99661
0.99739,-0.01249,0.07104,0.00956,0.99909,0.04151,-0.07150,-0.04072,0.99661
0.99740,-0.01252,0.07101,0.00958,0.99909,0.04152,-0.07146,-0.04073,0.99661
0.99740,-0.01253,0.07103,0.00960,0.99909,0.04156,-0.07149,-0.04077,0.99661
0.99740,-0.01258,0.07101,0.00965,0.99909,0.04156,-0.07147,-0.04076,0.99661
0.99740,-0.01261,0.07101,0.00967,0.99909,0.04158,-0.07147,-0.04078,0.99661
0.99739,-0.01265,0.07103,0.00971,0.99909,0.04159,-0.07149,-0.04080,0.99661
0.99740,-0.01267,0.07101,0.00973,0.99909,0.04158,-0.07147,-0.04079,0.99661
0.99740,-0.01267,0.07099,0.00973,0.99909,0.04158,-0.07145,-0.04078,0.99661
0.99740,-0.01267,0.07098,0.00974,0.99909,0.04157,-0.07144,-0.04077,0.99661
0.99740,-0.01271,0.07097,0.00977,0.99909,0.04158,-0.07143,-0.04078,0.99661
0.99740,-0.01271,0.07092,0.00977,0.99909,0.04157,-0.07139,-0.04077,0.99662
0.99740,-0.01269,0.07094,0.00975,0.99909,0.04155,-0.07140,-0.04075,0.99661
0.99740,-0.01274,0.07091,0.00981,0.99909,0.04157,-0.07138,-0.04076,0.99662
0.99740,-0.01275,0.07092,0.00982,0.99909,0.04153,-0.07139,-0.04073,0.99662
0.99740,-0.01276,0.07087,0.00983,0.99909,0.04154,-0.07134,-0.04073,0.99662
0.99740,-0.01277,0.07087,0.00984,0.99909,0.04152,-0.07133,-0.04072,0.99662
0.99740,-0.01277,0.07087,0.00984,0.99909,0.04160,-0.07134,-0.04079,0.99662
0.99740,-0.01283,0.07086,0.00989,0.99909,0.04159,-0.07132,-0.04078,0.99662
0.99740,-0.01286,0.07085,0.00993,0.99908,0.04165,-0.07132,-0.04084,0.99662
0.99740,-0.01293,0.07086,0.00999,0.99908,0.04167,-0.07133,-0.04085,0.99662
0.99740,-0.01295,0.07085,0.01001,0.99908,0.04168,-0.07133,-0.04087,0.99662
0.99740,-0.01298,0.07085,0.01005,0.99908,0.04167,-0.07133,-0.04085,0.99662
0.99740,-0.01296,0.07088,0.01003,0.99908,0.04163,-0.07136,-0.04081,0.99662
0.99740,-0.01296,0.07088,0.01003,0.99908,0.04163,-0.07135,-0.04081,0.99662
0.99740,-0.01302,0.07086,0.01008,0.99908,0.04170,-0.07133,-0.04088,0.99661
0.99740,-0.01300,0.07087,0.01006,0.99908,0.04168,-0.07134,-0.04086,0.99661
0.99739,-0.01301,0.07096,0.01006,0.99908,0.04170,-0.07143,-0.04088,0.99661
0.99740,-0.01299,0.07091,0.01005,0.99908,0.04166,-0.07138,-0.04084,0.99661
0.99740,-0.01301,0.07090,0.01007,0.99908,0.04165,-0.07138,-0.04083,0.99661
0.99740,-0.01301,0.07083,0.01008,0.99908,0.04167,-0.07130,-0.04085,0.99662
0.99740,-0.01302,0.07084,0.01008,0.99908,0.04170,-0.07132,-0.04088,0.99662
0.99740,-0.01302,0.07083,0.01008,0.99908,0.04170,-0.07130,-0.04088,0.99662
0.99740,-0.01302,0.07086,0.01008,0.99908,0.04170,-0.07134,-0.04088,0.99661
0.99740,-0.01306,0.07088,0.01011,0.99908,0.04174,-0.07136,-0.04092,0.99661
0.99740,-0.01303,0.07088,0.01009,0.99908,0.04175,-0.07136,-0.04093,0.99661
0.99740,-0.01303,0.07088,0.01009,0.99908,0.04171,-0.07136,-0.04088,0.99661
0.99740,-0.01303,0.07084,0.01009,0.99908,0.04169,-0.07132,-0.04087,0.99662
0.99740,-0.01308,0.07084,0.01015,0.99908,0.04164,-0.07132,-0.04081,0.99662
0.99740,-0.01310,0.07081,0.01016,0.99908,0.04164,-0.07129,-0.04082,0.99662
0.99741,-0.01315,0.07072,0.01021,0.99908,0.04166,-0.07121,-0.04083,0.99663
0.99741,-0.01316,0.07075,0.01023,0.99908,0.04167,-0.07123,-0.04084,0.99662
0.99741,-0.01317,0.07074,0.01024,0.99908,0.04167,-0.07123,-0.04084,0.99662
0.99741,-0.01320,0.07074,0.01026,0.99907,0.04177,-0.07123,-0.04094,0.99662
0.99741,-0.01322,0.07075,0.01028,0.99907,0.04177,-0.07124,-0.04093,0.99662
0.99741,-0.01323,0.07073,0.01029,0.99907,0.04182,-0.07122,-0.04098,0.99662
0.99740,-0.01326,0.07077,0.01032,0.99907,0.04178,-0.07126,-0.04094,0.99662
0.99740,-0.01328,0.07083,0.01034,0.99908,0.04173,-0.07132,-0.04089,0.99661
0.99740,-0.01331,0.07084,0.01037,0.99907,0.04174,-0.07133,-0.04089,0.99661
0.99740,-0.01336,0.07083,0.01041,0.99907,0.04175,-0.07132,-0.04090,0.99661
0.99740,-0.01339,0.07080,0.01045,0.99907,0.04176,-0.07129,-0.04091,0.99662
0.99740,-0.01340,0.07079,0.01046,0.99907,0.04174,-0.07128,-0.04090,0.99662
0.99740,-0.01341,0.07079,0.01047,0.99907,0.04175,-0.07129,-0.04090,0.99662
0.99740,-0.01343,0.07073,0.01049,0.99907,0.04173,-0.07123,-0.04088,0.99662
0.99741,-0.01346,0.07072,0.01052,0.99907,0.04173,-0.07122,-0.04087,0.99662
0.99740,-0.01345,0.07075,0.01051,0.99908,0.04169,-0.07124,-0.04083,0.99662
0.99741,-0.01347,0.07071,0.01054,0.99908,0.04167,-0.07120,-0.04082,0.99663
0.99741,-0.01350,0.07064,0.01057,0.99908,0.04168,-0.07114,-0.04083,0.99663
0.99741,-0.01351,0.07065,0.01058,0.99908,0.04164,-0.07115,-0.04079,0.99663
0.99742,-0.01356,0.07055,0.01063,0.99908,0.04162,-0.07104,-0.04077,0.99664
0.99742,-0.01358,0.07052,0.01067,0.99908,0.04158,-0.07102,-0.04072,0.99664
0.99742,-0.01358,0.07048,0.01066,0.99908,0.04161,-0.07098,-0.04076,0.99664
0.99742,-0.01363,0.07050,0.01071,0.99908,0.04163,-0.07100,-0.04076,0.99664
0.99742,-0.01365,0.07051,0.01073,0.99908,0.04161,-0.07101,-0.04075,0.99664
0.99742,-0.01365,0.07051,0.01073,0.99908,0.04158,-0.07101,-0.04072,0.99664
0.99742,-0.01364,0.07052,0.01072,0.99908,0.04153,-0.07102,-0.04066,0.99665
0.99742,-0.01367,0.07051,0.01076,0.99908,0.04150,-0.07101,-0.04064,0.99665
0.99742,-0.01373,0.07051,0.01082,0.99908,0.04151,-0.07102,-0.04064,0.99665
0.99741,-0.01374,0.07053,0.01083,0.99908,0.04147,-0.07104,-0.04060,0.99665
0.99742,-0.01373,0.07052,0.01082,0.99908,0.04147,-0.07102,-0.04060,0.99665
0.99741,-0.01376,0.07055,0.01086,0.99908,0.04142,-0.07106,-0.04055,0.99665
0.99742,-0.01381,0.07047,0.01090,0.99908,0.04150,-0.07098,-0.04062,0.99665
0.99742,-0.01385,0.07050,0.01094,0.99908,0.04151,-0.07101,-0.04063,0.99665
0.99742,-0.01383,0.07049,0.01092,0.99908,0.04152,-0.07100,-0.04065,0.99665
0.99742,-0.01383,0.07049,0.01092,0.99908,0.04150,-0.07100,-0.04062,0.99665
0.99741,-0.01384,0.07051,0.01093,0.99908,0.04158,-0.07102,-0.04070,0.99664
0.99742,-0.01385,0.07051,0.01093,0.99908,0.04157,-0.07102,-0.04069,0.99664
0.99742,-0.01383,0.07049,0.01092,0.99908,0.04157,-0.07100,-0.04070,0.99665
0.99742,-0.01388,0.07049,0.01096,0.99907,0.04159,-0.07100,-0.04071,0.99665
0.99741,-0.01388,0.07051,0.01096,0.99907,0.04158,-0.07102,-0.04070,0.99664
0.99742,-0.01390,0.07049,0.01099,0.99908,0.04156,-0.07101,-0.04068,0.99665
0.99742,-0.01392,0.07046,0.01101,0.99908,0.04156,-0.07097,-0.04068,0.99665
0.99742,-0.01392,0.07046,0.01102,0.99908,0.04149,-0.07097,-0.04061,0.99665
0.99742,-0.01393,0.07042,0.01102,0.99907,0.04157,-0.07093,-0.04069,0.99665
0.99742,-0.01395,0.07046,0.01104,0.99907,0.04157,-0.07097,-0.04068,0.99665
0.99742,-0.01396,0.07046,0.01104,0.99907,0.04163,-0.07098,-0.04074,0.99665
0.99742,-0.01395,0.07043,0.01104,0.99907,0.04162,-0.07094,-0.04074,0.99665
0.99742,-0.01400,0.07046,0.01108,0.99907,0.04166,-0.07097,-0.04077,0.99664
0.99742,-0.01402,0.07041,0.01110,0.99907,0.04167,-0.07093,-0.04078,0.99665
0.99742,-0.01406,0.07039,0.01115,0.99907,0.04165,-0.07091,-0.04076,0.99665
0.99742,-0.01408,0.07042,0.01117,0.99907,0.04158,-0.07094,-0.04069,0.99665
0.99742,-0.01410,0.07044,0.01119,0.99907,0.04156,-0.07096,-0.04066,0.99665
0.99741,-0.01413,0.07048,0.01121,0.99907,0.04158,-0.07100,-0.04069,0.99665
0.99741,-0.01418,0.07046,0.01127,0.99907,0.04156,-0.07098,-0.04066,0.99665
0.99741,-0.01419,0.07050,0.01127,0.99907,0.04158,-0.07103,-0.04067,0.99664
0.99741,-0.01421,0.07050,0.01129,0.99907,0.04161,-0.07102,-0.04071,0.99664
0.99741,-0.01422,0.07049,0.01130,0.99907,0.04158,-0.07102,-0.04068,0.99665
0.99741,-0.01421,0.07049,0.01130,0.99907,0.04158,-0.07102,-0.04068,0.99665
