0.41441,-0.91005,-0.00817,0.90713,0.41233,0.08421,-0.07326,-0.04231,0.99641
0.41391,-0.91032,0.00031,0.90707,0.41246,0.08421,-0.07678,-0.03457,0.99645
0.41406,-0.91023,0.00666,0.90679,0.41311,0.08413,-0.07932,-0.02879,0.99643
0.41425,-0.91008,0.01244,0.90649,0.41377,0.08415,-0.08173,-0.02358,0.99638
0.41400,-0.91009,0.01823,0.90638,0.41400,0.08415,-0.08413,-0.01831,0.99629
0.41329,-0.91022,0.02633,0.90639,0.41399,0.08413,-0.08748,-0.01090,0.99611
0.41258,-0.91028,0.03418,0.90639,0.41397,0.08413,-0.09073,-0.00373,0.99587
0.41147,-0.91048,0.04144,0.90659,0.41355,0.08416,-0.09377,0.00294,0.99559
0.41122,-0.91037,0.04608,0.90650,0.41373,0.08417,-0.09569,0.00715,0.99539
0.41104,-0.91023,0.05029,0.90640,0.41396,0.08417,-0.09744,0.01098,0.99518
0.41211,-0.90958,0.05317,0.90579,0.41531,0.08407,-0.09855,0.01351,0.99504
0.41310,-0.90887,0.05755,0.90514,0.41673,0.08398,-0.10031,0.01739,0.99480
0.41367,-0.90834,0.06151,0.90470,0.41770,0.08393,-0.10193,0.02093,0.99457
0.41392,-0.90811,0.06328,0.90451,0.41813,0.08389,-0.10264,0.02252,0.99446
0.41388,-0.90801,0.06492,0.90445,0.41825,0.08388,-0.10332,0.02400,0.99436
0.41301,-0.90836,0.06556,0.90481,0.41746,0.08397,-0.10364,0.02464,0.99431
0.41178,-0.90876,0.06775,0.90526,0.41646,0.08404,-0.10459,0.02673,0.99416
0.41021,-0.90920,0.07130,0.90580,0.41527,0.08415,-0.10612,0.03006,0.99390
0.41001,-0.90922,0.07213,0.90585,0.41516,0.08416,-0.10647,0.03083,0.99384
0.41139,-0.90855,0.07278,0.90519,0.41660,0.08406,-0.10669,0.03130,0.99380
0.41424,-0.90721,0.07333,0.90387,0.41950,0.08387,-0.10685,0.03154,0.99378
0.41512,-0.90682,0.07315,0.90348,0.42036,0.08382,-0.10675,0.03129,0.99379
0.41589,-0.90648,0.07298,0.90314,0.42110,0.08374,-0.10664,0.03108,0.99381
0.41607,-0.90621,0.07535,0.90294,0.42153,0.08373,-0.10764,0.03320,0.99364
0.41624,-0.90594,0.07759,0.90275,0.42195,0.08372,-0.10858,0.03520,0.99346
0.41568,-0.90610,0.07866,0.90296,0.42150,0.08371,-0.10901,0.03623,0.99338
0.41530,-0.90628,0.07859,0.90313,0.42112,0.08374,-0.10899,0.03620,0.99338
0.41493,-0.90646,0.07856,0.90330,0.42075,0.08376,-0.10898,0.03621,0.99338
0.41675,-0.90565,0.07817,0.90249,0.42251,0.08360,-0.10874,0.03571,0.99343
0.41728,-0.90519,0.08071,0.90213,0.42332,0.08350,-0.10975,0.03796,0.99323
0.41776,-0.90476,0.08301,0.90179,0.42405,0.08342,-0.11067,0.04001,0.99305
0.41699,-0.90532,0.08074,0.90226,0.42303,0.08353,-0.10977,0.03802,0.99323
0.41614,-0.90589,0.07870,0.90275,0.42196,0.08362,-0.10896,0.03625,0.99339
0.41757,-0.90523,0.07869,0.90209,0.42338,0.08352,-0.10892,0.03611,0.99339
0.41728,-0.90506,0.08207,0.90205,0.42347,0.08355,-0.11037,0.03917,0.99312
0.41704,-0.90490,0.08510,0.90201,0.42356,0.08354,-0.11164,0.04192,0.99286
0.41764,-0.90463,0.08497,0.90173,0.42414,0.08353,-0.11161,0.04173,0.99288
0.41826,-0.90449,0.08336,0.90152,0.42459,0.08353,-0.11095,0.04022,0.99301
0.41880,-0.90438,0.08186,0.90135,0.42496,0.08349,-0.11029,0.03882,0.99314
0.41878,-0.90403,0.08570,0.90117,0.42537,0.08345,-0.11189,0.04229,0.99282
0.41879,-0.90369,0.08926,0.90098,0.42577,0.08341,-0.11338,0.04549,0.99251
0.41937,-0.90335,0.08990,0.90068,0.42642,0.08335,-0.11362,0.04601,0.99246
0.42200,-0.90178,0.09333,0.89927,0.42943,0.08308,-0.11500,0.04887,0.99216
0.42437,-0.90035,0.09630,0.89801,0.43212,0.08280,-0.11617,0.05134,0.99190
0.42545,-0.89982,0.09648,0.89749,0.43321,0.08268,-0.11619,0.05142,0.99190
0.42639,-0.89927,0.09747,0.89699,0.43426,0.08259,-0.11660,0.05222,0.99181
0.42548,-0.89962,0.09825,0.89737,0.43346,0.08274,-0.11702,0.05296,0.99172
0.42474,-0.89986,0.09919,0.89767,0.43283,0.08277,-0.11741,0.05388,0.99162
0.42417,-0.90002,0.10025,0.89788,0.43238,0.08282,-0.11788,0.05488,0.99151
0.42313,-0.90058,0.09958,0.89839,0.43128,0.08302,-0.11771,0.05433,0.99156
0.42304,-0.90014,0.10387,0.89819,0.43170,0.08299,-0.11954,0.05819,0.99112
0.42297,-0.89972,0.10772,0.89800,0.43209,0.08297,-0.12119,0.06164,0.99071
0.42360,-0.89967,0.10559,0.89783,0.43246,0.08293,-0.12028,0.05967,0.99095
0.42415,-0.89953,0.10456,0.89763,0.43289,0.08286,-0.11980,0.05871,0.99106
0.42231,-0.90054,0.10333,0.89855,0.43092,0.08316,-0.11942,0.05773,0.99116
0.42259,-0.90012,0.10582,0.89828,0.43149,0.08310,-0.12046,0.05994,0.99091
0.42286,-0.89974,0.10794,0.89803,0.43202,0.08307,-0.12138,0.06181,0.99068
0.42178,-0.90059,0.10506,0.89869,0.43061,0.08326,-0.12023,0.05930,0.99097
0.42203,-0.90074,0.10276,0.89871,0.43057,0.08328,-0.11925,0.05720,0.99121
0.42221,-0.90088,0.10071,0.89873,0.43052,0.08331,-0.11841,0.05533,0.99142
0.42110,-0.90149,0.09992,0.89929,0.42932,0.08347,-0.11815,0.05471,0.99149
0.42030,-0.90186,0.10004,0.89965,0.42854,0.08355,-0.11822,0.05488,0.99147
0.41974,-0.90202,0.10090,0.89986,0.42809,0.08361,-0.11861,0.05570,0.99138
0.41891,-0.90238,0.10113,0.90023,0.42729,0.08369,-0.11873,0.05598,0.99135
0.41835,-0.90262,0.10132,0.90048,0.42676,0.08376,-0.11884,0.05620,0.99132
0.41717,-0.90322,0.10077,0.90105,0.42553,0.08391,-0.11867,0.05580,0.99136
0.41710,-0.90351,0.09846,0.90120,0.42519,0.08398,-0.11774,0.05370,0.99159
0.41800,-0.90352,0.09447,0.90101,0.42561,0.08392,-0.11603,0.05004,0.99198
0.41888,-0.90322,0.09349,0.90066,0.42636,0.08382,-0.11557,0.04909,0.99209
0.41968,-0.90295,0.09245,0.90034,0.42705,0.08376,-0.11511,0.04808,0.99219
0.41910,-0.90331,0.09153,0.90065,0.42636,0.08388,-0.11479,0.04728,0.99226
0.41860,-0.90368,0.09019,0.90095,0.42572,0.08400,-0.11430,0.04609,0.99238
0.41806,-0.90407,0.08876,0.90128,0.42502,0.08404,-0.11371,0.04486,0.99250
0.41807,-0.90397,0.08975,0.90122,0.42514,0.08403,-0.11412,0.04575,0.99241
0.41831,-0.90382,0.09018,0.90108,0.42543,0.08402,-0.11430,0.04611,0.99238
0.41881,-0.90359,0.09016,0.90085,0.42592,0.08399,-0.11429,0.04605,0.99238
0.41877,-0.90355,0.09072,0.90084,0.42595,0.08400,-0.11454,0.04655,0.99233
0.41870,-0.90354,0.09120,0.90085,0.42593,0.08402,-0.11476,0.04698,0.99228
0.41963,-0.90301,0.09210,0.90037,0.42696,0.08390,-0.11508,0.04772,0.99221
0.41972,-0.90308,0.09095,0.90039,0.42692,0.08389,-0.11459,0.04668,0.99232
0.41906,-0.90369,0.08792,0.90086,0.42591,0.08401,-0.11336,0.04400,0.99258
0.41834,-0.90412,0.08689,0.90123,0.42509,0.08416,-0.11303,0.04310,0.99266
0.41768,-0.90443,0.08686,0.90153,0.42443,0.08424,-0.11305,0.04312,0.99265
0.41703,-0.90468,0.08742,0.90180,0.42384,0.08429,-0.11331,0.04368,0.99260
0.41623,-0.90490,0.08888,0.90209,0.42322,0.08434,-0.11393,0.04507,0.99247
0.41538,-0.90508,0.09105,0.90237,0.42262,0.08441,-0.11488,0.04710,0.99226
0.41655,-0.90449,0.09153,0.90181,0.42384,0.08430,-0.11505,0.04743,0.99223
0.41659,-0.90445,0.09174,0.90177,0.42391,0.08434,-0.11517,0.04760,0.99220
0.41556,-0.90492,0.09180,0.90224,0.42289,0.08445,-0.11524,0.04774,0.99219
0.41485,-0.90528,0.09146,0.90258,0.42215,0.08451,-0.11511,0.04749,0.99222
0.41584,-0.90486,0.09113,0.90215,0.42309,0.08441,-0.11494,0.04711,0.99225
0.41682,-0.90459,0.08931,0.90179,0.42386,0.08434,-0.11415,0.04538,0.99243
0.41650,-0.90482,0.08841,0.90199,0.42344,0.08437,-0.11378,0.04461,0.99250
0.41502,-0.90551,0.08835,0.90266,0.42197,0.08454,-0.11383,0.04466,0.99250
0.41619,-0.90520,0.08596,0.90225,0.42286,0.08446,-0.11280,0.04240,0.99271
0.41714,-0.90481,0.08547,0.90184,0.42374,0.08442,-0.11260,0.04187,0.99276
0.41649,-0.90514,0.08519,0.90215,0.42307,0.08449,-0.11252,0.04167,0.99278
0.41659,-0.90495,0.08676,0.90202,0.42334,0.08449,-0.11319,0.04306,0.99264
0.41669,-0.90476,0.08821,0.90190,0.42361,0.08451,-0.11383,0.04434,0.99251
0.41868,-0.90345,0.09212,0.90078,0.42603,0.08424,-0.11535,0.04772,0.99218
0.41739,-0.90402,0.09238,0.90135,0.42478,0.08438,-0.11553,0.04805,0.99214
0.41623,-0.90453,0.09264,0.90187,0.42366,0.08454,-0.11572,0.04836,0.99210
0.41698,-0.90375,0.09677,0.90131,0.42488,0.08440,-0.11739,0.05203,0.99172
0.41763,-0.90304,0.10050,0.90080,0.42597,0.08427,-0.11891,0.05534,0.99136
0.41705,-0.90316,0.10188,0.90099,0.42556,0.08433,-0.11952,0.05662,0.99122
0.41553,-0.90367,0.10350,0.90160,0.42425,0.08447,-0.12025,0.05822,0.99104
0.41416,-0.90422,0.10421,0.90218,0.42298,0.08459,-0.12057,0.05898,0.99095
0.41545,-0.90356,0.10479,0.90156,0.42433,0.08446,-0.12078,0.05938,0.99090
0.41599,-0.90335,0.10450,0.90133,0.42483,0.08443,-0.12066,0.05907,0.99093
0.41648,-0.90315,0.10424,0.90111,0.42529,0.08441,-0.12057,0.05878,0.99096
0.41776,-0.90270,0.10301,0.90059,0.42641,0.08431,-0.12003,0.05754,0.99110
0.41892,-0.90253,0.09973,0.90024,0.42716,0.08423,-0.11862,0.05449,0.99144
0.41994,-0.90238,0.09676,0.89994,0.42782,0.08417,-0.11735,0.05173,0.99174
0.42000,-0.90280,0.09244,0.90013,0.42738,0.08427,-0.11559,0.04782,0.99215
0.42004,-0.90318,0.08851,0.90033,0.42697,0.08430,-0.11393,0.04428,0.99250
0.41868,-0.90377,0.08893,0.90092,0.42568,0.08447,-0.11420,0.04476,0.99245
0.41743,-0.90431,0.08929,0.90148,0.42447,0.08458,-0.11439,0.04518,0.99241
0.41746,-0.90429,0.08937,0.90146,0.42451,0.08457,-0.11441,0.04526,0.99240
0.41864,-0.90422,0.08435,0.90118,0.42512,0.08453,-0.11230,0.04062,0.99284
0.41998,-0.90381,0.08217,0.90068,0.42620,0.08442,-0.11132,0.03855,0.99304
0.42002,-0.90374,0.08268,0.90063,0.42630,0.08444,-0.11156,0.03900,0.99299
0.42006,-0.90362,0.08375,0.90056,0.42646,0.08440,-0.11198,0.03997,0.99291
0.41874,-0.90417,0.08451,0.90113,0.42523,0.08451,-0.11234,0.04076,0.99283
0.41747,-0.90484,0.08352,0.90176,0.42387,0.08466,-0.11200,0.03997,0.99290
0.41691,-0.90502,0.08440,0.90197,0.42341,0.08474,-0.11242,0.04080,0.99282
0.41697,-0.90474,0.08703,0.90180,0.42377,0.08471,-0.11353,0.04316,0.99260
0.41730,-0.90447,0.08826,0.90158,0.42424,0.08467,-0.11403,0.04424,0.99249
0.41759,-0.90423,0.08933,0.90139,0.42464,0.08467,-0.11450,0.04516,0.99240
0.41784,-0.90394,0.09112,0.90118,0.42510,0.08463,-0.11524,0.04675,0.99224
0.41727,-0.90416,0.09155,0.90142,0.42458,0.08468,-0.11543,0.04719,0.99219
0.41592,-0.90486,0.09077,0.90208,0.42315,0.08481,-0.11515,0.04661,0.99225
0.41755,-0.90391,0.09271,0.90123,0.42499,0.08463,-0.11590,0.04822,0.99209
0.41869,-0.90306,0.09577,0.90054,0.42649,0.08453,-0.11718,0.05085,0.99181
0.41934,-0.90234,0.09966,0.90003,0.42758,0.08441,-0.11878,0.05430,0.99143
0.41953,-0.90193,0.10258,0.89978,0.42812,0.08434,-0.11999,0.05692,0.99114
0.41933,-0.90178,0.10466,0.89975,0.42818,0.08434,-0.12087,0.05881,0.99093
0.41911,-0.90188,0.10468,0.89985,0.42796,0.08436,-0.12089,0.05884,0.99092
0.41847,-0.90210,0.10537,0.90011,0.42741,0.08444,-0.12121,0.05951,0.99084
0.41745,-0.90240,0.10682,0.90049,0.42658,0.08452,-0.12184,0.06091,0.99068
0.41736,-0.90235,0.10760,0.90049,0.42658,0.08453,-0.12217,0.06162,0.99059
0.41723,-0.90232,0.10830,0.90051,0.42654,0.08453,-0.12247,0.06226,0.99052
0.41684,-0.90248,0.10856,0.90068,0.42618,0.08456,-0.12258,0.06253,0.99049
0.41585,-0.90297,0.10823,0.90115,0.42516,0.08470,-0.12250,0.06231,0.99051
0.41438,-0.90375,0.10736,0.90187,0.42360,0.08485,-0.12216,0.06166,0.99059
0.41393,-0.90392,0.10763,0.90206,0.42319,0.08488,-0.12227,0.06195,0.99056
0.41361,-0.90414,0.10699,0.90224,0.42279,0.08490,-0.12200,0.06142,0.99063
0.41347,-0.90437,0.10562,0.90238,0.42248,0.08494,-0.12144,0.06019,0.99077
0.41277,-0.90471,0.10551,0.90272,0.42177,0.08496,-0.12137,0.06018,0.99078
0.41244,-0.90487,0.10537,0.90287,0.42143,0.08503,-0.12134,0.06007,0.99079
0.41355,-0.90435,0.10545,0.90236,0.42254,0.08487,-0.12131,0.06005,0.99080
0.41427,-0.90404,0.10532,0.90205,0.42324,0.08477,-0.12121,0.05988,0.99082
0.41467,-0.90388,0.10510,0.90188,0.42360,0.08472,-0.12110,0.05966,0.99085
0.41632,-0.90278,0.10805,0.90096,0.42559,0.08449,-0.12226,0.06217,0.99055
0.41779,-0.90177,0.11073,0.90014,0.42738,0.08424,-0.12329,0.06448,0.99027
0.41861,-0.90121,0.11223,0.89967,0.42838,0.08415,-0.12391,0.06574,0.99011
0.41899,-0.90082,0.11386,0.89940,0.42896,0.08411,-0.12461,0.06717,0.98993
0.41903,-0.90058,0.11561,0.89928,0.42922,0.08409,-0.12535,0.06873,0.98973
0.42022,-0.90018,0.11440,0.89880,0.43024,0.08391,-0.12475,0.06756,0.98988
0.42025,-0.90015,0.11457,0.89878,0.43029,0.08392,-0.12484,0.06771,0.98986
0.42040,-0.90006,0.11471,0.89870,0.43046,0.08393,-0.12492,0.06780,0.98985
0.42140,-0.89989,0.11232,0.89837,0.43116,0.08386,-0.12390,0.06556,0.99013
0.42228,-0.89963,0.11111,0.89803,0.43188,0.08380,-0.12337,0.06440,0.99027
0.42211,-0.89986,0.10991,0.89818,0.43157,0.08385,-0.12288,0.06333,0.99040
0.42233,-0.90013,0.10678,0.89825,0.43140,0.08388,-0.12157,0.06049,0.99074
0.42255,-0.90036,0.10395,0.89831,0.43128,0.08392,-0.12039,0.05792,0.99104
0.42306,-0.90019,0.10337,0.89810,0.43171,0.08387,-0.12012,0.05735,0.99110
0.42350,-0.90004,0.10282,0.89793,0.43208,0.08381,-0.11986,0.05683,0.99116
0.42242,-0.90034,0.10468,0.89833,0.43123,0.08392,-0.12070,0.05859,0.99096
0.42216,-0.90079,0.10181,0.89861,0.43063,0.08401,-0.11951,0.05602,0.99125
0.42157,-0.90134,0.09929,0.89902,0.42975,0.08412,-0.11849,0.05381,0.99150
0.42072,-0.90198,0.09709,0.89953,0.42865,0.08424,-0.11761,0.05190,0.99170
0.41980,-0.90216,0.09940,0.89983,0.42801,0.08431,-0.11860,0.05405,0.99147
0.41949,-0.90207,0.10152,0.89986,0.42796,0.08434,-0.11953,0.05597,0.99125
0.41796,-0.90233,0.10539,0.90034,0.42690,0.08451,-0.12125,0.05956,0.99083
0.41753,-0.90246,0.10602,0.90049,0.42656,0.08458,-0.12155,0.06016,0.99076
0.41810,-0.90245,0.10382,0.90036,0.42686,0.08454,-0.12061,0.05813,0.99100
0.41567,-0.90381,0.10170,0.90158,0.42420,0.08487,-0.11985,0.05641,0.99119
0.41344,-0.90504,0.09979,0.90270,0.42176,0.08513,-0.11914,0.05489,0.99136
0.41275,-0.90553,0.09826,0.90309,0.42089,0.08526,-0.11856,0.05355,0.99150
0.41139,-0.90622,0.09756,0.90375,0.41946,0.08543,-0.11834,0.05303,0.99156
0.40942,-0.90710,0.09766,0.90462,0.41752,0.08565,-0.11847,0.05328,0.99153
0.40920,-0.90723,0.09748,0.90474,0.41727,0.08565,-0.11838,0.05314,0.99155
0.40894,-0.90734,0.09751,0.90485,0.41702,0.08570,-0.11842,0.05319,0.99154
0.40794,-0.90779,0.09751,0.90529,0.41603,0.08579,-0.11845,0.05328,0.99153
0.40867,-0.90752,0.09689,0.90500,0.41669,0.08569,-0.11814,0.05267,0.99160
0.41094,-0.90662,0.09579,0.90405,0.41881,0.08544,-0.11757,0.05149,0.99173
0.40974,-0.90736,0.09380,0.90469,0.41739,0.08562,-0.11684,0.04978,0.99190
0.40938,-0.90759,0.09318,0.90488,0.41696,0.08566,-0.11660,0.04925,0.99196
0.40981,-0.90732,0.09397,0.90465,0.41747,0.08560,-0.11690,0.04993,0.99189
0.40934,-0.90772,0.09213,0.90496,0.41679,0.08568,-0.11617,0.04831,0.99205
0.40859,-0.90823,0.09041,0.90538,0.41585,0.08575,-0.11548,0.04682,0.99221
0.40976,-0.90792,0.08821,0.90497,0.41675,0.08565,-0.11453,0.04473,0.99241
0.41018,-0.90774,0.08813,0.90479,0.41716,0.08561,-0.11447,0.04463,0.99242
0.40996,-0.90765,0.09002,0.90479,0.41716,0.08561,-0.11526,0.04635,0.99225
0.41103,-0.90735,0.08818,0.90441,0.41800,0.08551,-0.11444,0.04460,0.99243
0.41192,-0.90690,0.08860,0.90398,0.41894,0.08543,-0.11460,0.04490,0.99240
0.41312,-0.90634,0.08882,0.90343,0.42016,0.08531,-0.11464,0.04500,0.99239
0.41398,-0.90585,0.08974,0.90299,0.42112,0.08524,-0.11500,0.04574,0.99231
0.41454,-0.90544,0.09129,0.90266,0.42185,0.08511,-0.11557,0.04712,0.99218
0.41670,-0.90456,0.09014,0.90174,0.42386,0.08490,-0.11501,0.04591,0.99230
0.41865,-0.90356,0.09119,0.90078,0.42592,0.08474,-0.11541,0.04666,0.99222
0.42041,-0.90263,0.09226,0.89992,0.42778,0.08457,-0.11580,0.04747,0.99214
0.42141,-0.90197,0.09414,0.89935,0.42900,0.08450,-0.11660,0.04906,0.99197
0.42213,-0.90145,0.09583,0.89891,0.42992,0.08441,-0.11729,0.05051,0.99181
0.42154,-0.90187,0.09448,0.89927,0.42917,0.08446,-0.11672,0.04936,0.99194
0.42362,-0.90108,0.09270,0.89840,0.43102,0.08424,-0.11587,0.04760,0.99212
0.42552,-0.90035,0.09112,0.89760,0.43273,0.08408,-0.11513,0.04601,0.99228
0.42649,-0.89991,0.09094,0.89716,0.43367,0.08395,-0.11498,0.04579,0.99231
0.42716,-0.89964,0.09052,0.89686,0.43428,0.08392,-0.11481,0.04534,0.99235
0.42775,-0.89939,0.09013,0.89660,0.43483,0.08390,-0.11465,0.04492,0.99239
0.42697,-0.89985,0.08928,0.89701,0.43395,0.08401,-0.11434,0.04422,0.99246
0.42693,-0.89997,0.08818,0.89708,0.43380,0.08403,-0.11388,0.04323,0.99255
0.42693,-0.90008,0.08715,0.89713,0.43368,0.08410,-0.11349,0.04228,0.99264
0.42507,-0.90111,0.08555,0.89809,0.43165,0.08430,-0.11289,0.04099,0.99276
0.42340,-0.90203,0.08412,0.89895,0.42983,0.08444,-0.11233,0.03987,0.99287
0.42324,-0.90207,0.08448,0.89901,0.42971,0.08449,-0.11252,0.04019,0.99284
0.42311,-0.90210,0.08485,0.89905,0.42963,0.08445,-0.11263,0.04056,0.99281
0.42438,-0.90133,0.08667,0.89837,0.43109,0.08429,-0.11334,0.04209,0.99266
0.42390,-0.90165,0.08559,0.89865,0.43049,0.08431,-0.11286,0.04117,0.99276
0.42328,-0.90202,0.08478,0.89897,0.42979,0.08442,-0.11259,0.04048,0.99282
0.42206,-0.90264,0.08431,0.89957,0.42852,0.08456,-0.11246,0.04016,0.99284
0.42094,-0.90321,0.08385,0.90011,0.42735,0.08465,-0.11229,0.03985,0.99288
0.42044,-0.90369,0.08104,0.90049,0.42654,0.08469,-0.11110,0.03737,0.99311
0.42049,-0.90354,0.08245,0.90039,0.42675,0.08468,-0.11170,0.03863,0.99299
0.41994,-0.90374,0.08313,0.90062,0.42628,0.08470,-0.11199,0.03930,0.99293
0.41882,-0.90425,0.08319,0.90112,0.42518,0.08485,-0.11210,0.03943,0.99291
0.41979,-0.90358,0.08552,0.90056,0.42640,0.08470,-0.11300,0.04146,0.99273
0.42066,-0.90297,0.08763,0.90005,0.42751,0.08458,-0.11384,0.04329,0.99256
0.42089,-0.90293,0.08705,0.89997,0.42767,0.08456,-0.11358,0.04275,0.99261
0.42060,-0.90313,0.08632,0.90014,0.42730,0.08459,-0.11328,0.04212,0.99267
0.41983,-0.90358,0.08538,0.90055,0.42643,0.08467,-0.11292,0.04134,0.99274
0.42007,-0.90326,0.08752,0.90033,0.42690,0.08464,-0.11381,0.04324,0.99256
0.42059,-0.90301,0.08761,0.90008,0.42743,0.08457,-0.11381,0.04329,0.99256
0.42142,-0.90280,0.08579,0.89980,0.42804,0.08445,-0.11296,0.04160,0.99273
0.42121,-0.90288,0.08594,0.89989,0.42785,0.08447,-0.11303,0.04175,0.99271
0.42013,-0.90338,0.08601,0.90039,0.42679,0.08457,-0.11311,0.04191,0.99270
0.42029,-0.90320,0.08707,0.90026,0.42707,0.08457,-0.11357,0.04284,0.99261
0.42012,-0.90331,0.08675,0.90034,0.42687,0.08463,-0.11348,0.04255,0.99263
0.41972,-0.90364,0.08523,0.90061,0.42630,0.08470,-0.11287,0.04120,0.99275
0.41824,-0.90434,0.08513,0.90129,0.42482,0.08486,-0.11291,0.04124,0.99275
0.41690,-0.90496,0.08508,0.90191,0.42348,0.08500,-0.11295,0.04130,0.99274
0.41918,-0.90392,0.08497,0.90087,0.42573,0.08477,-0.11280,0.04102,0.99277
0.42102,-0.90313,0.08424,0.90006,0.42748,0.08457,-0.11239,0.04021,0.99285
0.42248,-0.90257,0.08289,0.89946,0.42877,0.08444,-0.11176,0.03888,0.99297
0.42099,-0.90351,0.08016,0.90028,0.42700,0.08463,-0.11069,0.03654,0.99318
0.42041,-0.90378,0.08022,0.90055,0.42643,0.08466,-0.11072,0.03665,0.99318
0.42096,-0.90353,0.08015,0.90030,0.42696,0.08458,-0.11064,0.03655,0.99319
0.41995,-0.90405,0.07956,0.90081,0.42589,0.08462,-0.11038,0.03613,0.99323
0.41753,-0.90528,0.07830,0.90198,0.42335,0.08488,-0.10999,0.03519,0.99331
0.41920,-0.90459,0.07744,0.90126,0.42491,0.08474,-0.10956,0.03427,0.99339
0.42073,-0.90387,0.07751,0.90055,0.42644,0.08459,-0.10951,0.03422,0.99340
0.42213,-0.90321,0.07754,0.89990,0.42783,0.08453,-0.10952,0.03409,0.99340
0.42206,-0.90343,0.07540,0.90004,0.42753,0.08458,-0.10865,0.03217,0.99356
0.42199,-0.90361,0.07355,0.90016,0.42726,0.08460,-0.10788,0.03051,0.99370
0.42033,-0.90434,0.07406,0.90091,0.42567,0.08469,-0.10811,0.03112,0.99365
0.42216,-0.90351,0.07385,0.90007,0.42747,0.08457,-0.10798,0.03077,0.99368
0.42375,-0.90278,0.07366,0.89933,0.42903,0.08446,-0.10785,0.03045,0.99370
0.42120,-0.90385,0.07512,0.90044,0.42665,0.08467,-0.10858,0.03198,0.99357
0.41895,-0.90494,0.07463,0.90151,0.42436,0.08485,-0.10846,0.03173,0.99359
0.41713,-0.90579,0.07442,0.90235,0.42253,0.08500,-0.10843,0.03169,0.99360
0.41768,-0.90544,0.07564,0.90203,0.42321,0.08501,-0.10898,0.03272,0.99351
0.41815,-0.90502,0.07798,0.90170,0.42394,0.08491,-0.10991,0.03481,0.99333
0.41861,-0.90462,0.08014,0.90139,0.42463,0.08479,-0.11073,0.03674,0.99317
0.41795,-0.90497,0.07964,0.90171,0.42391,0.08491,-0.11060,0.03632,0.99320
0.41571,-0.90582,0.08167,0.90263,0.42192,0.08513,-0.11157,0.03833,0.99302
0.41364,-0.90659,0.08362,0.90347,0.42008,0.08530,-0.11246,0.04027,0.99284
0.41353,-0.90673,0.08261,0.90357,0.41986,0.08534,-0.11207,0.03936,0.99292
0.41342,-0.90687,0.08169,0.90367,0.41965,0.08533,-0.11166,0.03854,0.99300
0.41326,-0.90681,0.08310,0.90367,0.41965,0.08533,-0.11225,0.03983,0.99288
0.41311,-0.90676,0.08440,0.90367,0.41964,0.08528,-0.11275,0.04104,0.99278
0.41252,-0.90693,0.08546,0.90389,0.41918,0.08533,-0.11321,0.04205,0.99268
0.41198,-0.90708,0.08642,0.90408,0.41875,0.08536,-0.11362,0.04297,0.99259
0.41233,-0.90666,0.08912,0.90379,0.41940,0.08523,-0.11465,0.04540,0.99237
0.41352,-0.90611,0.08924,0.90324,0.42060,0.08512,-0.11467,0.04541,0.99237
0.41358,-0.90606,0.08947,0.90321,0.42068,0.08509,-0.11473,0.04562,0.99235
0.41264,-0.90646,0.08978,0.90362,0.41978,0.08520,-0.11492,0.04597,0.99231
0.41146,-0.90700,0.08972,0.90414,0.41861,0.08537,-0.11499,0.04599,0.99230
0.41039,-0.90748,0.08974,0.90463,0.41755,0.08545,-0.11502,0.04611,0.99229
0.41269,-0.90629,0.09122,0.90352,0.42000,0.08518,-0.11551,0.04727,0.99218
0.41391,-0.90571,0.09148,0.90296,0.42123,0.08499,-0.11550,0.04742,0.99217
0.41404,-0.90575,0.09047,0.90295,0.42126,0.08501,-0.11510,0.04649,0.99227
0.41345,-0.90634,0.08725,0.90338,0.42030,0.08512,-0.11382,0.04363,0.99254
0.41297,-0.90683,0.08439,0.90375,0.41950,0.08519,-0.11265,0.04109,0.99278
0.41443,-0.90599,0.08619,0.90300,0.42115,0.08501,-0.11331,0.04260,0.99265
0.41583,-0.90507,0.08902,0.90222,0.42286,0.08482,-0.11441,0.04504,0.99241
0.41715,-0.90410,0.09269,0.90142,0.42459,0.08465,-0.11589,0.04824,0.99209
0.41639,-0.90448,0.09237,0.90178,0.42381,0.08476,-0.11581,0.04800,0.99211
0.41802,-0.90351,0.09446,0.90092,0.42566,0.08459,-0.11663,0.04974,0.99193
0.41948,-0.90264,0.09637,0.90015,0.42733,0.08438,-0.11735,0.05135,0.99176
0.42136,-0.90168,0.09708,0.89924,0.42928,0.08416,-0.11756,0.05183,0.99171
0.42345,-0.90063,0.09772,0.89824,0.43143,0.08393,-0.11775,0.05224,0.99167
0.42336,-0.90029,0.10122,0.89809,0.43175,0.08387,-0.11920,0.05540,0.99132
0.42246,-0.90057,0.10248,0.89843,0.43101,0.08396,-0.11978,0.05660,0.99119
0.42077,-0.90145,0.10173,0.89925,0.42925,0.08423,-0.11959,0.05604,0.99124
0.42063,-0.90118,0.10456,0.89915,0.42946,0.08421,-0.12079,0.05859,0.99095
0.41990,-0.90149,0.10487,0.89948,0.42876,0.08430,-0.12095,0.05893,0.99091
0.41861,-0.90232,0.10290,0.90018,0.42725,0.08447,-0.12019,0.05727,0.99110
0.41798,-0.90260,0.10299,0.90046,0.42664,0.08452,-0.12023,0.05741,0.99108
0.41799,-0.90258,0.10311,0.90046,0.42666,0.08449,-0.12025,0.05753,0.99107
0.41675,-0.90275,0.10662,0.90083,0.42585,0.08457,-0.12175,0.06080,0.99070
0.41652,-0.90281,0.10694,0.90091,0.42567,0.08461,-0.12190,0.06110,0.99066
0.41726,-0.90276,0.10447,0.90071,0.42610,0.08456,-0.12085,0.05881,0.99093
0.41659,-0.90323,0.10312,0.90110,0.42527,0.08465,-0.12032,0.05766,0.99106
0.41599,-0.90364,0.10186,0.90144,0.42453,0.08476,-0.11983,0.05656,0.99118
0.41585,-0.90379,0.10118,0.90154,0.42431,0.08478,-0.11955,0.05596,0.99125
0.41524,-0.90424,0.09963,0.90191,0.42351,0.08485,-0.11892,0.05462,0.99140
0.41419,-0.90498,0.09727,0.90251,0.42220,0.08502,-0.11800,0.05257,0.99162
0.41529,-0.90487,0.09356,0.90221,0.42285,0.08490,-0.11639,0.04915,0.99199
0.41636,-0.90430,0.09428,0.90168,0.42400,0.08482,-0.11668,0.04969,0.99193
0.41545,-0.90464,0.09502,0.90205,0.42318,0.08493,-0.11704,0.05043,0.99185
0.41535,-0.90476,0.09427,0.90214,0.42300,0.08495,-0.11673,0.04976,0.99192
0.41597,-0.90480,0.09116,0.90202,0.42326,0.08492,-0.11542,0.04690,0.99221
0.41684,-0.90467,0.08839,0.90177,0.42380,0.08486,-0.11423,0.04433,0.99247
0.41856,-0.90378,0.08938,0.90094,0.42561,0.08466,-0.11455,0.04509,0.99239
0.42009,-0.90298,0.09028,0.90018,0.42724,0.08451,-0.11488,0.04576,0.99232
0.42118,-0.90257,0.08930,0.89973,0.42820,0.08441,-0.11442,0.04479,0.99242
0.42459,-0.90104,0.08860,0.89818,0.43151,0.08403,-0.11394,0.04390,0.99252
0.42773,-0.89961,0.08802,0.89674,0.43456,0.08373,-0.11357,0.04312,0.99259
0.42636,-0.90023,0.08830,0.89737,0.43323,0.08386,-0.11375,0.04348,0.99256
0.42512,-0.90079,0.08859,0.89794,0.43203,0.08399,-0.11393,0.04385,0.99252
0.42510,-0.90069,0.08973,0.89788,0.43214,0.08400,-0.11443,0.04486,0.99242
0.42476,-0.90101,0.08809,0.89813,0.43162,0.08407,-0.11377,0.04341,0.99256
0.42444,-0.90130,0.08665,0.89836,0.43114,0.08408,-0.11314,0.04215,0.99268
0.42228,-0.90224,0.08747,0.89932,0.42909,0.08429,-0.11358,0.04307,0.99259
0.42027,-0.90310,0.08820,0.90022,0.42718,0.08445,-0.11394,0.04391,0.99252
0.42017,-0.90327,0.08697,0.90033,0.42693,0.08445,-0.11341,0.04282,0.99262
0.41855,-0.90404,0.08672,0.90109,0.42530,0.08459,-0.11336,0.04274,0.99264
0.41709,-0.90475,0.08646,0.90178,0.42381,0.08475,-0.11332,0.04262,0.99264
0.41709,-0.90499,0.08384,0.90191,0.42352,0.08477,-0.11223,0.04026,0.99287
0.41951,-0.90372,0.08549,0.90071,0.42611,0.08452,-0.11281,0.04154,0.99275
0.42170,-0.90255,0.08700,0.89962,0.42846,0.08430,-0.11336,0.04271,0.99264
0.42283,-0.90206,0.08661,0.89912,0.42953,0.08418,-0.11314,0.04228,0.99268
0.42325,-0.90190,0.08621,0.89894,0.42990,0.08422,-0.11302,0.04185,0.99271
0.42312,-0.90200,0.08581,0.89902,0.42973,0.08423,-0.11285,0.04150,0.99274
0.42236,-0.90255,0.08381,0.89948,0.42875,0.08434,-0.11206,0.03976,0.99291
0.42167,-0.90304,0.08201,0.89989,0.42787,0.08446,-0.11136,0.03818,0.99305
0.42233,-0.90266,0.08266,0.89955,0.42860,0.08435,-0.11157,0.03873,0.99300
0.42293,-0.90231,0.08346,0.89923,0.42929,0.08426,-0.11186,0.03942,0.99294
0.42042,-0.90337,0.08464,0.90034,0.42692,0.08446,-0.11244,0.04070,0.99283
0.42005,-0.90363,0.08369,0.90056,0.42644,0.08451,-0.11205,0.03987,0.99290
0.41969,-0.90388,0.08280,0.90077,0.42599,0.08450,-0.11165,0.03911,0.99298
0.42003,-0.90374,0.08265,0.90063,0.42630,0.08447,-0.11157,0.03895,0.99299
0.41970,-0.90394,0.08211,0.90081,0.42592,0.08448,-0.11134,0.03851,0.99304
0.41937,-0.90414,0.08157,0.90099,0.42553,0.08452,-0.11113,0.03805,0.99308
0.41888,-0.90439,0.08142,0.90123,0.42502,0.08452,-0.11104,0.03798,0.99309
0.41841,-0.90462,0.08126,0.90145,0.42454,0.08459,-0.11102,0.03786,0.99310
0.41799,-0.90441,0.08563,0.90142,0.42461,0.08457,-0.11284,0.04184,0.99273
0.41684,-0.90505,0.08444,0.90201,0.42334,0.08464,-0.11235,0.04088,0.99283
0.41575,-0.90560,0.08384,0.90254,0.42219,0.08475,-0.11215,0.04044,0.99287
0.41445,-0.90622,0.08363,0.90314,0.42088,0.08489,-0.11212,0.04035,0.99287
0.41329,-0.90677,0.08340,0.90368,0.41970,0.08499,-0.11207,0.04024,0.99288
0.41465,-0.90631,0.08169,0.90315,0.42085,0.08488,-0.11131,0.03858,0.99304
0.41405,-0.90640,0.08372,0.90332,0.42049,0.08493,-0.11218,0.04046,0.99286
0.41350,-0.90648,0.08553,0.90347,0.42014,0.08499,-0.11297,0.04213,0.99270
0.41572,-0.90518,0.08840,0.90230,0.42268,0.08478,-0.11411,0.04452,0.99247
0.41698,-0.90440,0.09045,0.90162,0.42416,0.08464,-0.11491,0.04626,0.99230
0.41811,-0.90369,0.09231,0.90101,0.42550,0.08448,-0.11562,0.04785,0.99214
0.41662,-0.90404,0.09557,0.90151,0.42441,0.08464,-0.11708,0.05090,0.99182
0.41526,-0.90434,0.09860,0.90196,0.42341,0.08478,-0.11842,0.05373,0.99151
0.41321,-0.90507,0.10050,0.90279,0.42160,0.08497,-0.11928,0.05562,0.99130
0.41390,-0.90476,0.10045,0.90248,0.42229,0.08491,-0.11924,0.05551,0.99131
0.41474,-0.90422,0.10183,0.90202,0.42328,0.08480,-0.11978,0.05668,0.99118
0.41462,-0.90397,0.10457,0.90193,0.42349,0.08479,-0.12093,0.05916,0.99090
0.41448,-0.90387,0.10595,0.90191,0.42352,0.08478,-0.12150,0.06042,0.99075
0.41438,-0.90376,0.10724,0.90188,0.42358,0.08480,-0.12206,0.06158,0.99061
0.41028,-0.90579,0.10592,0.90381,0.41936,0.08528,-0.12166,0.06074,0.99071
0.40741,-0.90694,0.10710,0.90502,0.41666,0.08561,-0.12227,0.06205,0.99056
0.40596,-0.90747,0.10812,0.90561,0.41535,0.08574,-0.12271,0.06310,0.99043
0.40783,-0.90672,0.10743,0.90482,0.41711,0.08555,-0.12238,0.06232,0.99053
0.40958,-0.90600,0.10680,0.90408,0.41877,0.08531,-0.12201,0.06161,0.99061
0.40987,-0.90583,0.10718,0.90393,0.41910,0.08529,-0.12217,0.06193,0.99057
0.41039,-0.90549,0.10805,0.90364,0.41972,0.08520,-0.12250,0.06267,0.99049
0.41116,-0.90499,0.10924,0.90323,0.42063,0.08511,-0.12297,0.06367,0.99037
0.41085,-0.90475,0.11240,0.90319,0.42072,0.08515,-0.12433,0.06653,0.99001
0.41063,-0.90443,0.11569,0.90310,0.42091,0.08509,-0.12566,0.06953,0.98963
0.41093,-0.90391,0.11864,0.90280,0.42158,0.08501,-0.12685,0.07218,0.98929
0.41108,-0.90374,0.11943,0.90269,0.42183,0.08493,-0.12714,0.07289,0.98920
0.41115,-0.90389,0.11808,0.90274,0.42173,0.08494,-0.12657,0.07168,0.98936
0.41203,-0.90364,0.11693,0.90240,0.42245,0.08490,-0.12611,0.07053,0.98951
0.41151,-0.90402,0.11582,0.90270,0.42180,0.08497,-0.12567,0.06959,0.98963
0.40966,-0.90500,0.11471,0.90360,0.41982,0.08519,-0.12525,0.06875,0.98974
0.40959,-0.90531,0.11252,0.90375,0.41948,0.08524,-0.12436,0.06678,0.98999
0.40952,-0.90558,0.11054,0.90389,0.41917,0.08528,-0.12356,0.06499,0.99021
0.40977,-0.90533,0.11163,0.90372,0.41955,0.08523,-0.12400,0.06595,0.99009
0.40909,-0.90552,0.11263,0.90397,0.41900,0.08531,-0.12444,0.06691,0.98997
0.40762,-0.90607,0.11347,0.90458,0.41765,0.08547,-0.12483,0.06780,0.98986
0.40810,-0.90591,0.11305,0.90439,0.41808,0.08542,-0.12464,0.06738,0.98991
0.40862,-0.90591,0.11118,0.90426,0.41836,0.08541,-0.12388,0.06563,0.99012
0.40847,-0.90620,0.10933,0.90444,0.41798,0.08540,-0.12308,0.06400,0.99033
0.41063,-0.90549,0.10709,0.90360,0.41984,0.08513,-0.12205,0.06181,0.99060
0.41257,-0.90485,0.10504,0.90284,0.42151,0.08493,-0.12112,0.05979,0.99084
0.41305,-0.90490,0.10266,0.90275,0.42170,0.08490,-0.12012,0.05761,0.99109
0.41527,-0.90376,0.10372,0.90168,0.42403,0.08465,-0.12048,0.05837,0.99100
0.41726,-0.90273,0.10476,0.90071,0.42613,0.08442,-0.12085,0.05913,0.99091
0.41664,-0.90310,0.10403,0.90104,0.42542,0.08451,-0.12058,0.05853,0.99098
0.41604,-0.90344,0.10342,0.90134,0.42476,0.08460,-0.12036,0.05802,0.99103
0.41693,-0.90319,0.10210,0.90101,0.42548,0.08452,-0.11978,0.05675,0.99118
0.41973,-0.90179,0.10298,0.89968,0.42836,0.08420,-0.12004,0.05731,0.99111
0.42226,-0.90051,0.10382,0.89846,0.43097,0.08392,-0.12032,0.05784,0.99105
0.42256,-0.90048,0.10285,0.89837,0.43116,0.08390,-0.11990,0.05695,0.99115
0.42287,-0.90052,0.10121,0.89832,0.43126,0.08389,-0.11920,0.05545,0.99132
0.42136,-0.90137,0.09994,0.89909,0.42962,0.08406,-0.11870,0.05444,0.99144
0.42102,-0.90160,0.09928,0.89929,0.42920,0.08407,-0.11841,0.05389,0.99150
0.42068,-0.90183,0.09867,0.89948,0.42879,0.08414,-0.11819,0.05335,0.99156
0.41872,-0.90262,0.09972,0.90033,0.42697,0.08432,-0.11869,0.05447,0.99144
0.41976,-0.90174,0.10330,0.89965,0.42843,0.08418,-0.12017,0.05760,0.99108
0.42070,-0.90092,0.10659,0.89902,0.42976,0.08404,-0.12151,0.06047,0.99075
0.42076,-0.90076,0.10771,0.89893,0.42996,0.08404,-0.12201,0.06146,0.99062
0.42082,-0.90061,0.10869,0.89885,0.43014,0.08400,-0.12240,0.06234,0.99052
0.41877,-0.90187,0.10608,0.89994,0.42779,0.08428,-0.12139,0.06017,0.99078
0.41883,-0.90166,0.10762,0.89983,0.42803,0.08425,-0.12203,0.06156,0.99062
0.41895,-0.90146,0.10881,0.89970,0.42830,0.08423,-0.12254,0.06261,0.99049
0.41825,-0.90168,0.10973,0.89997,0.42772,0.08432,-0.12296,0.06349,0.99038
0.41783,-0.90207,0.10810,0.90026,0.42710,0.08441,-0.12231,0.06205,0.99055
0.41715,-0.90257,0.10654,0.90066,0.42624,0.08450,-0.12168,0.06071,0.99071
0.41550,-0.90272,0.11165,0.90112,0.42523,0.08465,-0.12389,0.06544,0.99014
0.41646,-0.90211,0.11294,0.90061,0.42634,0.08449,-0.12437,0.06653,0.99000
0.41729,-0.90158,0.11411,0.90016,0.42731,0.08437,-0.12483,0.06751,0.98988
0.41647,-0.90175,0.11571,0.90044,0.42670,0.08445,-0.12553,0.06902,0.98969
0.41657,-0.90166,0.11614,0.90037,0.42685,0.08446,-0.12573,0.06938,0.98964
0.41665,-0.90158,0.11646,0.90031,0.42697,0.08444,-0.12585,0.06967,0.98960
0.41735,-0.90118,0.11700,0.89997,0.42773,0.08429,-0.12601,0.07011,0.98955
0.41798,-0.90083,0.11745,0.89965,0.42841,0.08422,-0.12619,0.07046,0.98950
0.41887,-0.90074,0.11495,0.89938,0.42898,0.08416,-0.12512,0.06813,0.98980
0.41967,-0.90090,0.11071,0.89926,0.42925,0.08413,-0.12332,0.06425,0.99029
0.42009,-0.90140,0.10485,0.89940,0.42895,0.08415,-0.12083,0.05895,0.99092
0.42037,-0.90150,0.10290,0.89939,0.42898,0.08412,-0.11998,0.05718,0.99113
0.42059,-0.90119,0.10467,0.89919,0.42942,0.08408,-0.12071,0.05875,0.99095
0.42086,-0.90111,0.10430,0.89908,0.42964,0.08401,-0.12052,0.05842,0.99099
0.42037,-0.90142,0.10358,0.89935,0.42907,0.08409,-0.12024,0.05780,0.99106
0.41922,-0.90208,0.10252,0.89994,0.42780,0.08427,-0.11987,0.05693,0.99116
0.41919,-0.90165,0.10632,0.89973,0.42824,0.08423,-0.12147,0.06035,0.99076
0.41920,-0.90124,0.10975,0.89954,0.42866,0.08418,-0.12291,0.06343,0.99039
0.41942,-0.90097,0.11105,0.89936,0.42904,0.08416,-0.12347,0.06458,0.99024
0.41993,-0.90071,0.11131,0.89911,0.42957,0.08409,-0.12356,0.06477,0.99022
0.42075,-0.90043,0.11045,0.89877,0.43029,0.08403,-0.12319,0.06391,0.99032
0.42283,-0.89912,0.11312,0.89766,0.43267,0.08366,-0.12416,0.06617,0.99005
0.42392,-0.89854,0.11369,0.89712,0.43382,0.08352,-0.12437,0.06659,0.99000
0.42493,-0.89799,0.11423,0.89662,0.43488,0.08338,-0.12455,0.06699,0.98995
0.42435,-0.89851,0.11232,0.89699,0.43408,0.08357,-0.12384,0.06529,0.99015
0.42224,-0.89972,0.11059,0.89808,0.43177,0.08384,-0.12318,0.06392,0.99032
0.42081,-0.90030,0.11128,0.89870,0.43045,0.08402,-0.12354,0.06466,0.99023
0.41975,-0.90058,0.11296,0.89908,0.42961,0.08416,-0.12433,0.06624,0.99003
0.41904,-0.90059,0.11554,0.89926,0.42923,0.08424,-0.12546,0.06860,0.98972
0.41909,-0.90042,0.11660,0.89917,0.42942,0.08422,-0.12590,0.06955,0.98960
0.41916,-0.90027,0.11759,0.89909,0.42960,0.08419,-0.12631,0.07044,0.98949
0.41944,-0.90051,0.11464,0.89912,0.42952,0.08421,-0.12507,0.06776,0.98983
0.41891,-0.90120,0.11111,0.89957,0.42855,0.08432,-0.12361,0.06463,0.99022
0.41759,-0.90230,0.10711,0.90041,0.42675,0.08455,-0.12200,0.06114,0.99065
0.41882,-0.90207,0.10416,0.90001,0.42762,0.08447,-0.12074,0.05837,0.99097
0.41853,-0.90226,0.10375,0.90016,0.42728,0.08453,-0.12060,0.05801,0.99100
0.41827,-0.90242,0.10340,0.90030,0.42698,0.08459,-0.12048,0.05771,0.99104
0.41619,-0.90339,0.10326,0.90126,0.42490,0.08481,-0.12049,0.05777,0.99103
0.41432,-0.90427,0.10311,0.90211,0.42303,0.08506,-0.12054,0.05777,0.99103
0.41233,-0.90512,0.10369,0.90298,0.42113,0.08529,-0.12087,0.05846,0.99095
0.41213,-0.90520,0.10373,0.90306,0.42094,0.08534,-0.12091,0.05851,0.99094
0.41360,-0.90458,0.10335,0.90243,0.42234,0.08517,-0.12069,0.05804,0.99099
0.41368,-0.90467,0.10219,0.90245,0.42228,0.08517,-0.12021,0.05699,0.99111
0.41488,-0.90439,0.09981,0.90203,0.42319,0.08511,-0.11921,0.05472,0.99136
0.41734,-0.90349,0.09760,0.90102,0.42538,0.08491,-0.11823,0.05251,0.99160
0.41811,-0.90335,0.09560,0.90078,0.42590,0.08487,-0.11738,0.05063,0.99180
0.41745,-0.90385,0.09379,0.90118,0.42503,0.08494,-0.11664,0.04906,0.99196
0.41804,-0.90362,0.09334,0.90093,0.42557,0.08493,-0.11646,0.04859,0.99201
0.41914,-0.90316,0.09286,0.90045,0.42661,0.08481,-0.11621,0.04807,0.99206
0.42015,-0.90274,0.09238,0.90001,0.42755,0.08470,-0.11596,0.04755,0.99211
0.41916,-0.90328,0.09159,0.90052,0.42647,0.08480,-0.11566,0.04694,0.99218
0.42002,-0.90297,0.09068,0.90017,0.42723,0.08471,-0.11524,0.04605,0.99227
0.42080,-0.90270,0.08981,0.89986,0.42789,0.08466,-0.11485,0.04520,0.99235
0.42099,-0.90292,0.08662,0.89993,0.42772,0.08469,-0.11352,0.04230,0.99263
0.42113,-0.90266,0.08866,0.89976,0.42810,0.08463,-0.11434,0.04413,0.99246
0.42121,-0.90243,0.09051,0.89962,0.42839,0.08463,-0.11515,0.04578,0.99229
0.42141,-0.90237,0.09021,0.89954,0.42855,0.08463,-0.11503,0.04548,0.99232
0.42153,-0.90233,0.09006,0.89950,0.42865,0.08463,-0.11497,0.04534,0.99233
0.42185,-0.90207,0.09122,0.89929,0.42910,0.08458,-0.11544,0.04636,0.99223
0.42213,-0.90183,0.09221,0.89910,0.42949,0.08455,-0.11585,0.04722,0.99214
0.42273,-0.90172,0.09051,0.89891,0.42990,0.08451,-0.11512,0.04563,0.99230
0.42233,-0.90149,0.09467,0.89887,0.42998,0.08454,-0.11691,0.04939,0.99191
0.42194,-0.90126,0.09846,0.89884,0.43005,0.08454,-0.11853,0.05283,0.99154
0.42238,-0.90115,0.09762,0.89868,0.43038,0.08451,-0.11817,0.05203,0.99163
0.42282,-0.90103,0.09683,0.89852,0.43072,0.08450,-0.11785,0.05127,0.99171
0.42134,-0.90177,0.09634,0.89924,0.42920,0.08463,-0.11767,0.05097,0.99174
0.41952,-0.90278,0.09483,0.90016,0.42722,0.08486,-0.11712,0.04977,0.99187
0.41785,-0.90370,0.09338,0.90101,0.42539,0.08501,-0.11655,0.04862,0.99199
0.41752,-0.90389,0.09303,0.90118,0.42502,0.08507,-0.11643,0.04832,0.99202
0.41746,-0.90372,0.09500,0.90110,0.42519,0.08506,-0.11726,0.05009,0.99184
0.41786,-0.90334,0.09679,0.90082,0.42580,0.08499,-0.11799,0.05168,0.99167
0.41832,-0.90322,0.09590,0.90065,0.42615,0.08495,-0.11760,0.05083,0.99176
0.41872,-0.90327,0.09369,0.90060,0.42628,0.08492,-0.11664,0.04882,0.99197
0.41914,-0.90341,0.09037,0.90058,0.42632,0.08492,-0.11525,0.04579,0.99228
0.42014,-0.90280,0.09188,0.90003,0.42748,0.08484,-0.11587,0.04705,0.99215
0.42099,-0.90225,0.09331,0.89956,0.42850,0.08471,-0.11641,0.04827,0.99203
0.42047,-0.90275,0.09079,0.89994,0.42769,0.08481,-0.11539,0.04605,0.99225
0.41951,-0.90332,0.08958,0.90045,0.42660,0.08493,-0.11494,0.04503,0.99235
0.41828,-0.90392,0.08933,0.90103,0.42534,0.08500,-0.11482,0.04494,0.99237
0.41848,-0.90395,0.08798,0.90101,0.42539,0.08495,-0.11422,0.04373,0.99249
0.41846,-0.90413,0.08620,0.90112,0.42517,0.08498,-0.11348,0.04211,0.99265
0.41836,-0.90439,0.08405,0.90128,0.42482,0.08501,-0.11258,0.04019,0.99283
0.41933,-0.90383,0.08522,0.90077,0.42592,0.08492,-0.11305,0.04115,0.99274
0.42148,-0.90271,0.08641,0.89971,0.42819,0.08472,-0.11348,0.04204,0.99265
0.42287,-0.90233,0.08349,0.89922,0.42924,0.08460,-0.11218,0.03930,0.99291
0.42363,-0.90209,0.08232,0.89893,0.42986,0.08451,-0.11162,0.03820,0.99302
0.42386,-0.90196,0.08253,0.89881,0.43011,0.08452,-0.11173,0.03835,0.99300
0.42272,-0.90272,0.08002,0.89947,0.42870,0.08464,-0.11071,0.03619,0.99319
0.42172,-0.90339,0.07769,0.90006,0.42745,0.08477,-0.10979,0.03418,0.99337
0.42337,-0.90257,0.07828,0.89926,0.42916,0.08460,-0.10995,0.03458,0.99334
0.42460,-0.90208,0.07727,0.89874,0.43027,0.08449,-0.10946,0.03358,0.99342
0.42549,-0.90187,0.07477,0.89845,0.43088,0.08446,-0.10838,0.03124,0.99362
0.42436,-0.90241,0.07463,0.89898,0.42975,0.08458,-0.10840,0.03120,0.99362
0.42380,-0.90251,0.07656,0.89914,0.42940,0.08462,-0.10925,0.03297,0.99347
0.42353,-0.90248,0.07837,0.89918,0.42933,0.08462,-0.11001,0.03463,0.99333
0.42278,-0.90269,0.08008,0.89943,0.42877,0.08470,-0.11080,0.03622,0.99318
0.42169,-0.90306,0.08158,0.89986,0.42785,0.08478,-0.11147,0.03766,0.99305
0.42043,-0.90350,0.08325,0.90036,0.42679,0.08485,-0.11219,0.03928,0.99291
0.42206,-0.90263,0.08441,0.89954,0.42854,0.08471,-0.11264,0.04018,0.99282
0.42356,-0.90183,0.08544,0.89880,0.43015,0.08449,-0.11295,0.04101,0.99275
0.42411,-0.90164,0.08468,0.89858,0.43061,0.08448,-0.11263,0.04026,0.99282
0.42461,-0.90147,0.08401,0.89838,0.43102,0.08444,-0.11233,0.03962,0.99288
0.42250,-0.90245,0.08415,0.89936,0.42894,0.08465,-0.11249,0.03991,0.99285
0.42223,-0.90238,0.08623,0.89937,0.42892,0.08469,-0.11341,0.04180,0.99267
0.42288,-0.90203,0.08671,0.89905,0.42961,0.08456,-0.11353,0.04220,0.99264
0.42346,-0.90171,0.08718,0.89876,0.43023,0.08447,-0.11368,0.04259,0.99260
0.42342,-0.90175,0.08696,0.89878,0.43017,0.08450,-0.11361,0.04238,0.99262
0.42303,-0.90199,0.08640,0.89899,0.42973,0.08459,-0.11342,0.04189,0.99266
0.42269,-0.90220,0.08588,0.89917,0.42933,0.08464,-0.11323,0.04145,0.99270
0.42165,-0.90275,0.08515,0.89970,0.42821,0.08474,-0.11296,0.04088,0.99276
0.42071,-0.90325,0.08452,0.90016,0.42722,0.08487,-0.11276,0.04038,0.99280
0.42109,-0.90296,0.08565,0.89993,0.42772,0.08479,-0.11320,0.04137,0.99271
0.42145,-0.90270,0.08667,0.89971,0.42819,0.08473,-0.11360,0.04227,0.99263
0.41943,-0.90365,0.08660,0.90065,0.42618,0.08492,-0.11365,0.04238,0.99262
0.41757,-0.90452,0.08648,0.90151,0.42432,0.08508,-0.11365,0.04243,0.99261
0.41855,-0.90398,0.08742,0.90101,0.42539,0.08499,-0.11402,0.04319,0.99254
0.41961,-0.90350,0.08727,0.90052,0.42643,0.08494,-0.11396,0.04295,0.99256
0.42097,-0.90289,0.08707,0.89991,0.42776,0.08481,-0.11382,0.04265,0.99259
0.42272,-0.90210,0.08672,0.89911,0.42946,0.08464,-0.11359,0.04220,0.99263
0.42411,-0.90143,0.08685,0.89846,0.43085,0.08449,-0.11358,0.04220,0.99263
0.42385,-0.90154,0.08703,0.89858,0.43061,0.08447,-0.11363,0.04240,0.99262
0.42373,-0.90125,0.09053,0.89845,0.43089,0.08442,-0.11509,0.04557,0.99231
0.42310,-0.90150,0.09098,0.89872,0.43032,0.08446,-0.11529,0.04603,0.99226
0.42206,-0.90222,0.08863,0.89933,0.42902,0.08457,-0.11433,0.04401,0.99247
0.42393,-0.90147,0.08732,0.89853,0.43072,0.08438,-0.11368,0.04269,0.99260
