0.12568,0.99064,0.05318,-0.98892,0.12936,-0.07280,-0.07900,-0.04344,0.99593
0.12574,0.99067,0.05248,-0.98892,0.12938,-0.07276,-0.07887,-0.04275,0.99597
0.12569,0.99072,0.05167,-0.98894,0.12926,-0.07273,-0.07874,-0.04195,0.99601
0.12566,0.99077,0.05085,-0.98895,0.12917,-0.07271,-0.07861,-0.04115,0.99606
0.12571,0.99080,0.05007,-0.98896,0.12915,-0.07269,-0.07849,-0.04038,0.99610
0.12582,0.99083,0.04929,-0.98895,0.12920,-0.07269,-0.07839,-0.03960,0.99614
0.12596,0.99085,0.04856,-0.98894,0.12928,-0.07269,-0.07831,-0.03887,0.99617
0.12585,0.99090,0.04781,-0.98896,0.12911,-0.07272,-0.07823,-0.03813,0.99621
0.12571,0.99095,0.04713,-0.98898,0.12892,-0.07273,-0.07814,-0.03747,0.99624
0.12564,0.99099,0.04631,-0.98900,0.12879,-0.07272,-0.07802,-0.03666,0.99628
0.12563,0.99103,0.04555,-0.98901,0.12872,-0.07269,-0.07791,-0.03592,0.99631
0.12563,0.99106,0.04487,-0.98902,0.12866,-0.07271,-0.07783,-0.03524,0.99634
0.12570,0.99109,0.04404,-0.98902,0.12866,-0.07270,-0.07772,-0.03441,0.99638
0.12577,0.99112,0.04323,-0.98902,0.12867,-0.07270,-0.07762,-0.03361,0.99642
0.12572,0.99116,0.04239,-0.98903,0.12856,-0.07272,-0.07753,-0.03278,0.99645
0.12567,0.99120,0.04169,-0.98904,0.12846,-0.07273,-0.07744,-0.03209,0.99648
0.12561,0.99123,0.04106,-0.98906,0.12835,-0.07271,-0.07734,-0.03148,0.99651
0.12574,0.99124,0.04050,-0.98905,0.12843,-0.07264,-0.07721,-0.03092,0.99654
0.12586,0.99125,0.03990,-0.98905,0.12850,-0.07259,-0.07708,-0.03033,0.99656
0.12595,0.99126,0.03936,-0.98904,0.12855,-0.07256,-0.07699,-0.02979,0.99659
0.12603,0.99127,0.03882,-0.98904,0.12859,-0.07255,-0.07691,-0.02925,0.99661
0.12607,0.99128,0.03824,-0.98904,0.12858,-0.07253,-0.07681,-0.02868,0.99663
0.12599,0.99131,0.03793,-0.98906,0.12848,-0.07253,-0.07678,-0.02838,0.99664
0.12596,0.99132,0.03755,-0.98906,0.12842,-0.07257,-0.07676,-0.02800,0.99666
0.12599,0.99134,0.03709,-0.98906,0.12842,-0.07256,-0.07669,-0.02754,0.99667
0.12601,0.99135,0.03667,-0.98907,0.12840,-0.07255,-0.07663,-0.02713,0.99669
0.12604,0.99136,0.03624,-0.98907,0.12840,-0.07251,-0.07654,-0.02670,0.99671
0.12590,0.99140,0.03579,-0.98909,0.12822,-0.07249,-0.07646,-0.02627,0.99673
0.12583,0.99142,0.03548,-0.98910,0.12813,-0.07253,-0.07646,-0.02596,0.99673
0.12575,0.99144,0.03524,-0.98911,0.12803,-0.07253,-0.07642,-0.02574,0.99674
0.12584,0.99143,0.03501,-0.98910,0.12811,-0.07254,-0.07640,-0.02550,0.99675
0.12587,0.99144,0.03462,-0.98911,0.12810,-0.07253,-0.07634,-0.02512,0.99677
0.12582,0.99147,0.03411,-0.98912,0.12802,-0.07255,-0.07629,-0.02461,0.99678
0.12587,0.99147,0.03378,-0.98911,0.12804,-0.07257,-0.07627,-0.02427,0.99679
0.12594,0.99147,0.03349,-0.98910,0.12809,-0.07257,-0.07624,-0.02398,0.99680
0.12583,0.99150,0.03304,-0.98912,0.12795,-0.07259,-0.07620,-0.02355,0.99681
0.12580,0.99152,0.03260,-0.98913,0.12788,-0.07251,-0.07607,-0.02312,0.99683
0.12577,0.99154,0.03214,-0.98914,0.12782,-0.07249,-0.07599,-0.02267,0.99685
0.12589,0.99154,0.03157,-0.98913,0.12790,-0.07250,-0.07593,-0.02210,0.99687
0.12601,0.99154,0.03109,-0.98913,0.12797,-0.07245,-0.07582,-0.02162,0.99689
0.12605,0.99155,0.03076,-0.98912,0.12799,-0.07248,-0.07581,-0.02129,0.99690
0.12612,0.99155,0.03031,-0.98911,0.12803,-0.07258,-0.07585,-0.02083,0.99690
0.12620,0.99155,0.02988,-0.98911,0.12808,-0.07256,-0.07578,-0.02040,0.99692
0.12622,0.99156,0.02954,-0.98911,0.12807,-0.07255,-0.07572,-0.02006,0.99693
0.12617,0.99158,0.02919,-0.98912,0.12799,-0.07251,-0.07563,-0.01972,0.99694
0.12608,0.99160,0.02884,-0.98914,0.12787,-0.07250,-0.07558,-0.01939,0.99695
0.12621,0.99160,0.02842,-0.98912,0.12798,-0.07255,-0.07557,-0.01896,0.99696
0.12640,0.99158,0.02810,-0.98910,0.12814,-0.07253,-0.07552,-0.01862,0.99697
0.12649,0.99158,0.02782,-0.98909,0.12821,-0.07254,-0.07550,-0.01834,0.99698
0.12655,0.99158,0.02753,-0.98909,0.12824,-0.07251,-0.07543,-0.01806,0.99699
0.12653,0.99159,0.02732,-0.98909,0.12821,-0.07253,-0.07542,-0.01784,0.99699
0.12659,0.99159,0.02690,-0.98909,0.12824,-0.07252,-0.07536,-0.01743,0.99700
0.12669,0.99159,0.02646,-0.98908,0.12831,-0.07251,-0.07529,-0.01699,0.99702
0.12675,0.99159,0.02606,-0.98908,0.12834,-0.07250,-0.07523,-0.01658,0.99703
0.12671,0.99161,0.02562,-0.98909,0.12826,-0.07247,-0.07515,-0.01615,0.99704
0.12668,0.99161,0.02559,-0.98909,0.12823,-0.07251,-0.07519,-0.01613,0.99704
0.12666,0.99162,0.02555,-0.98908,0.12821,-0.07263,-0.07529,-0.01607,0.99703
0.12664,0.99162,0.02537,-0.98909,0.12818,-0.07259,-0.07523,-0.01590,0.99704
0.12653,0.99164,0.02513,-0.98911,0.12804,-0.07252,-0.07513,-0.01568,0.99705
0.12644,0.99166,0.02492,-0.98913,0.12794,-0.07249,-0.07508,-0.01549,0.99706
0.12653,0.99166,0.02462,-0.98912,0.12801,-0.07245,-0.07500,-0.01518,0.99707
0.12661,0.99165,0.02435,-0.98911,0.12807,-0.07246,-0.07497,-0.01491,0.99707
0.12661,0.99166,0.02408,-0.98913,0.12805,-0.07235,-0.07483,-0.01465,0.99709
0.12642,0.99169,0.02381,-0.98915,0.12783,-0.07233,-0.07478,-0.01441,0.99710
0.12650,0.99169,0.02359,-0.98914,0.12790,-0.07234,-0.07476,-0.01419,0.99710
0.12646,0.99170,0.02335,-0.98915,0.12784,-0.07231,-0.07470,-0.01396,0.99711
0.12645,0.99170,0.02311,-0.98916,0.12781,-0.07231,-0.07466,-0.01371,0.99711
0.12636,0.99172,0.02286,-0.98917,0.12770,-0.07231,-0.07464,-0.01348,0.99712
0.12627,0.99174,0.02256,-0.98919,0.12759,-0.07228,-0.07456,-0.01319,0.99713
0.12631,0.99174,0.02230,-0.98919,0.12761,-0.07226,-0.07451,-0.01293,0.99714
0.12632,0.99174,0.02214,-0.98918,0.12761,-0.07232,-0.07455,-0.01277,0.99714
0.12631,0.99174,0.02221,-0.98919,0.12760,-0.07229,-0.07453,-0.01284,0.99714
0.12626,0.99176,0.02185,-0.98919,0.12752,-0.07238,-0.07457,-0.01248,0.99714
0.12634,0.99175,0.02170,-0.98918,0.12760,-0.07243,-0.07460,-0.01232,0.99714
0.12638,0.99175,0.02159,-0.98917,0.12763,-0.07246,-0.07461,-0.01219,0.99714
0.12633,0.99176,0.02120,-0.98918,0.12755,-0.07251,-0.07461,-0.01181,0.99714
0.12627,0.99178,0.02088,-0.98919,0.12746,-0.07250,-0.07456,-0.01150,0.99715
0.12639,0.99177,0.02051,-0.98918,0.12756,-0.07250,-0.07452,-0.01112,0.99716
0.12648,0.99176,0.02028,-0.98917,0.12764,-0.07251,-0.07450,-0.01089,0.99716
0.12657,0.99175,0.02024,-0.98916,0.12771,-0.07249,-0.07448,-0.01085,0.99716
0.12655,0.99176,0.01994,-0.98916,0.12768,-0.07255,-0.07450,-0.01054,0.99717
0.12657,0.99176,0.01981,-0.98916,0.12769,-0.07252,-0.07445,-0.01041,0.99717
0.12656,0.99176,0.01975,-0.98916,0.12768,-0.07253,-0.07445,-0.01036,0.99717
0.12663,0.99176,0.01966,-0.98915,0.12774,-0.07253,-0.07444,-0.01026,0.99717
0.12672,0.99175,0.01955,-0.98914,0.12782,-0.07249,-0.07440,-0.01016,0.99718
0.12674,0.99175,0.01929,-0.98914,0.12782,-0.07252,-0.07439,-0.00989,0.99718
0.12677,0.99175,0.01901,-0.98914,0.12782,-0.07253,-0.07436,-0.00961,0.99719
0.12678,0.99175,0.01870,-0.98914,0.12781,-0.07256,-0.07435,-0.00930,0.99719
0.12685,0.99175,0.01830,-0.98914,0.12785,-0.07255,-0.07429,-0.00890,0.99720
0.12690,0.99175,0.01797,-0.98913,0.12788,-0.07254,-0.07424,-0.00857,0.99720
0.12684,0.99177,0.01756,-0.98915,0.12779,-0.07249,-0.07414,-0.00818,0.99721
0.12681,0.99178,0.01727,-0.98916,0.12773,-0.07243,-0.07405,-0.00790,0.99722
0.12687,0.99177,0.01711,-0.98915,0.12778,-0.07243,-0.07402,-0.00774,0.99723
0.12687,0.99177,0.01696,-0.98916,0.12778,-0.07241,-0.07398,-0.00759,0.99723
0.12692,0.99177,0.01675,-0.98914,0.12781,-0.07257,-0.07411,-0.00736,0.99722
0.12695,0.99177,0.01654,-0.98914,0.12783,-0.07256,-0.07408,-0.00714,0.99723
0.12697,0.99177,0.01637,-0.98914,0.12783,-0.07258,-0.07407,-0.00698,0.99723
0.12698,0.99177,0.01624,-0.98914,0.12783,-0.07257,-0.07405,-0.00685,0.99723
0.12694,0.99178,0.01629,-0.98914,0.12779,-0.07262,-0.07410,-0.00690,0.99723
0.12699,0.99178,0.01601,-0.98914,0.12782,-0.07257,-0.07402,-0.00662,0.99723
0.12708,0.99177,0.01584,-0.98913,0.12790,-0.07253,-0.07396,-0.00645,0.99724
0.12725,0.99175,0.01568,-0.98911,0.12805,-0.07254,-0.07395,-0.00627,0.99724
0.12736,0.99173,0.01560,-0.98910,0.12816,-0.07254,-0.07394,-0.00619,0.99724
0.12741,0.99173,0.01557,-0.98909,0.12821,-0.07250,-0.07390,-0.00617,0.99725
0.12727,0.99175,0.01538,-0.98911,0.12806,-0.07248,-0.07385,-0.00598,0.99725
0.12718,0.99176,0.01527,-0.98913,0.12796,-0.07242,-0.07378,-0.00590,0.99726
0.12710,0.99177,0.01517,-0.98915,0.12787,-0.07238,-0.07373,-0.00581,0.99726
0.12701,0.99179,0.01519,-0.98916,0.12778,-0.07237,-0.07371,-0.00583,0.99726
0.12682,0.99181,0.01507,-0.98918,0.12758,-0.07241,-0.07373,-0.00572,0.99726
0.12663,0.99184,0.01481,-0.98921,0.12738,-0.07240,-0.07370,-0.00549,0.99727
0.12656,0.99185,0.01451,-0.98922,0.12728,-0.07239,-0.07365,-0.00519,0.99727
0.12646,0.99187,0.01423,-0.98924,0.12717,-0.07234,-0.07356,-0.00493,0.99728
0.12638,0.99188,0.01435,-0.98925,0.12709,-0.07229,-0.07353,-0.00506,0.99728
0.12633,0.99188,0.01452,-0.98926,0.12705,-0.07230,-0.07355,-0.00523,0.99728
0.12620,0.99190,0.01447,-0.98927,0.12692,-0.07231,-0.07356,-0.00519,0.99728
0.12626,0.99189,0.01433,-0.98927,0.12697,-0.07226,-0.07350,-0.00505,0.99728
0.12627,0.99189,0.01419,-0.98927,0.12697,-0.07228,-0.07350,-0.00491,0.99728
0.12630,0.99189,0.01408,-0.98927,0.12700,-0.07225,-0.07345,-0.00481,0.99729
0.12637,0.99189,0.01397,-0.98926,0.12705,-0.07222,-0.07341,-0.00470,0.99729
0.12641,0.99188,0.01389,-0.98926,0.12709,-0.07221,-0.07339,-0.00461,0.99729
0.12638,0.99188,0.01389,-0.98927,0.12706,-0.07219,-0.07336,-0.00462,0.99729
0.12630,0.99190,0.01384,-0.98928,0.12698,-0.07218,-0.07335,-0.00458,0.99730
0.12632,0.99190,0.01362,-0.98928,0.12698,-0.07211,-0.07326,-0.00437,0.99730
0.12640,0.99188,0.01373,-0.98927,0.12707,-0.07212,-0.07328,-0.00447,0.99730
0.12647,0.99187,0.01377,-0.98926,0.12714,-0.07212,-0.07328,-0.00450,0.99730
0.12648,0.99187,0.01379,-0.98926,0.12715,-0.07211,-0.07327,-0.00452,0.99730
0.12643,0.99188,0.01376,-0.98927,0.12709,-0.07211,-0.07328,-0.00449,0.99730
0.12643,0.99188,0.01361,-0.98927,0.12709,-0.07212,-0.07327,-0.00435,0.99730
0.12645,0.99188,0.01346,-0.98925,0.12709,-0.07227,-0.07339,-0.00418,0.99729
0.12648,0.99188,0.01330,-0.98926,0.12711,-0.07222,-0.07332,-0.00403,0.99730
0.12657,0.99187,0.01327,-0.98924,0.12720,-0.07222,-0.07332,-0.00398,0.99730
0.12678,0.99184,0.01329,-0.98921,0.12742,-0.07226,-0.07336,-0.00399,0.99730
0.12690,0.99183,0.01328,-0.98920,0.12753,-0.07227,-0.07337,-0.00396,0.99730
0.12698,0.99182,0.01325,-0.98919,0.12761,-0.07226,-0.07336,-0.00393,0.99730
0.12701,0.99182,0.01307,-0.98919,0.12762,-0.07226,-0.07334,-0.00375,0.99730
0.12692,0.99183,0.01294,-0.98919,0.12753,-0.07232,-0.07338,-0.00362,0.99730
0.12706,0.99181,0.01275,-0.98918,0.12765,-0.07232,-0.07336,-0.00342,0.99730
0.12718,0.99180,0.01253,-0.98917,0.12776,-0.07229,-0.07330,-0.00320,0.99730
0.12731,0.99179,0.01227,-0.98916,0.12787,-0.07224,-0.07322,-0.00294,0.99731
0.12745,0.99177,0.01204,-0.98914,0.12799,-0.07224,-0.07318,-0.00271,0.99731
0.12736,0.99179,0.01193,-0.98916,0.12789,-0.07218,-0.07312,-0.00261,0.99732
0.12745,0.99178,0.01173,-0.98915,0.12797,-0.07219,-0.07309,-0.00241,0.99732
0.12756,0.99176,0.01160,-0.98913,0.12806,-0.07221,-0.07310,-0.00227,0.99732
0.12770,0.99174,0.01175,-0.98912,0.12822,-0.07216,-0.07307,-0.00241,0.99732
0.12777,0.99174,0.01142,-0.98911,0.12826,-0.07219,-0.07306,-0.00207,0.99733
0.12783,0.99173,0.01117,-0.98910,0.12831,-0.07217,-0.07301,-0.00183,0.99733
0.12783,0.99174,0.01098,-0.98911,0.12829,-0.07217,-0.07298,-0.00163,0.99733
0.12778,0.99174,0.01078,-0.98911,0.12822,-0.07219,-0.07298,-0.00144,0.99733
0.12788,0.99173,0.01079,-0.98910,0.12833,-0.07215,-0.07294,-0.00144,0.99734
0.12803,0.99171,0.01052,-0.98908,0.12846,-0.07219,-0.07294,-0.00116,0.99734
0.12813,0.99170,0.01021,-0.98908,0.12853,-0.07216,-0.07287,-0.00085,0.99734
0.12821,0.99169,0.01032,-0.98906,0.12862,-0.07217,-0.07290,-0.00095,0.99734
0.12831,0.99168,0.01029,-0.98906,0.12872,-0.07212,-0.07284,-0.00092,0.99734
0.12832,0.99168,0.01021,-0.98906,0.12873,-0.07209,-0.07280,-0.00085,0.99735
0.12830,0.99168,0.01006,-0.98906,0.12869,-0.07208,-0.07278,-0.00070,0.99735
0.12831,0.99168,0.00993,-0.98906,0.12869,-0.07215,-0.07283,-0.00056,0.99734
0.12825,0.99169,0.00997,-0.98906,0.12863,-0.07216,-0.07284,-0.00061,0.99734
0.12820,0.99170,0.00986,-0.98907,0.12858,-0.07223,-0.07290,-0.00050,0.99734
0.12814,0.99171,0.00998,-0.98908,0.12853,-0.07218,-0.07287,-0.00062,0.99734
0.12801,0.99172,0.01012,-0.98909,0.12841,-0.07221,-0.07291,-0.00077,0.99734
0.12798,0.99173,0.01009,-0.98909,0.12837,-0.07221,-0.07291,-0.00073,0.99734
0.12796,0.99173,0.01018,-0.98910,0.12836,-0.07221,-0.07291,-0.00083,0.99734
0.12795,0.99173,0.01024,-0.98910,0.12835,-0.07220,-0.07291,-0.00089,0.99734
0.12788,0.99174,0.01012,-0.98911,0.12828,-0.07219,-0.07289,-0.00078,0.99734
0.12783,0.99175,0.00995,-0.98912,0.12822,-0.07215,-0.07283,-0.00062,0.99734
0.12781,0.99175,0.01010,-0.98912,0.12821,-0.07215,-0.07284,-0.00077,0.99734
0.12771,0.99176,0.01017,-0.98914,0.12811,-0.07211,-0.07282,-0.00085,0.99734
0.12768,0.99176,0.01018,-0.98914,0.12808,-0.07206,-0.07277,-0.00087,0.99735
0.12761,0.99177,0.01003,-0.98915,0.12800,-0.07206,-0.07275,-0.00073,0.99735
0.12747,0.99179,0.00988,-0.98917,0.12785,-0.07205,-0.07272,-0.00059,0.99735
0.12773,0.99176,0.00968,-0.98914,0.12809,-0.07205,-0.07270,-0.00037,0.99735
0.12801,0.99173,0.00947,-0.98911,0.12836,-0.07202,-0.07264,-0.00015,0.99736
0.12787,0.99175,0.00946,-0.98913,0.12822,-0.07200,-0.07262,-0.00015,0.99736
0.12777,0.99176,0.00949,-0.98914,0.12812,-0.07196,-0.07258,-0.00019,0.99736
0.12784,0.99175,0.00951,-0.98914,0.12819,-0.07194,-0.07257,-0.00021,0.99736
0.12783,0.99175,0.00951,-0.98914,0.12818,-0.07192,-0.07255,-0.00021,0.99736
0.12774,0.99176,0.00954,-0.98915,0.12809,-0.07189,-0.07252,-0.00025,0.99737
0.12750,0.99179,0.00948,-0.98918,0.12785,-0.07192,-0.07254,-0.00021,0.99737
0.12726,0.99182,0.00948,-0.98922,0.12762,-0.07188,-0.07250,-0.00023,0.99737
0.12712,0.99184,0.00952,-0.98924,0.12747,-0.07183,-0.07246,-0.00029,0.99737
0.12702,0.99186,0.00935,-0.98924,0.12736,-0.07197,-0.07258,-0.00011,0.99736
0.12696,0.99186,0.00927,-0.98925,0.12730,-0.07197,-0.07257,-0.00003,0.99736
0.12697,0.99186,0.00924,-0.98925,0.12730,-0.07192,-0.07251,-0.00001,0.99737
0.12694,0.99187,0.00918,-0.98926,0.12727,-0.07191,-0.07249,0.00005,0.99737
0.12686,0.99188,0.00908,-0.98927,0.12718,-0.07184,-0.07242,0.00013,0.99737
0.12684,0.99188,0.00891,-0.98928,0.12715,-0.07181,-0.07236,0.00030,0.99738
0.12679,0.99189,0.00879,-0.98929,0.12709,-0.07183,-0.07237,0.00041,0.99738
0.12677,0.99189,0.00868,-0.98929,0.12707,-0.07183,-0.07235,0.00052,0.99738
0.12671,0.99190,0.00869,-0.98930,0.12701,-0.07179,-0.07231,0.00050,0.99738
0.12666,0.99191,0.00872,-0.98931,0.12696,-0.07177,-0.07230,0.00046,0.99738
0.12659,0.99192,0.00858,-0.98932,0.12688,-0.07174,-0.07225,0.00059,0.99739
0.12645,0.99194,0.00849,-0.98934,0.12673,-0.07172,-0.07222,0.00067,0.99739
0.12634,0.99195,0.00840,-0.98936,0.12661,-0.07171,-0.07219,0.00075,0.99739
0.12604,0.99199,0.00826,-0.98940,0.12630,-0.07172,-0.07218,0.00087,0.99739
0.12592,0.99201,0.00813,-0.98941,0.12617,-0.07176,-0.07221,0.00099,0.99739
0.12594,0.99201,0.00805,-0.98941,0.12619,-0.07174,-0.07218,0.00107,0.99739
0.12586,0.99202,0.00806,-0.98942,0.12611,-0.07172,-0.07216,0.00105,0.99739
0.12577,0.99203,0.00813,-0.98943,0.12603,-0.07170,-0.07216,0.00097,0.99739
0.12568,0.99204,0.00818,-0.98944,0.12595,-0.07168,-0.07214,0.00091,0.99739
0.12559,0.99205,0.00805,-0.98946,0.12585,-0.07167,-0.07212,0.00104,0.99740
0.12546,0.99207,0.00792,-0.98948,0.12571,-0.07167,-0.07210,0.00116,0.99740
0.12545,0.99207,0.00779,-0.98947,0.12569,-0.07173,-0.07214,0.00129,0.99739
0.12546,0.99207,0.00750,-0.98947,0.12568,-0.07177,-0.07214,0.00159,0.99739
0.12551,0.99207,0.00720,-0.98947,0.12570,-0.07181,-0.07214,0.00189,0.99739
0.12566,0.99205,0.00728,-0.98945,0.12586,-0.07175,-0.07210,0.00181,0.99740
0.12590,0.99202,0.00733,-0.98942,0.12610,-0.07175,-0.07210,0.00178,0.99740
0.12597,0.99201,0.00734,-0.98940,0.12617,-0.07190,-0.07225,0.00179,0.99738
0.12594,0.99201,0.00723,-0.98940,0.12614,-0.07191,-0.07225,0.00190,0.99739
0.12593,0.99201,0.00706,-0.98940,0.12611,-0.07193,-0.07225,0.00207,0.99738
0.12590,0.99202,0.00681,-0.98941,0.12606,-0.07193,-0.07221,0.00232,0.99739
0.12583,0.99203,0.00647,-0.98943,0.12597,-0.07190,-0.07215,0.00265,0.99739
0.12577,0.99204,0.00636,-0.98944,0.12590,-0.07188,-0.07210,0.00275,0.99739
0.12591,0.99202,0.00626,-0.98942,0.12604,-0.07187,-0.07209,0.00285,0.99739
0.12599,0.99201,0.00621,-0.98941,0.12611,-0.07189,-0.07210,0.00291,0.99739
0.12604,0.99201,0.00618,-0.98940,0.12616,-0.07189,-0.07210,0.00294,0.99739
0.12614,0.99199,0.00605,-0.98939,0.12625,-0.07188,-0.07207,0.00308,0.99740
0.12628,0.99198,0.00593,-0.98938,0.12638,-0.07186,-0.07203,0.00320,0.99740
0.12635,0.99197,0.00581,-0.98937,0.12644,-0.07184,-0.07200,0.00333,0.99740
0.12641,0.99196,0.00562,-0.98936,0.12648,-0.07183,-0.07196,0.00352,0.99740
0.12640,0.99196,0.00539,-0.98937,0.12646,-0.07186,-0.07196,0.00375,0.99740
0.12644,0.99196,0.00515,-0.98936,0.12648,-0.07185,-0.07193,0.00399,0.99740
0.12643,0.99196,0.00489,-0.98937,0.12646,-0.07187,-0.07191,0.00425,0.99740
0.12639,0.99197,0.00483,-0.98937,0.12640,-0.07188,-0.07192,0.00431,0.99740
0.12634,0.99197,0.00482,-0.98938,0.12636,-0.07186,-0.07189,0.00431,0.99740
0.12641,0.99197,0.00484,-0.98937,0.12643,-0.07184,-0.07187,0.00429,0.99740
0.12637,0.99197,0.00475,-0.98938,0.12638,-0.07184,-0.07187,0.00438,0.99740
0.12643,0.99196,0.00469,-0.98937,0.12644,-0.07183,-0.07185,0.00444,0.99741
0.12644,0.99196,0.00468,-0.98937,0.12645,-0.07184,-0.07186,0.00446,0.99740
0.12645,0.99196,0.00472,-0.98937,0.12646,-0.07186,-0.07188,0.00441,0.99740
0.12644,0.99196,0.00472,-0.98937,0.12645,-0.07184,-0.07186,0.00441,0.99740
0.12646,0.99196,0.00481,-0.98936,0.12647,-0.07187,-0.07190,0.00433,0.99740
0.12644,0.99196,0.00495,-0.98936,0.12647,-0.07187,-0.07192,0.00419,0.99740
0.12638,0.99197,0.00507,-0.98936,0.12641,-0.07198,-0.07204,0.00408,0.99739
0.12631,0.99198,0.00493,-0.98937,0.12633,-0.07196,-0.07201,0.00421,0.99739
0.12624,0.99199,0.00482,-0.98939,0.12626,-0.07191,-0.07194,0.00431,0.99740
0.12621,0.99199,0.00479,-0.98939,0.12623,-0.07194,-0.07197,0.00434,0.99740
0.12623,0.99199,0.00482,-0.98939,0.12625,-0.07188,-0.07192,0.00431,0.99740
0.12629,0.99198,0.00483,-0.98938,0.12630,-0.07188,-0.07192,0.00430,0.99740
0.12631,0.99198,0.00485,-0.98938,0.12633,-0.07189,-0.07193,0.00428,0.99740
0.12642,0.99196,0.00493,-0.98937,0.12645,-0.07186,-0.07191,0.00421,0.99740
0.12651,0.99195,0.00500,-0.98935,0.12654,-0.07188,-0.07193,0.00415,0.99740
0.12659,0.99194,0.00513,-0.98934,0.12663,-0.07186,-0.07193,0.00402,0.99740
0.12665,0.99193,0.00529,-0.98933,0.12671,-0.07189,-0.07198,0.00387,0.99740
0.12662,0.99194,0.00541,-0.98933,0.12668,-0.07192,-0.07202,0.00375,0.99740
0.12657,0.99194,0.00546,-0.98934,0.12663,-0.07195,-0.07206,0.00370,0.99739
0.12653,0.99195,0.00546,-0.98934,0.12659,-0.07193,-0.07204,0.00369,0.99739
0.12643,0.99196,0.00549,-0.98936,0.12649,-0.07193,-0.07204,0.00366,0.99739
0.12634,0.99197,0.00543,-0.98937,0.12640,-0.07191,-0.07202,0.00371,0.99740
0.12628,0.99198,0.00564,-0.98937,0.12636,-0.07191,-0.07205,0.00350,0.99739
0.12629,0.99198,0.00567,-0.98937,0.12637,-0.07190,-0.07204,0.00347,0.99740
0.12630,0.99198,0.00551,-0.98937,0.12637,-0.07192,-0.07204,0.00364,0.99739
0.12635,0.99197,0.00556,-0.98936,0.12642,-0.07198,-0.07211,0.00359,0.99739
0.12645,0.99196,0.00575,-0.98935,0.12653,-0.07195,-0.07210,0.00341,0.99739
0.12654,0.99194,0.00591,-0.98934,0.12663,-0.07194,-0.07211,0.00326,0.99739
0.12666,0.99193,0.00592,-0.98932,0.12676,-0.07193,-0.07210,0.00325,0.99739
0.12684,0.99191,0.00604,-0.98930,0.12694,-0.07192,-0.07210,0.00315,0.99739
0.12682,0.99191,0.00604,-0.98930,0.12692,-0.07190,-0.07209,0.00314,0.99739
0.12682,0.99191,0.00607,-0.98930,0.12692,-0.07192,-0.07211,0.00312,0.99739
0.12685,0.99190,0.00605,-0.98930,0.12695,-0.07191,-0.07210,0.00314,0.99739
0.12710,0.99187,0.00613,-0.98927,0.12721,-0.07188,-0.07208,0.00307,0.99739
0.12728,0.99185,0.00574,-0.98925,0.12737,-0.07192,-0.07206,0.00347,0.99739
0.12743,0.99183,0.00530,-0.98923,0.12748,-0.07194,-0.07202,0.00393,0.99740
0.12754,0.99182,0.00512,-0.98922,0.12758,-0.07191,-0.07197,0.00411,0.99740
0.12773,0.99180,0.00469,-0.98920,0.12773,-0.07191,-0.07192,0.00455,0.99740
0.12791,0.99178,0.00433,-0.98918,0.12789,-0.07189,-0.07185,0.00492,0.99740
0.12781,0.99179,0.00438,-0.98919,0.12779,-0.07194,-0.07191,0.00487,0.99740
0.12771,0.99180,0.00441,-0.98920,0.12770,-0.07195,-0.07192,0.00483,0.99740
0.12787,0.99178,0.00430,-0.98918,0.12784,-0.07197,-0.07193,0.00495,0.99740
0.12801,0.99176,0.00419,-0.98916,0.12798,-0.07200,-0.07194,0.00507,0.99740
0.12803,0.99176,0.00417,-0.98916,0.12799,-0.07194,-0.07188,0.00509,0.99740
0.12816,0.99174,0.00399,-0.98915,0.12812,-0.07193,-0.07185,0.00527,0.99740
0.12831,0.99173,0.00381,-0.98913,0.12825,-0.07194,-0.07183,0.00546,0.99740
0.12838,0.99172,0.00380,-0.98912,0.12832,-0.07194,-0.07183,0.00547,0.99740
0.12839,0.99172,0.00358,-0.98912,0.12832,-0.07192,-0.07178,0.00569,0.99740
0.12832,0.99173,0.00332,-0.98913,0.12823,-0.07193,-0.07176,0.00594,0.99740
0.12837,0.99172,0.00342,-0.98913,0.12828,-0.07190,-0.07174,0.00585,0.99741
0.12844,0.99171,0.00344,-0.98911,0.12835,-0.07196,-0.07180,0.00584,0.99740
0.12832,0.99173,0.00333,-0.98913,0.12823,-0.07197,-0.07180,0.00594,0.99740
0.12832,0.99173,0.00337,-0.98913,0.12823,-0.07195,-0.07179,0.00590,0.99740
0.12832,0.99173,0.00341,-0.98913,0.12823,-0.07199,-0.07183,0.00586,0.99740
0.12833,0.99173,0.00343,-0.98913,0.12824,-0.07198,-0.07183,0.00585,0.99740
0.12830,0.99173,0.00341,-0.98913,0.12821,-0.07200,-0.07184,0.00587,0.99740
0.12841,0.99172,0.00325,-0.98912,0.12831,-0.07200,-0.07182,0.00603,0.99740
0.12851,0.99170,0.00312,-0.98910,0.12840,-0.07202,-0.07182,0.00617,0.99740
0.12858,0.99169,0.00300,-0.98910,0.12847,-0.07199,-0.07178,0.00629,0.99740
0.12864,0.99169,0.00303,-0.98909,0.12853,-0.07198,-0.07177,0.00626,0.99740
0.12895,0.99165,0.00294,-0.98905,0.12882,-0.07195,-0.07172,0.00637,0.99740
0.12927,0.99160,0.00287,-0.98901,0.12914,-0.07202,-0.07178,0.00647,0.99740
0.12922,0.99161,0.00290,-0.98901,0.12910,-0.07207,-0.07184,0.00645,0.99740
0.12918,0.99162,0.00284,-0.98902,0.12904,-0.07208,-0.07184,0.00650,0.99739
0.12914,0.99162,0.00274,-0.98902,0.12900,-0.07203,-0.07178,0.00660,0.99740
0.12939,0.99159,0.00295,-0.98899,0.12926,-0.07202,-0.07179,0.00641,0.99740
0.12968,0.99155,0.00305,-0.98895,0.12956,-0.07199,-0.07178,0.00632,0.99740
0.12972,0.99155,0.00292,-0.98895,0.12960,-0.07201,-0.07178,0.00645,0.99740
0.12972,0.99155,0.00284,-0.98895,0.12959,-0.07199,-0.07175,0.00653,0.99740
0.12968,0.99155,0.00277,-0.98896,0.12955,-0.07196,-0.07171,0.00659,0.99740
0.12965,0.99156,0.00284,-0.98897,0.12952,-0.07190,-0.07166,0.00651,0.99741
0.12965,0.99156,0.00290,-0.98897,0.12952,-0.07190,-0.07167,0.00645,0.99741
0.12972,0.99155,0.00305,-0.98895,0.12960,-0.07193,-0.07171,0.00631,0.99741
0.12977,0.99154,0.00291,-0.98895,0.12964,-0.07193,-0.07170,0.00645,0.99741
0.12979,0.99154,0.00274,-0.98895,0.12965,-0.07190,-0.07164,0.00662,0.99741
0.12994,0.99152,0.00271,-0.98893,0.12980,-0.07190,-0.07164,0.00667,0.99741
0.13000,0.99151,0.00289,-0.98892,0.12987,-0.07189,-0.07165,0.00648,0.99741
0.12994,0.99152,0.00307,-0.98893,0.12982,-0.07186,-0.07165,0.00630,0.99741
0.13004,0.99150,0.00306,-0.98892,0.12992,-0.07185,-0.07163,0.00631,0.99741
0.13014,0.99149,0.00312,-0.98890,0.13002,-0.07185,-0.07164,0.00627,0.99741
0.13025,0.99148,0.00296,-0.98889,0.13012,-0.07190,-0.07167,0.00644,0.99741
0.13030,0.99147,0.00276,-0.98888,0.13016,-0.07193,-0.07167,0.00664,0.99741
0.13038,0.99146,0.00256,-0.98887,0.13023,-0.07189,-0.07161,0.00684,0.99741
0.13056,0.99144,0.00258,-0.98885,0.13040,-0.07190,-0.07162,0.00683,0.99741
0.13074,0.99141,0.00262,-0.98883,0.13059,-0.07188,-0.07160,0.00681,0.99741
0.13080,0.99140,0.00279,-0.98882,0.13066,-0.07190,-0.07164,0.00665,0.99741
0.13096,0.99138,0.00271,-0.98880,0.13081,-0.07191,-0.07164,0.00674,0.99741
0.13109,0.99137,0.00256,-0.98878,0.13093,-0.07186,-0.07157,0.00689,0.99741
0.13122,0.99135,0.00253,-0.98877,0.13107,-0.07180,-0.07151,0.00692,0.99742
0.13124,0.99135,0.00265,-0.98877,0.13109,-0.07181,-0.07154,0.00681,0.99741
0.13122,0.99135,0.00267,-0.98877,0.13107,-0.07180,-0.07153,0.00678,0.99742
0.13126,0.99134,0.00266,-0.98876,0.13111,-0.07183,-0.07156,0.00680,0.99741
0.13133,0.99133,0.00271,-0.98875,0.13119,-0.07181,-0.07154,0.00675,0.99741
0.13136,0.99133,0.00289,-0.98875,0.13123,-0.07180,-0.07156,0.00657,0.99741
0.13142,0.99132,0.00306,-0.98874,0.13130,-0.07180,-0.07158,0.00641,0.99741
0.13148,0.99131,0.00303,-0.98873,0.13136,-0.07181,-0.07158,0.00644,0.99741
0.13154,0.99131,0.00291,-0.98873,0.13141,-0.07178,-0.07154,0.00657,0.99742
0.13166,0.99129,0.00290,-0.98871,0.13152,-0.07182,-0.07157,0.00659,0.99741
0.13171,0.99128,0.00286,-0.98870,0.13157,-0.07180,-0.07155,0.00663,0.99741
0.13179,0.99127,0.00297,-0.98869,0.13166,-0.07180,-0.07157,0.00652,0.99741
0.13191,0.99126,0.00302,-0.98868,0.13178,-0.07180,-0.07157,0.00649,0.99741
0.13208,0.99123,0.00301,-0.98865,0.13195,-0.07177,-0.07153,0.00650,0.99742
0.13159,0.99130,0.00313,-0.98872,0.13148,-0.07174,-0.07152,0.00635,0.99742
0.13158,0.99130,0.00317,-0.98872,0.13147,-0.07169,-0.07149,0.00630,0.99742
0.13164,0.99129,0.00325,-0.98872,0.13154,-0.07167,-0.07147,0.00623,0.99742
0.13168,0.99129,0.00325,-0.98871,0.13157,-0.07169,-0.07150,0.00623,0.99742
0.13168,0.99129,0.00311,-0.98871,0.13157,-0.07168,-0.07147,0.00637,0.99742
0.13169,0.99129,0.00338,-0.98871,0.13159,-0.07170,-0.07152,0.00610,0.99742
0.13169,0.99129,0.00349,-0.98871,0.13160,-0.07167,-0.07150,0.00598,0.99742
0.13186,0.99126,0.00356,-0.98869,0.13178,-0.07163,-0.07148,0.00593,0.99742
0.13206,0.99124,0.00357,-0.98866,0.13197,-0.07164,-0.07148,0.00593,0.99742
0.13199,0.99124,0.00368,-0.98867,0.13191,-0.07163,-0.07149,0.00582,0.99742
0.13202,0.99124,0.00373,-0.98867,0.13194,-0.07163,-0.07149,0.00577,0.99742
0.13196,0.99125,0.00377,-0.98868,0.13189,-0.07160,-0.07147,0.00572,0.99743
0.13178,0.99127,0.00385,-0.98870,0.13171,-0.07160,-0.07148,0.00563,0.99743
0.13177,0.99127,0.00371,-0.98870,0.13170,-0.07158,-0.07144,0.00577,0.99743
0.13180,0.99127,0.00360,-0.98870,0.13172,-0.07151,-0.07136,0.00586,0.99743
0.13172,0.99128,0.00383,-0.98871,0.13166,-0.07152,-0.07140,0.00564,0.99743
0.13173,0.99128,0.00409,-0.98871,0.13168,-0.07156,-0.07147,0.00538,0.99743
0.13171,0.99128,0.00432,-0.98871,0.13168,-0.07153,-0.07148,0.00515,0.99743
0.13168,0.99128,0.00449,-0.98871,0.13167,-0.07154,-0.07150,0.00498,0.99743
0.13167,0.99128,0.00457,-0.98871,0.13166,-0.07151,-0.07148,0.00490,0.99743
0.13150,0.99131,0.00455,-0.98873,0.13148,-0.07153,-0.07151,0.00491,0.99743
0.13135,0.99132,0.00457,-0.98875,0.13134,-0.07153,-0.07151,0.00487,0.99743
0.13129,0.99133,0.00457,-0.98876,0.13128,-0.07152,-0.07150,0.00487,0.99743
0.13121,0.99134,0.00482,-0.98877,0.13122,-0.07149,-0.07150,0.00462,0.99743
0.13111,0.99136,0.00490,-0.98878,0.13113,-0.07150,-0.07152,0.00453,0.99743
0.13101,0.99137,0.00487,-0.98880,0.13103,-0.07152,-0.07154,0.00455,0.99743
0.13093,0.99138,0.00505,-0.98880,0.13096,-0.07155,-0.07159,0.00438,0.99742
0.13088,0.99138,0.00511,-0.98882,0.13091,-0.07147,-0.07152,0.00430,0.99743
0.13088,0.99139,0.00492,-0.98882,0.13089,-0.07149,-0.07152,0.00449,0.99743
0.13089,0.99139,0.00484,-0.98881,0.13090,-0.07154,-0.07155,0.00458,0.99743
0.13091,0.99138,0.00482,-0.98881,0.13092,-0.07157,-0.07159,0.00460,0.99742
0.13088,0.99139,0.00492,-0.98881,0.13089,-0.07155,-0.07157,0.00450,0.99743
0.13095,0.99138,0.00494,-0.98880,0.13097,-0.07159,-0.07162,0.00449,0.99742
0.13105,0.99136,0.00484,-0.98879,0.13106,-0.07160,-0.07161,0.00459,0.99742
0.13078,0.99140,0.00489,-0.98882,0.13080,-0.07157,-0.07159,0.00452,0.99742
0.13054,0.99143,0.00497,-0.98885,0.13056,-0.07160,-0.07164,0.00443,0.99742
0.13044,0.99144,0.00496,-0.98886,0.13046,-0.07162,-0.07165,0.00443,0.99742
0.13043,0.99145,0.00497,-0.98886,0.13045,-0.07162,-0.07166,0.00442,0.99742
0.13050,0.99144,0.00500,-0.98886,0.13052,-0.07162,-0.07166,0.00440,0.99742
0.13041,0.99145,0.00486,-0.98887,0.13042,-0.07163,-0.07165,0.00454,0.99742
0.13029,0.99146,0.00491,-0.98888,0.13031,-0.07165,-0.07168,0.00448,0.99742
0.13017,0.99148,0.00496,-0.98890,0.13019,-0.07165,-0.07168,0.00442,0.99742
0.13015,0.99148,0.00501,-0.98890,0.13017,-0.07169,-0.07174,0.00437,0.99741
0.13013,0.99148,0.00508,-0.98890,0.13016,-0.07167,-0.07173,0.00430,0.99742
0.13001,0.99150,0.00509,-0.98891,0.13004,-0.07176,-0.07181,0.00430,0.99741
0.12995,0.99151,0.00512,-0.98891,0.12998,-0.07180,-0.07185,0.00427,0.99741
0.12985,0.99152,0.00523,-0.98893,0.12989,-0.07176,-0.07183,0.00415,0.99741
0.12996,0.99151,0.00506,-0.98892,0.12999,-0.07176,-0.07180,0.00432,0.99741
0.13011,0.99149,0.00501,-0.98890,0.13014,-0.07175,-0.07180,0.00438,0.99741
0.12994,0.99151,0.00514,-0.98892,0.12998,-0.07173,-0.07179,0.00424,0.99741
0.12980,0.99153,0.00517,-0.98894,0.12983,-0.07171,-0.07177,0.00419,0.99741
0.12981,0.99153,0.00516,-0.98894,0.12984,-0.07170,-0.07177,0.00421,0.99741
0.12982,0.99153,0.00505,-0.98894,0.12984,-0.07169,-0.07174,0.00431,0.99741
0.12984,0.99152,0.00496,-0.98894,0.12986,-0.07167,-0.07171,0.00440,0.99742
0.12979,0.99153,0.00494,-0.98895,0.12981,-0.07165,-0.07168,0.00441,0.99742
0.12977,0.99153,0.00495,-0.98895,0.12979,-0.07166,-0.07169,0.00441,0.99742
0.12973,0.99154,0.00510,-0.98895,0.12976,-0.07165,-0.07170,0.00426,0.99742
0.12992,0.99151,0.00499,-0.98893,0.12994,-0.07167,-0.07171,0.00437,0.99742
0.13001,0.99150,0.00499,-0.98892,0.13004,-0.07168,-0.07172,0.00438,0.99742
0.12994,0.99151,0.00503,-0.98893,0.12996,-0.07165,-0.07169,0.00434,0.99742
0.13001,0.99150,0.00491,-0.98892,0.13003,-0.07162,-0.07165,0.00446,0.99742
0.13008,0.99149,0.00490,-0.98891,0.13010,-0.07162,-0.07165,0.00447,0.99742
0.13017,0.99148,0.00489,-0.98890,0.13018,-0.07160,-0.07163,0.00448,0.99742
0.13024,0.99147,0.00472,-0.98890,0.13024,-0.07157,-0.07158,0.00465,0.99742
0.13028,0.99147,0.00461,-0.98889,0.13027,-0.07155,-0.07154,0.00476,0.99743
0.13038,0.99145,0.00466,-0.98888,0.13037,-0.07157,-0.07157,0.00472,0.99742
0.13046,0.99144,0.00455,-0.98886,0.13045,-0.07163,-0.07161,0.00484,0.99742
0.13056,0.99143,0.00433,-0.98885,0.13053,-0.07161,-0.07156,0.00506,0.99742
0.13074,0.99141,0.00426,-0.98882,0.13071,-0.07174,-0.07168,0.00516,0.99741
0.13091,0.99139,0.00426,-0.98880,0.13087,-0.07173,-0.07167,0.00518,0.99741
0.13097,0.99138,0.00433,-0.98879,0.13094,-0.07170,-0.07165,0.00511,0.99742
0.13103,0.99137,0.00439,-0.98879,0.13100,-0.07169,-0.07164,0.00505,0.99742
0.13103,0.99137,0.00444,-0.98879,0.13101,-0.07170,-0.07166,0.00500,0.99742
0.13113,0.99136,0.00439,-0.98877,0.13111,-0.07171,-0.07166,0.00507,0.99742
0.13120,0.99135,0.00433,-0.98877,0.13117,-0.07165,-0.07160,0.00512,0.99742
0.13116,0.99135,0.00413,-0.98877,0.13111,-0.07169,-0.07161,0.00532,0.99742
0.13100,0.99137,0.00405,-0.98879,0.13096,-0.07170,-0.07162,0.00539,0.99742
0.13088,0.99139,0.00405,-0.98881,0.13083,-0.07169,-0.07160,0.00538,0.99742
0.13087,0.99139,0.00402,-0.98881,0.13082,-0.07165,-0.07156,0.00541,0.99742
0.13082,0.99140,0.00394,-0.98882,0.13077,-0.07172,-0.07162,0.00549,0.99742
0.13075,0.99141,0.00388,-0.98882,0.13069,-0.07174,-0.07163,0.00554,0.99742
0.13071,0.99141,0.00376,-0.98883,0.13064,-0.07176,-0.07163,0.00566,0.99741
0.13070,0.99142,0.00361,-0.98883,0.13062,-0.07178,-0.07163,0.00581,0.99741
0.13063,0.99142,0.00353,-0.98884,0.13055,-0.07179,-0.07164,0.00589,0.99741
0.13062,0.99143,0.00329,-0.98885,0.13051,-0.07177,-0.07159,0.00612,0.99742
0.13057,0.99143,0.00310,-0.98885,0.13045,-0.07177,-0.07156,0.00631,0.99742
0.13060,0.99143,0.00308,-0.98885,0.13048,-0.07176,-0.07155,0.00633,0.99742
0.13065,0.99142,0.00332,-0.98884,0.13055,-0.07182,-0.07163,0.00610,0.99741
0.13070,0.99142,0.00357,-0.98883,0.13061,-0.07181,-0.07166,0.00586,0.99741
0.13074,0.99141,0.00353,-0.98882,0.13066,-0.07181,-0.07165,0.00590,0.99741
0.13075,0.99141,0.00367,-0.98881,0.13067,-0.07191,-0.07177,0.00577,0.99740
0.13071,0.99141,0.00373,-0.98882,0.13064,-0.07188,-0.07175,0.00571,0.99741
0.13078,0.99140,0.00358,-0.98881,0.13070,-0.07191,-0.07176,0.00587,0.99741
0.13081,0.99140,0.00339,-0.98881,0.13072,-0.07192,-0.07175,0.00606,0.99740
0.13093,0.99138,0.00355,-0.98880,0.13085,-0.07183,-0.07167,0.00589,0.99741
0.13100,0.99138,0.00380,-0.98879,0.13093,-0.07177,-0.07165,0.00565,0.99741
0.13091,0.99139,0.00395,-0.98880,0.13086,-0.07181,-0.07171,0.00550,0.99741
0.13089,0.99139,0.00396,-0.98880,0.13083,-0.07184,-0.07174,0.00549,0.99741
0.13086,0.99139,0.00390,-0.98880,0.13080,-0.07187,-0.07176,0.00555,0.99741
0.13074,0.99141,0.00378,-0.98882,0.13067,-0.07183,-0.07171,0.00565,0.99741
0.13070,0.99142,0.00365,-0.98883,0.13062,-0.07182,-0.07168,0.00578,0.99741
0.13067,0.99142,0.00370,-0.98883,0.13059,-0.07190,-0.07177,0.00574,0.99740
0.13067,0.99142,0.00351,-0.98883,0.13058,-0.07188,-0.07172,0.00592,0.99741
0.13065,0.99142,0.00340,-0.98883,0.13055,-0.07185,-0.07168,0.00603,0.99741
0.13058,0.99143,0.00350,-0.98884,0.13049,-0.07185,-0.07169,0.00592,0.99741
0.13051,0.99144,0.00339,-0.98885,0.13041,-0.07184,-0.07167,0.00602,0.99741
0.13036,0.99146,0.00328,-0.98887,0.13025,-0.07185,-0.07166,0.00612,0.99741
0.13021,0.99148,0.00310,-0.98890,0.13009,-0.07183,-0.07162,0.00629,0.99741
0.13010,0.99150,0.00302,-0.98891,0.12998,-0.07180,-0.07158,0.00636,0.99741
0.13000,0.99151,0.00300,-0.98893,0.12988,-0.07179,-0.07157,0.00637,0.99741
0.13014,0.99149,0.00284,-0.98891,0.13001,-0.07179,-0.07154,0.00653,0.99742
0.13025,0.99148,0.00272,-0.98890,0.13011,-0.07175,-0.07150,0.00665,0.99742
0.13012,0.99149,0.00261,-0.98892,0.12997,-0.07172,-0.07145,0.00675,0.99742
0.13006,0.99150,0.00250,-0.98893,0.12990,-0.07168,-0.07140,0.00685,0.99742
0.12997,0.99151,0.00241,-0.98894,0.12981,-0.07168,-0.07138,0.00693,0.99743
0.13000,0.99151,0.00242,-0.98894,0.12984,-0.07166,-0.07137,0.00692,0.99743
0.13000,0.99151,0.00246,-0.98894,0.12984,-0.07165,-0.07136,0.00688,0.99743
0.12998,0.99151,0.00249,-0.98895,0.12982,-0.07164,-0.07136,0.00685,0.99743
0.12999,0.99151,0.00274,-0.98894,0.12985,-0.07163,-0.07138,0.00660,0.99743
0.12997,0.99151,0.00303,-0.98894,0.12985,-0.07163,-0.07142,0.00631,0.99743
0.12999,0.99151,0.00328,-0.98894,0.12989,-0.07163,-0.07144,0.00607,0.99743
0.13012,0.99149,0.00333,-0.98892,0.13002,-0.07160,-0.07142,0.00602,0.99743
0.13022,0.99148,0.00328,-0.98891,0.13012,-0.07162,-0.07144,0.00609,0.99743
0.13032,0.99147,0.00346,-0.98889,0.13024,-0.07161,-0.07145,0.00591,0.99743
0.13042,0.99145,0.00355,-0.98888,0.13034,-0.07162,-0.07147,0.00583,0.99743
0.13042,0.99145,0.00366,-0.98888,0.13034,-0.07162,-0.07148,0.00572,0.99743
0.13042,0.99145,0.00374,-0.98888,0.13036,-0.07164,-0.07152,0.00564,0.99742
0.13035,0.99146,0.00382,-0.98889,0.13029,-0.07158,-0.07147,0.00555,0.99743
0.13024,0.99147,0.00404,-0.98890,0.13020,-0.07153,-0.07145,0.00532,0.99743
0.13021,0.99148,0.00421,-0.98891,0.13018,-0.07148,-0.07142,0.00514,0.99743
0.13018,0.99148,0.00436,-0.98892,0.13016,-0.07144,-0.07140,0.00499,0.99744
0.13023,0.99147,0.00437,-0.98891,0.13021,-0.07138,-0.07134,0.00498,0.99744
0.13031,0.99146,0.00438,-0.98890,0.13029,-0.07139,-0.07135,0.00498,0.99744
0.13033,0.99146,0.00456,-0.98890,0.13033,-0.07140,-0.07139,0.00480,0.99744
0.13030,0.99146,0.00469,-0.98890,0.13030,-0.07136,-0.07136,0.00466,0.99744
0.13025,0.99147,0.00472,-0.98891,0.13025,-0.07137,-0.07137,0.00463,0.99744
0.13025,0.99147,0.00472,-0.98891,0.13025,-0.07140,-0.07140,0.00463,0.99744
0.13025,0.99147,0.00474,-0.98891,0.13025,-0.07135,-0.07136,0.00460,0.99744
0.13029,0.99146,0.00478,-0.98890,0.13030,-0.07138,-0.07139,0.00457,0.99744
0.13023,0.99147,0.00468,-0.98891,0.13023,-0.07136,-0.07136,0.00466,0.99744
0.13019,0.99148,0.00456,-0.98892,0.13018,-0.07139,-0.07137,0.00479,0.99744
0.13011,0.99149,0.00440,-0.98893,0.13009,-0.07139,-0.07136,0.00494,0.99744
0.13007,0.99150,0.00446,-0.98894,0.13005,-0.07134,-0.07131,0.00487,0.99744
0.13017,0.99148,0.00440,-0.98892,0.13015,-0.07137,-0.07133,0.00493,0.99744
0.13025,0.99147,0.00440,-0.98891,0.13023,-0.07141,-0.07137,0.00495,0.99744
0.13036,0.99146,0.00430,-0.98890,0.13034,-0.07139,-0.07134,0.00506,0.99744
0.13028,0.99147,0.00419,-0.98891,0.13024,-0.07140,-0.07134,0.00516,0.99744
0.13023,0.99147,0.00411,-0.98891,0.13019,-0.07144,-0.07136,0.00523,0.99744
0.13008,0.99149,0.00411,-0.98894,0.13004,-0.07136,-0.07129,0.00522,0.99744
0.12996,0.99151,0.00433,-0.98895,0.12994,-0.07138,-0.07133,0.00499,0.99744
0.12995,0.99151,0.00441,-0.98895,0.12994,-0.07138,-0.07135,0.00491,0.99744
0.12993,0.99151,0.00445,-0.98895,0.12991,-0.07139,-0.07136,0.00487,0.99744
0.12984,0.99152,0.00449,-0.98896,0.12983,-0.07140,-0.07138,0.00483,0.99744
0.12975,0.99154,0.00459,-0.98898,0.12975,-0.07136,-0.07135,0.00472,0.99744
0.12974,0.99154,0.00463,-0.98898,0.12973,-0.07137,-0.07137,0.00468,0.99744
0.12973,0.99154,0.00477,-0.98898,0.12974,-0.07134,-0.07136,0.00454,0.99744
0.12976,0.99153,0.00501,-0.98897,0.12979,-0.07134,-0.07139,0.00431,0.99744
0.12981,0.99153,0.00501,-0.98897,0.12984,-0.07134,-0.07138,0.00431,0.99744
0.12974,0.99153,0.00518,-0.98898,0.12978,-0.07131,-0.07138,0.00413,0.99744
0.12968,0.99154,0.00530,-0.98898,0.12973,-0.07130,-0.07138,0.00400,0.99744
0.12963,0.99155,0.00533,-0.98899,0.12968,-0.07127,-0.07136,0.00397,0.99744
0.12965,0.99155,0.00528,-0.98899,0.12969,-0.07123,-0.07132,0.00401,0.99745
0.12958,0.99155,0.00547,-0.98900,0.12964,-0.07122,-0.07132,0.00382,0.99745
0.12952,0.99156,0.00525,-0.98901,0.12957,-0.07121,-0.07129,0.00403,0.99745
0.12950,0.99157,0.00501,-0.98901,0.12953,-0.07132,-0.07137,0.00429,0.99744
0.12951,0.99156,0.00505,-0.98901,0.12954,-0.07128,-0.07134,0.00423,0.99744
0.12958,0.99156,0.00487,-0.98900,0.12960,-0.07130,-0.07133,0.00442,0.99744
0.12942,0.99158,0.00470,-0.98902,0.12943,-0.07131,-0.07132,0.00458,0.99744
0.12931,0.99159,0.00463,-0.98904,0.12931,-0.07128,-0.07128,0.00463,0.99745
0.12924,0.99160,0.00460,-0.98904,0.12923,-0.07142,-0.07141,0.00468,0.99744
0.12925,0.99160,0.00443,-0.98904,0.12924,-0.07140,-0.07138,0.00485,0.99744
0.12937,0.99159,0.00442,-0.98903,0.12935,-0.07134,-0.07131,0.00486,0.99744
0.12947,0.99157,0.00435,-0.98902,0.12945,-0.07135,-0.07132,0.00493,0.99744
0.12954,0.99156,0.00444,-0.98900,0.12952,-0.07137,-0.07134,0.00486,0.99744
0.12958,0.99156,0.00452,-0.98900,0.12957,-0.07139,-0.07137,0.00478,0.99744
0.12956,0.99156,0.00437,-0.98900,0.12954,-0.07138,-0.07134,0.00492,0.99744
0.12967,0.99155,0.00441,-0.98899,0.12965,-0.07135,-0.07132,0.00490,0.99744
0.12977,0.99153,0.00446,-0.98897,0.12976,-0.07137,-0.07134,0.00485,0.99744
0.12972,0.99154,0.00436,-0.98898,0.12970,-0.07136,-0.07132,0.00494,0.99744
0.12971,0.99154,0.00426,-0.98899,0.12968,-0.07136,-0.07130,0.00504,0.99744
0.12967,0.99155,0.00408,-0.98899,0.12963,-0.07135,-0.07127,0.00522,0.99744
0.12963,0.99155,0.00411,-0.98899,0.12960,-0.07138,-0.07131,0.00519,0.99744
0.12963,0.99155,0.00413,-0.98900,0.12959,-0.07134,-0.07127,0.00516,0.99744
0.12967,0.99155,0.00423,-0.98899,0.12964,-0.07138,-0.07133,0.00507,0.99744
0.12974,0.99154,0.00411,-0.98898,0.12970,-0.07137,-0.07130,0.00520,0.99744
0.12980,0.99153,0.00401,-0.98897,0.12976,-0.07141,-0.07133,0.00530,0.99744
0.12981,0.99153,0.00399,-0.98897,0.12976,-0.07142,-0.07133,0.00532,0.99744
0.12979,0.99153,0.00396,-0.98897,0.12974,-0.07139,-0.07130,0.00535,0.99744
0.12973,0.99154,0.00400,-0.98899,0.12968,-0.07135,-0.07126,0.00530,0.99744
0.12978,0.99153,0.00397,-0.98898,0.12973,-0.07131,-0.07122,0.00533,0.99745
0.12988,0.99152,0.00390,-0.98897,0.12982,-0.07128,-0.07118,0.00540,0.99745
0.12996,0.99151,0.00387,-0.98896,0.12990,-0.07126,-0.07116,0.00543,0.99745
0.12991,0.99152,0.00375,-0.98897,0.12985,-0.07128,-0.07116,0.00555,0.99745
0.12981,0.99153,0.00362,-0.98898,0.12974,-0.07127,-0.07113,0.00567,0.99745
0.12979,0.99154,0.00334,-0.98899,0.12969,-0.07131,-0.07114,0.00595,0.99745
0.12969,0.99155,0.00326,-0.98900,0.12959,-0.07127,-0.07109,0.00602,0.99745
0.12956,0.99157,0.00318,-0.98902,0.12946,-0.07129,-0.07110,0.00609,0.99745
0.12956,0.99157,0.00305,-0.98901,0.12945,-0.07144,-0.07123,0.00624,0.99744
0.12957,0.99157,0.00300,-0.98901,0.12945,-0.07139,-0.07117,0.00628,0.99744
0.12950,0.99158,0.00275,-0.98903,0.12937,-0.07134,-0.07110,0.00652,0.99745
0.12936,0.99159,0.00272,-0.98905,0.12922,-0.07135,-0.07110,0.00654,0.99745
0.12936,0.99159,0.00268,-0.98905,0.12922,-0.07133,-0.07108,0.00658,0.99745
