-0.98328,0.17001,-0.06530,-0.16655,-0.98448,-0.05531,-0.07369,-0.04351,0.99633
-0.98341,0.17012,-0.06292,-0.16676,-0.98444,-0.05532,-0.07135,-0.04391,0.99648
-0.98342,0.17015,-0.06269,-0.16680,-0.98444,-0.05530,-0.07113,-0.04393,0.99650
-0.98342,0.17036,-0.06212,-0.16704,-0.98440,-0.05525,-0.07056,-0.04396,0.99654
-0.98327,0.17150,-0.06135,-0.16821,-0.98420,-0.05536,-0.06987,-0.04411,0.99658
-0.98314,0.17247,-0.06070,-0.16919,-0.98402,-0.05551,-0.06930,-0.04430,0.99661
-0.98312,0.17303,-0.05941,-0.16982,-0.98391,-0.05555,-0.06806,-0.04452,0.99669
-0.98333,0.17245,-0.05756,-0.16932,-0.98400,-0.05555,-0.06622,-0.04488,0.99680
-0.98352,0.17192,-0.05592,-0.16886,-0.98408,-0.05551,-0.06457,-0.04515,0.99689
-0.98371,0.17150,-0.05388,-0.16854,-0.98414,-0.05541,-0.06252,-0.04542,0.99701
-0.98410,0.17026,-0.05053,-0.16745,-0.98432,-0.05536,-0.05916,-0.04602,0.99719
-0.98445,0.16910,-0.04749,-0.16644,-0.98450,-0.05532,-0.05611,-0.04655,0.99734
-0.98422,0.16960,-0.05041,-0.16680,-0.98444,-0.05533,-0.05901,-0.04605,0.99719
-0.98401,0.17002,-0.05306,-0.16710,-0.98439,-0.05534,-0.06164,-0.04559,0.99706
-0.98420,0.16937,-0.05155,-0.16652,-0.98449,-0.05528,-0.06012,-0.04582,0.99714
-0.98419,0.16992,-0.04997,-0.16714,-0.98438,-0.05532,-0.05858,-0.04609,0.99722
-0.98399,0.17150,-0.04841,-0.16880,-0.98409,-0.05538,-0.05714,-0.04633,0.99729
-0.98397,0.17159,-0.04846,-0.16888,-0.98408,-0.05545,-0.05721,-0.04638,0.99728
-0.98396,0.17165,-0.04854,-0.16894,-0.98406,-0.05547,-0.05729,-0.04638,0.99728
-0.98384,0.17265,-0.04744,-0.16998,-0.98388,-0.05549,-0.05625,-0.04653,0.99733
-0.98391,0.17258,-0.04621,-0.16997,-0.98389,-0.05548,-0.05504,-0.04673,0.99739
-0.98417,0.17147,-0.04480,-0.16893,-0.98407,-0.05541,-0.05359,-0.04697,0.99746
-0.98428,0.17127,-0.04306,-0.16881,-0.98409,-0.05541,-0.05186,-0.04727,0.99753
-0.98420,0.17177,-0.04298,-0.16932,-0.98400,-0.05546,-0.05182,-0.04730,0.99754
-0.98395,0.17283,-0.04432,-0.17031,-0.98383,-0.05550,-0.05319,-0.04706,0.99747
-0.98410,0.17250,-0.04224,-0.17007,-0.98387,-0.05550,-0.05113,-0.04743,0.99756
-0.98423,0.17221,-0.04035,-0.16988,-0.98390,-0.05546,-0.04926,-0.04773,0.99764
-0.98426,0.17211,-0.04000,-0.16980,-0.98392,-0.05542,-0.04890,-0.04776,0.99766
-0.98429,0.17201,-0.03969,-0.16972,-0.98394,-0.05539,-0.04858,-0.04778,0.99768
-0.98412,0.17298,-0.03973,-0.17068,-0.98377,-0.05542,-0.04867,-0.04776,0.99767
-0.98396,0.17416,-0.03868,-0.17191,-0.98355,-0.05544,-0.04770,-0.04790,0.99771
-0.98393,0.17424,-0.03900,-0.17198,-0.98354,-0.05538,-0.04801,-0.04779,0.99770
-0.98397,0.17363,-0.04068,-0.17129,-0.98366,-0.05536,-0.04963,-0.04750,0.99764
-0.98401,0.17311,-0.04183,-0.17071,-0.98376,-0.05538,-0.05074,-0.04736,0.99759
-0.98379,0.17413,-0.04286,-0.17169,-0.98359,-0.05538,-0.05180,-0.04713,0.99754
-0.98375,0.17486,-0.04079,-0.17251,-0.98345,-0.05541,-0.04980,-0.04747,0.99763
-0.98360,0.17554,-0.04137,-0.17317,-0.98333,-0.05540,-0.05040,-0.04733,0.99761
-0.98337,0.17610,-0.04435,-0.17358,-0.98326,-0.05544,-0.05337,-0.04682,0.99748
-0.98292,0.17817,-0.04602,-0.17557,-0.98290,-0.05549,-0.05512,-0.04646,0.99740
-0.98257,0.18009,-0.04617,-0.17748,-0.98256,-0.05553,-0.05537,-0.04637,0.99739
-0.98256,0.18045,-0.04477,-0.17791,-0.98248,-0.05556,-0.05401,-0.04663,0.99745
-0.98247,0.18080,-0.04552,-0.17821,-0.98242,-0.05564,-0.05477,-0.04655,0.99741
-0.98268,0.17943,-0.04631,-0.17682,-0.98268,-0.05554,-0.05547,-0.04639,0.99738
-0.98273,0.17930,-0.04581,-0.17670,-0.98270,-0.05555,-0.05498,-0.04650,0.99740
-0.98278,0.17916,-0.04528,-0.17659,-0.98271,-0.05558,-0.05445,-0.04663,0.99743
-0.98217,0.18257,-0.04485,-0.18001,-0.98209,-0.05571,-0.05422,-0.04665,0.99744
-0.98247,0.18143,-0.04279,-0.17897,-0.98228,-0.05565,-0.05213,-0.04702,0.99753
-0.98274,0.18043,-0.04090,-0.17806,-0.98244,-0.05566,-0.05022,-0.04742,0.99761
-0.98244,0.18134,-0.04388,-0.17883,-0.98230,-0.05569,-0.05320,-0.04686,0.99748
-0.98216,0.18217,-0.04656,-0.17953,-0.98217,-0.05571,-0.05588,-0.04636,0.99736
-0.98206,0.18234,-0.04800,-0.17964,-0.98216,-0.05567,-0.05730,-0.04605,0.99729
-0.98222,0.18179,-0.04684,-0.17914,-0.98225,-0.05564,-0.05613,-0.04626,0.99735
-0.98235,0.18135,-0.04584,-0.17875,-0.98232,-0.05562,-0.05511,-0.04644,0.99740
-0.98213,0.18310,-0.04346,-0.18060,-0.98198,-0.05572,-0.05288,-0.04688,0.99750
-0.98233,0.18172,-0.04471,-0.17917,-0.98224,-0.05567,-0.05403,-0.04667,0.99745
-0.98251,0.18045,-0.04588,-0.17785,-0.98249,-0.05562,-0.05511,-0.04649,0.99740
-0.98279,0.17923,-0.04484,-0.17667,-0.98270,-0.05563,-0.05404,-0.04675,0.99744
-0.98282,0.17925,-0.04400,-0.17673,-0.98268,-0.05569,-0.05322,-0.04696,0.99748
-0.98286,0.17924,-0.04321,-0.17676,-0.98268,-0.05564,-0.05243,-0.04705,0.99752
-0.98299,0.17850,-0.04324,-0.17602,-0.98282,-0.05559,-0.05242,-0.04703,0.99752
-0.98308,0.17770,-0.04444,-0.17517,-0.98297,-0.05557,-0.05356,-0.04684,0.99747
-0.98315,0.17704,-0.04556,-0.17445,-0.98309,-0.05560,-0.05463,-0.04672,0.99741
-0.98310,0.17764,-0.04426,-0.17511,-0.98298,-0.05564,-0.05339,-0.04695,0.99747
-0.98304,0.17822,-0.04313,-0.17575,-0.98286,-0.05565,-0.05231,-0.04712,0.99752
-0.98286,0.17940,-0.04237,-0.17695,-0.98264,-0.05570,-0.05163,-0.04725,0.99755
-0.98270,0.18044,-0.04175,-0.17802,-0.98245,-0.05574,-0.05107,-0.04734,0.99757
-0.98279,0.17955,-0.04335,-0.17707,-0.98262,-0.05570,-0.05260,-0.04707,0.99751
-0.98262,0.18030,-0.04419,-0.17778,-0.98249,-0.05569,-0.05346,-0.04686,0.99747
-0.98246,0.18099,-0.04499,-0.17842,-0.98237,-0.05573,-0.05428,-0.04673,0.99743
-0.98259,0.17983,-0.04677,-0.17719,-0.98261,-0.05559,-0.05595,-0.04634,0.99736
-0.98281,0.17899,-0.04526,-0.17642,-0.98275,-0.05556,-0.05442,-0.04662,0.99743
-0.98312,0.17765,-0.04384,-0.17515,-0.98298,-0.05552,-0.05296,-0.04690,0.99749
-0.98317,0.17733,-0.04396,-0.17483,-0.98303,-0.05551,-0.05306,-0.04689,0.99749
-0.98306,0.17787,-0.04413,-0.17536,-0.98294,-0.05555,-0.05326,-0.04687,0.99748
-0.98310,0.17771,-0.04398,-0.17520,-0.98296,-0.05555,-0.05310,-0.04691,0.99749
-0.98318,0.17733,-0.04366,-0.17484,-0.98303,-0.05553,-0.05277,-0.04697,0.99750
-0.98325,0.17701,-0.04341,-0.17453,-0.98309,-0.05554,-0.05251,-0.04703,0.99751
-0.98375,0.17469,-0.04157,-0.17231,-0.98348,-0.05539,-0.05056,-0.04733,0.99760
-0.98404,0.17375,-0.03834,-0.17152,-0.98362,-0.05540,-0.04734,-0.04794,0.99773
-0.98433,0.17273,-0.03541,-0.17064,-0.98378,-0.05537,-0.04440,-0.04846,0.99784
-0.98452,0.17137,-0.03687,-0.16922,-0.98403,-0.05528,-0.04575,-0.04818,0.99779
-0.98476,0.16966,-0.03822,-0.16744,-0.98433,-0.05523,-0.04699,-0.04799,0.99774
-0.98493,0.16832,-0.03967,-0.16604,-0.98458,-0.05514,-0.04834,-0.04772,0.99769
-0.98496,0.16853,-0.03813,-0.16632,-0.98453,-0.05516,-0.04684,-0.04799,0.99775
-0.98498,0.16872,-0.03671,-0.16658,-0.98449,-0.05510,-0.04544,-0.04815,0.99781
-0.98501,0.16912,-0.03382,-0.16712,-0.98440,-0.05510,-0.04261,-0.04862,0.99791
-0.98507,0.16946,-0.03024,-0.16764,-0.98431,-0.05514,-0.03911,-0.04925,0.99802
-0.98509,0.16989,-0.02698,-0.16823,-0.98420,-0.05515,-0.03593,-0.04979,0.99811
-0.98487,0.17068,-0.03005,-0.16886,-0.98410,-0.05516,-0.03899,-0.04925,0.99803
-0.98466,0.17184,-0.03030,-0.17002,-0.98390,-0.05513,-0.03928,-0.04914,0.99802
-0.98460,0.17201,-0.03114,-0.17014,-0.98388,-0.05511,-0.04012,-0.04896,0.99799
-0.98452,0.17217,-0.03272,-0.17022,-0.98386,-0.05514,-0.04169,-0.04872,0.99794
-0.98443,0.17226,-0.03499,-0.17020,-0.98387,-0.05513,-0.04392,-0.04832,0.99787
-0.98444,0.17218,-0.03518,-0.17011,-0.98388,-0.05510,-0.04410,-0.04825,0.99786
-0.98442,0.17207,-0.03618,-0.16996,-0.98391,-0.05503,-0.04506,-0.04802,0.99783
-0.98433,0.17224,-0.03778,-0.17006,-0.98390,-0.05503,-0.04665,-0.04775,0.99777
-0.98428,0.17183,-0.04073,-0.16950,-0.98399,-0.05504,-0.04954,-0.04727,0.99765
-0.98428,0.17084,-0.04483,-0.16832,-0.98420,-0.05497,-0.05352,-0.04656,0.99748
-0.98416,0.17126,-0.04578,-0.16870,-0.98413,-0.05498,-0.05447,-0.04639,0.99744
-0.98403,0.17151,-0.04772,-0.16886,-0.98410,-0.05500,-0.05640,-0.04607,0.99735
-0.98387,0.17156,-0.05062,-0.16877,-0.98412,-0.05496,-0.05925,-0.04553,0.99720
-0.98389,0.17119,-0.05158,-0.16837,-0.98419,-0.05492,-0.06016,-0.04536,0.99716
-0.98391,0.17082,-0.05245,-0.16795,-0.98426,-0.05492,-0.06101,-0.04523,0.99711
-0.98381,0.17163,-0.05159,-0.16880,-0.98412,-0.05493,-0.06020,-0.04533,0.99716
-0.98364,0.17259,-0.05162,-0.16976,-0.98395,-0.05498,-0.06028,-0.04532,0.99715
-0.98342,0.17359,-0.05236,-0.17072,-0.98378,-0.05502,-0.06106,-0.04516,0.99711
-0.98330,0.17334,-0.05546,-0.17034,-0.98385,-0.05499,-0.06410,-0.04463,0.99695
-0.98311,0.17410,-0.05634,-0.17106,-0.98373,-0.05500,-0.06500,-0.04443,0.99690
-0.98289,0.17571,-0.05523,-0.17271,-0.98343,-0.05509,-0.06399,-0.04461,0.99695
-0.98264,0.17721,-0.05490,-0.17422,-0.98316,-0.05517,-0.06375,-0.04465,0.99697
-0.98395,0.17011,-0.05383,-0.16719,-0.98440,-0.05480,-0.06231,-0.04493,0.99705
-0.98424,0.16881,-0.05276,-0.16594,-0.98462,-0.05474,-0.06118,-0.04512,0.99711
-0.98420,0.16817,-0.05541,-0.16518,-0.98474,-0.05472,-0.06376,-0.04470,0.99696
-0.98558,0.15908,-0.05774,-0.15601,-0.98627,-0.05421,-0.06557,-0.04442,0.99686
-0.98554,0.15855,-0.05973,-0.15540,-0.98637,-0.05416,-0.06750,-0.04410,0.99674
-0.98558,0.15784,-0.06099,-0.15463,-0.98649,-0.05411,-0.06871,-0.04390,0.99667
-0.98561,0.15717,-0.06219,-0.15392,-0.98660,-0.05405,-0.06985,-0.04370,0.99660
-0.98519,0.15940,-0.06315,-0.15609,-0.98625,-0.05418,-0.07092,-0.04352,0.99653
-0.98479,0.16148,-0.06407,-0.15813,-0.98592,-0.05431,-0.07194,-0.04336,0.99647
-0.98462,0.16277,-0.06343,-0.15944,-0.98571,-0.05439,-0.07138,-0.04344,0.99650
-0.98448,0.16390,-0.06281,-0.16060,-0.98552,-0.05447,-0.07083,-0.04354,0.99654
-0.98397,0.16597,-0.06524,-0.16255,-0.98519,-0.05461,-0.07334,-0.04313,0.99637
-0.98409,0.16635,-0.06248,-0.16305,-0.98510,-0.05461,-0.07063,-0.04355,0.99655
-0.98416,0.16606,-0.06201,-0.16279,-0.98515,-0.05461,-0.07016,-0.04365,0.99658
-0.98422,0.16511,-0.06371,-0.16176,-0.98532,-0.05457,-0.07178,-0.04340,0.99648
-0.98413,0.16551,-0.06395,-0.16215,-0.98525,-0.05463,-0.07205,-0.04340,0.99646
-0.98407,0.16582,-0.06416,-0.16244,-0.98520,-0.05467,-0.07228,-0.04337,0.99644
-0.98404,0.16511,-0.06640,-0.16164,-0.98534,-0.05458,-0.07444,-0.04298,0.99630
-0.98401,0.16444,-0.06844,-0.16089,-0.98547,-0.05449,-0.07640,-0.04261,0.99617
-0.98389,0.16542,-0.06775,-0.16190,-0.98530,-0.05452,-0.07578,-0.04267,0.99621
-0.98404,0.16440,-0.06806,-0.16088,-0.98547,-0.05444,-0.07603,-0.04262,0.99619
-0.98409,0.16427,-0.06774,-0.16076,-0.98549,-0.05443,-0.07569,-0.04267,0.99622
-0.98421,0.16404,-0.06642,-0.16059,-0.98552,-0.05441,-0.07438,-0.04289,0.99631
-0.98395,0.16464,-0.06888,-0.16108,-0.98544,-0.05441,-0.07684,-0.04244,0.99614
-0.98373,0.16504,-0.07100,-0.16138,-0.98539,-0.05447,-0.07895,-0.04213,0.99599
-0.98382,0.16489,-0.07012,-0.16128,-0.98541,-0.05447,-0.07808,-0.04228,0.99605
-0.98390,0.16474,-0.06934,-0.16115,-0.98542,-0.05449,-0.07730,-0.04244,0.99610
-0.98400,0.16417,-0.06920,-0.16060,-0.98552,-0.05442,-0.07713,-0.04244,0.99612
-0.98405,0.16493,-0.06665,-0.16146,-0.98537,-0.05448,-0.07466,-0.04285,0.99629
-0.98410,0.16565,-0.06409,-0.16229,-0.98524,-0.05450,-0.07217,-0.04324,0.99645
-0.98430,0.16542,-0.06158,-0.16217,-0.98526,-0.05446,-0.06968,-0.04362,0.99662
-0.98447,0.16523,-0.05931,-0.16208,-0.98527,-0.05446,-0.06743,-0.04400,0.99675
-0.98423,0.16717,-0.05780,-0.16408,-0.98493,-0.05465,-0.06607,-0.04430,0.99683
-0.98399,0.16872,-0.05744,-0.16564,-0.98467,-0.05472,-0.06579,-0.04433,0.99685
-0.98377,0.17012,-0.05706,-0.16706,-0.98442,-0.05478,-0.06549,-0.04436,0.99687
-0.98349,0.17194,-0.05648,-0.16889,-0.98411,-0.05484,-0.06501,-0.04439,0.99690
-0.98350,0.17235,-0.05495,-0.16938,-0.98403,-0.05482,-0.06352,-0.04461,0.99698
-0.98351,0.17274,-0.05350,-0.16983,-0.98395,-0.05483,-0.06211,-0.04484,0.99706
-0.98370,0.17261,-0.05033,-0.16985,-0.98394,-0.05486,-0.05899,-0.04541,0.99723
-0.98387,0.17249,-0.04744,-0.16986,-0.98394,-0.05484,-0.05614,-0.04590,0.99737
-0.98413,0.17197,-0.04375,-0.16951,-0.98400,-0.05479,-0.05247,-0.04650,0.99754
-0.98423,0.17184,-0.04204,-0.16947,-0.98401,-0.05478,-0.05078,-0.04679,0.99761
-0.98432,0.17170,-0.04050,-0.16939,-0.98402,-0.05480,-0.04926,-0.04708,0.99768
-0.98459,0.17033,-0.03953,-0.16807,-0.98425,-0.05476,-0.04823,-0.04727,0.99772
-0.98400,0.17351,-0.04054,-0.17120,-0.98371,-0.05486,-0.04940,-0.04704,0.99767
-0.98344,0.17642,-0.04145,-0.17406,-0.98320,-0.05497,-0.05045,-0.04685,0.99763
-0.98372,0.17575,-0.03753,-0.17358,-0.98329,-0.05492,-0.04655,-0.04751,0.99779
-0.98396,0.17510,-0.03398,-0.17310,-0.98337,-0.05492,-0.04303,-0.04816,0.99791
-0.98405,0.17459,-0.03420,-0.17258,-0.98346,-0.05487,-0.04321,-0.04810,0.99791
-0.98416,0.17381,-0.03484,-0.17177,-0.98361,-0.05482,-0.04379,-0.04797,0.99789
-0.98427,0.17311,-0.03540,-0.17104,-0.98373,-0.05488,-0.04432,-0.04796,0.99787
-0.98438,0.17232,-0.03606,-0.17022,-0.98388,-0.05482,-0.04493,-0.04783,0.99784
-0.98428,0.17300,-0.03564,-0.17092,-0.98376,-0.05484,-0.04455,-0.04789,0.99786
-0.98419,0.17360,-0.03520,-0.17155,-0.98365,-0.05482,-0.04414,-0.04791,0.99788
-0.98413,0.17361,-0.03668,-0.17148,-0.98366,-0.05482,-0.04560,-0.04766,0.99782
-0.98392,0.17479,-0.03670,-0.17266,-0.98345,-0.05484,-0.04567,-0.04763,0.99782
-0.98372,0.17591,-0.03665,-0.17378,-0.98325,-0.05492,-0.04570,-0.04765,0.99782
-0.98377,0.17607,-0.03456,-0.17404,-0.98321,-0.05488,-0.04365,-0.04797,0.99789
-0.98381,0.17624,-0.03266,-0.17430,-0.98316,-0.05492,-0.04179,-0.04834,0.99796
-0.98365,0.17676,-0.03458,-0.17473,-0.98308,-0.05498,-0.04372,-0.04804,0.99789
-0.98364,0.17705,-0.03331,-0.17508,-0.98302,-0.05502,-0.04249,-0.04828,0.99793
-0.98364,0.17728,-0.03215,-0.17536,-0.98297,-0.05501,-0.04136,-0.04848,0.99797
-0.98308,0.18043,-0.03155,-0.17854,-0.98239,-0.05513,-0.04094,-0.04857,0.99798
-0.98257,0.18330,-0.03098,-0.18142,-0.98185,-0.05527,-0.04055,-0.04868,0.99799
-0.98275,0.18189,-0.03356,-0.17989,-0.98213,-0.05525,-0.04301,-0.04826,0.99791
-0.98278,0.18160,-0.03413,-0.17957,-0.98219,-0.05524,-0.04355,-0.04816,0.99789
-0.98281,0.18132,-0.03465,-0.17927,-0.98225,-0.05528,-0.04406,-0.04812,0.99787
-0.98296,0.18042,-0.03510,-0.17835,-0.98242,-0.05521,-0.04444,-0.04801,0.99786
-0.98337,0.17962,-0.02669,-0.17796,-0.98249,-0.05519,-0.03613,-0.04952,0.99812
-0.98338,0.17989,-0.02437,-0.17835,-0.98242,-0.05519,-0.03387,-0.04993,0.99818
-0.98329,0.18016,-0.02598,-0.17854,-0.98239,-0.05516,-0.03546,-0.04960,0.99814
-0.98320,0.18044,-0.02751,-0.17874,-0.98235,-0.05516,-0.03697,-0.04932,0.99810
-0.98307,0.18080,-0.02963,-0.17900,-0.98230,-0.05515,-0.03907,-0.04892,0.99804
-0.98303,0.18082,-0.03092,-0.17895,-0.98231,-0.05509,-0.04034,-0.04862,0.99800
-0.98299,0.18082,-0.03212,-0.17889,-0.98233,-0.05509,-0.04151,-0.04841,0.99796
-0.98284,0.18118,-0.03477,-0.17913,-0.98228,-0.05511,-0.04414,-0.04793,0.99787
-0.98268,0.18153,-0.03713,-0.17937,-0.98224,-0.05506,-0.04647,-0.04744,0.99779
-0.98246,0.18248,-0.03829,-0.18026,-0.98208,-0.05507,-0.04766,-0.04720,0.99775
-0.98212,0.18409,-0.03933,-0.18182,-0.98179,-0.05513,-0.04876,-0.04699,0.99770
-0.98166,0.18634,-0.04021,-0.18403,-0.98137,-0.05523,-0.04975,-0.04681,0.99766
-0.98130,0.18783,-0.04210,-0.18542,-0.98110,-0.05531,-0.05169,-0.04647,0.99758
-0.98148,0.18702,-0.04138,-0.18464,-0.98125,-0.05528,-0.05094,-0.04661,0.99761
-0.98165,0.18628,-0.04071,-0.18394,-0.98139,-0.05522,-0.05024,-0.04672,0.99764
-0.98175,0.18556,-0.04176,-0.18317,-0.98153,-0.05513,-0.05122,-0.04647,0.99761
-0.98183,0.18488,-0.04274,-0.18245,-0.98167,-0.05507,-0.05213,-0.04627,0.99757
-0.98179,0.18458,-0.04497,-0.18205,-0.98175,-0.05505,-0.05431,-0.04586,0.99747
-0.98186,0.18396,-0.04589,-0.18139,-0.98187,-0.05500,-0.05518,-0.04568,0.99743
-0.98203,0.18313,-0.04552,-0.18058,-0.98202,-0.05497,-0.05477,-0.04576,0.99745
-0.98175,0.18442,-0.04647,-0.18182,-0.98179,-0.05501,-0.05577,-0.04556,0.99740
-0.98165,0.18485,-0.04692,-0.18223,-0.98171,-0.05504,-0.05623,-0.04548,0.99738
-0.98171,0.18450,-0.04690,-0.18189,-0.98178,-0.05502,-0.05620,-0.04548,0.99738
-0.98143,0.18518,-0.05011,-0.18241,-0.98168,-0.05503,-0.05938,-0.04486,0.99723
-0.98116,0.18580,-0.05300,-0.18290,-0.98159,-0.05507,-0.06226,-0.04433,0.99708
-0.98125,0.18590,-0.05087,-0.18310,-0.98155,-0.05510,-0.06017,-0.04475,0.99718
-0.98135,0.18584,-0.04921,-0.18311,-0.98155,-0.05510,-0.05854,-0.04506,0.99727
-0.98144,0.18567,-0.04800,-0.18300,-0.98157,-0.05509,-0.05735,-0.04529,0.99733
-0.98143,0.18522,-0.04978,-0.18248,-0.98167,-0.05502,-0.05906,-0.04491,0.99724
-0.98156,0.18458,-0.04975,-0.18184,-0.98179,-0.05496,-0.05899,-0.04491,0.99725
-0.98178,0.18382,-0.04814,-0.18115,-0.98192,-0.05495,-0.05737,-0.04523,0.99733
-0.98181,0.18458,-0.04461,-0.18207,-0.98175,-0.05501,-0.05395,-0.04589,0.99749
-0.98195,0.18456,-0.04134,-0.18220,-0.98172,-0.05500,-0.05074,-0.04647,0.99763
-0.98188,0.18508,-0.04072,-0.18275,-0.98162,-0.05501,-0.05015,-0.04657,0.99766
-0.98234,0.18293,-0.03918,-0.18068,-0.98201,-0.05488,-0.04852,-0.04683,0.99772
-0.98276,0.18094,-0.03786,-0.17875,-0.98236,-0.05486,-0.04712,-0.04715,0.99778
-0.98318,0.17923,-0.03499,-0.17718,-0.98265,-0.05478,-0.04420,-0.04766,0.99789
-0.98301,0.18025,-0.03478,-0.17821,-0.98246,-0.05480,-0.04405,-0.04767,0.99789
-0.98284,0.18121,-0.03461,-0.17917,-0.98229,-0.05485,-0.04393,-0.04771,0.99789
-0.98304,0.18059,-0.03185,-0.17868,-0.98237,-0.05490,-0.04121,-0.04828,0.99798
-0.98323,0.18002,-0.02932,-0.17824,-0.98245,-0.05493,-0.03870,-0.04878,0.99806
-0.98297,0.18110,-0.03126,-0.17923,-0.98227,-0.05492,-0.04066,-0.04838,0.99800
-0.98274,0.18204,-0.03303,-0.18007,-0.98212,-0.05497,-0.04244,-0.04807,0.99794
-0.98292,0.18039,-0.03643,-0.17827,-0.98245,-0.05492,-0.04570,-0.04749,0.99783
-0.98315,0.17897,-0.03711,-0.17682,-0.98271,-0.05485,-0.04629,-0.04737,0.99780
-0.98329,0.17821,-0.03724,-0.17605,-0.98285,-0.05481,-0.04637,-0.04734,0.99780
-0.98334,0.17799,-0.03678,-0.17586,-0.98289,-0.05479,-0.04590,-0.04741,0.99782
-0.98369,0.17601,-0.03705,-0.17387,-0.98325,-0.05471,-0.04606,-0.04737,0.99781
-0.98382,0.17520,-0.03759,-0.17303,-0.98340,-0.05470,-0.04654,-0.04731,0.99780
-0.98399,0.17450,-0.03635,-0.17240,-0.98351,-0.05470,-0.04530,-0.04756,0.99784
-0.98413,0.17391,-0.03527,-0.17186,-0.98360,-0.05466,-0.04420,-0.04773,0.99788
-0.98421,0.17327,-0.03629,-0.17117,-0.98373,-0.05465,-0.04517,-0.04757,0.99785
-0.98448,0.17206,-0.03461,-0.17004,-0.98392,-0.05459,-0.04345,-0.04786,0.99791
-0.98450,0.17225,-0.03291,-0.17031,-0.98388,-0.05461,-0.04178,-0.04816,0.99797
-0.98428,0.17384,-0.03121,-0.17198,-0.98358,-0.05472,-0.04021,-0.04849,0.99801
-0.98407,0.17527,-0.02968,-0.17348,-0.98331,-0.05477,-0.03878,-0.04874,0.99806
-0.98399,0.17599,-0.02826,-0.17427,-0.98317,-0.05482,-0.03743,-0.04902,0.99810
-0.98386,0.17666,-0.02843,-0.17494,-0.98305,-0.05478,-0.03763,-0.04893,0.99809
-0.98375,0.17727,-0.02863,-0.17553,-0.98295,-0.05481,-0.03786,-0.04890,0.99809
-0.98367,0.17770,-0.02841,-0.17597,-0.98287,-0.05481,-0.03767,-0.04892,0.99809
-0.98367,0.17738,-0.03046,-0.17555,-0.98295,-0.05478,-0.03966,-0.04854,0.99803
-0.98370,0.17712,-0.03101,-0.17526,-0.98299,-0.05481,-0.04019,-0.04849,0.99801
-0.98369,0.17732,-0.03016,-0.17550,-0.98295,-0.05482,-0.03937,-0.04863,0.99804
-0.98368,0.17749,-0.02942,-0.17572,-0.98291,-0.05485,-0.03865,-0.04878,0.99806
-0.98377,0.17699,-0.02962,-0.17520,-0.98300,-0.05483,-0.03882,-0.04875,0.99806
-0.98381,0.17685,-0.02912,-0.17509,-0.98303,-0.05482,-0.03832,-0.04884,0.99807
-0.98385,0.17671,-0.02869,-0.17496,-0.98305,-0.05479,-0.03788,-0.04888,0.99809
-0.98392,0.17641,-0.02795,-0.17470,-0.98309,-0.05481,-0.03714,-0.04904,0.99811
-0.98394,0.17631,-0.02803,-0.17460,-0.98311,-0.05481,-0.03722,-0.04903,0.99810
-0.98395,0.17620,-0.02815,-0.17448,-0.98313,-0.05486,-0.03734,-0.04907,0.99810
-0.98402,0.17538,-0.03094,-0.17353,-0.98330,-0.05482,-0.04004,-0.04857,0.99802
-0.98406,0.17465,-0.03347,-0.17268,-0.98346,-0.05476,-0.04249,-0.04811,0.99794
-0.98427,0.17367,-0.03250,-0.17175,-0.98362,-0.05474,-0.04148,-0.04830,0.99797
-0.98445,0.17281,-0.03163,-0.17093,-0.98376,-0.05473,-0.04058,-0.04847,0.99800
-0.98461,0.17203,-0.03080,-0.17020,-0.98389,-0.05468,-0.03971,-0.04859,0.99803
-0.98448,0.17298,-0.02975,-0.17120,-0.98372,-0.05466,-0.03872,-0.04872,0.99806
-0.98443,0.17328,-0.02958,-0.17150,-0.98367,-0.05466,-0.03857,-0.04874,0.99807
-0.98439,0.17351,-0.02948,-0.17174,-0.98363,-0.05465,-0.03848,-0.04873,0.99807
-0.98433,0.17378,-0.02987,-0.17199,-0.98358,-0.05462,-0.03887,-0.04863,0.99806
-0.98428,0.17399,-0.03022,-0.17218,-0.98355,-0.05466,-0.03924,-0.04860,0.99805
-0.98401,0.17545,-0.03062,-0.17362,-0.98329,-0.05471,-0.03970,-0.04852,0.99803
-0.98405,0.17514,-0.03109,-0.17328,-0.98335,-0.05471,-0.04015,-0.04845,0.99802
-0.98409,0.17486,-0.03155,-0.17299,-0.98340,-0.05471,-0.04060,-0.04838,0.99800
-0.98384,0.17609,-0.03240,-0.17417,-0.98319,-0.05473,-0.04150,-0.04820,0.99798
-0.98384,0.17580,-0.03400,-0.17380,-0.98326,-0.05471,-0.04305,-0.04792,0.99792
-0.98390,0.17526,-0.03488,-0.17323,-0.98336,-0.05473,-0.04390,-0.04781,0.99789
-0.98373,0.17619,-0.03515,-0.17414,-0.98320,-0.05473,-0.04420,-0.04772,0.99788
-0.98354,0.17717,-0.03539,-0.17511,-0.98303,-0.05468,-0.04448,-0.04758,0.99788
-0.98338,0.17803,-0.03561,-0.17596,-0.98287,-0.05478,-0.04475,-0.04761,0.99786
-0.98353,0.17713,-0.03597,-0.17503,-0.98304,-0.05479,-0.04507,-0.04759,0.99785
-0.98364,0.17636,-0.03679,-0.17424,-0.98318,-0.05474,-0.04582,-0.04744,0.99782
-0.98374,0.17564,-0.03756,-0.17347,-0.98332,-0.05470,-0.04654,-0.04729,0.99780
-0.98349,0.17675,-0.03878,-0.17452,-0.98313,-0.05478,-0.04780,-0.04711,0.99775
-0.98326,0.17780,-0.03990,-0.17552,-0.98295,-0.05482,-0.04897,-0.04690,0.99770
-0.98328,0.17797,-0.03866,-0.17575,-0.98291,-0.05483,-0.04776,-0.04712,0.99775
-0.98329,0.17814,-0.03749,-0.17598,-0.98287,-0.05484,-0.04661,-0.04732,0.99779
-0.98334,0.17848,-0.03439,-0.17646,-0.98278,-0.05488,-0.04359,-0.04790,0.99790
-0.98351,0.17768,-0.03386,-0.17569,-0.98292,-0.05482,-0.04303,-0.04797,0.99792
-0.98365,0.17695,-0.03340,-0.17499,-0.98305,-0.05476,-0.04253,-0.04802,0.99794
-0.98347,0.17800,-0.03308,-0.17605,-0.98286,-0.05480,-0.04227,-0.04807,0.99795
-0.98331,0.17897,-0.03279,-0.17703,-0.98268,-0.05483,-0.04204,-0.04811,0.99796
-0.98364,0.17759,-0.03021,-0.17578,-0.98290,-0.05478,-0.03942,-0.04858,0.99804
-0.98374,0.17715,-0.02956,-0.17537,-0.98298,-0.05476,-0.03876,-0.04868,0.99806
-0.98382,0.17677,-0.02900,-0.17502,-0.98304,-0.05476,-0.03819,-0.04880,0.99808
-0.98409,0.17559,-0.02716,-0.17393,-0.98324,-0.05474,-0.03632,-0.04914,0.99813
-0.98402,0.17589,-0.02772,-0.17419,-0.98319,-0.05478,-0.03689,-0.04908,0.99811
-0.98402,0.17582,-0.02817,-0.17411,-0.98320,-0.05477,-0.03732,-0.04899,0.99810
-0.98404,0.17542,-0.02992,-0.17362,-0.98329,-0.05472,-0.03902,-0.04865,0.99805
-0.98406,0.17503,-0.03152,-0.17315,-0.98338,-0.05465,-0.04056,-0.04832,0.99801
-0.98403,0.17518,-0.03145,-0.17331,-0.98335,-0.05470,-0.04051,-0.04837,0.99801
-0.98408,0.17492,-0.03140,-0.17305,-0.98339,-0.05465,-0.04044,-0.04835,0.99801
-0.98412,0.17471,-0.03134,-0.17284,-0.98343,-0.05464,-0.04037,-0.04836,0.99801
-0.98397,0.17558,-0.03117,-0.17372,-0.98328,-0.05466,-0.04024,-0.04837,0.99802
-0.98385,0.17639,-0.03027,-0.17458,-0.98312,-0.05466,-0.03940,-0.04849,0.99805
-0.98376,0.17709,-0.02937,-0.17531,-0.98299,-0.05470,-0.03856,-0.04867,0.99807
-0.98360,0.17760,-0.03135,-0.17573,-0.98292,-0.05473,-0.04053,-0.04833,0.99801
-0.98345,0.17810,-0.03320,-0.17614,-0.98284,-0.05472,-0.04238,-0.04796,0.99795
-0.98337,0.17874,-0.03205,-0.17684,-0.98272,-0.05477,-0.04128,-0.04819,0.99798
-0.98355,0.17833,-0.02882,-0.17658,-0.98276,-0.05474,-0.03809,-0.04875,0.99808
-0.98370,0.17793,-0.02589,-0.17632,-0.98281,-0.05479,-0.03519,-0.04933,0.99816
-0.98367,0.17806,-0.02611,-0.17644,-0.98278,-0.05487,-0.03543,-0.04937,0.99815
-0.98366,0.17817,-0.02580,-0.17657,-0.98276,-0.05489,-0.03513,-0.04944,0.99816
-0.98389,0.17695,-0.02552,-0.17536,-0.98297,-0.05487,-0.03480,-0.04951,0.99817
-0.98427,0.17505,-0.02388,-0.17355,-0.98330,-0.05481,-0.03307,-0.04981,0.99821
-0.98462,0.17329,-0.02238,-0.17186,-0.98360,-0.05479,-0.03150,-0.05010,0.99825
-0.98455,0.17330,-0.02494,-0.17175,-0.98362,-0.05475,-0.03403,-0.04962,0.99819
-0.98435,0.17440,-0.02536,-0.17283,-0.98343,-0.05475,-0.03449,-0.04951,0.99818
-0.98415,0.17545,-0.02577,-0.17386,-0.98325,-0.05472,-0.03494,-0.04938,0.99817
-0.98357,0.17826,-0.02845,-0.17653,-0.98277,-0.05480,-0.03773,-0.04888,0.99809
-0.98346,0.17879,-0.02911,-0.17702,-0.98268,-0.05479,-0.03840,-0.04873,0.99807
-0.98335,0.17925,-0.02976,-0.17745,-0.98260,-0.05481,-0.03907,-0.04862,0.99805
-0.98318,0.18035,-0.02869,-0.17861,-0.98239,-0.05483,-0.03807,-0.04879,0.99808
-0.98306,0.18110,-0.02833,-0.17937,-0.98225,-0.05488,-0.03776,-0.04887,0.99809
-0.98298,0.18145,-0.02864,-0.17970,-0.98219,-0.05492,-0.03810,-0.04883,0.99808
-0.98305,0.18072,-0.03086,-0.17887,-0.98234,-0.05495,-0.04024,-0.04850,0.99801
-0.98310,0.18007,-0.03291,-0.17812,-0.98248,-0.05491,-0.04222,-0.04812,0.99795
-0.98323,0.17966,-0.03118,-0.17779,-0.98254,-0.05488,-0.04050,-0.04842,0.99801
-0.98332,0.17882,-0.03331,-0.17686,-0.98271,-0.05480,-0.04254,-0.04800,0.99794
-0.98346,0.17807,-0.03318,-0.17611,-0.98285,-0.05478,-0.04236,-0.04804,0.99795
-0.98350,0.17784,-0.03316,-0.17589,-0.98289,-0.05470,-0.04232,-0.04797,0.99795
-0.98358,0.17724,-0.03401,-0.17525,-0.98300,-0.05470,-0.04313,-0.04784,0.99792
-0.98351,0.17739,-0.03511,-0.17534,-0.98298,-0.05476,-0.04423,-0.04770,0.99788
-0.98346,0.17749,-0.03608,-0.17540,-0.98297,-0.05478,-0.04519,-0.04755,0.99785
-0.98393,0.17554,-0.03253,-0.17361,-0.98329,-0.05471,-0.04160,-0.04819,0.99797
-0.98436,0.17371,-0.02929,-0.17194,-0.98359,-0.05467,-0.03831,-0.04878,0.99807
-0.98435,0.17376,-0.02937,-0.17200,-0.98358,-0.05464,-0.03838,-0.04874,0.99807
-0.98433,0.17384,-0.02946,-0.17207,-0.98357,-0.05466,-0.03847,-0.04874,0.99807
-0.98440,0.17384,-0.02733,-0.17217,-0.98355,-0.05465,-0.03638,-0.04909,0.99813
-0.98445,0.17385,-0.02536,-0.17228,-0.98353,-0.05468,-0.03445,-0.04946,0.99818
-0.98451,0.17386,-0.02264,-0.17243,-0.98350,-0.05470,-0.03177,-0.04995,0.99825
-0.98447,0.17383,-0.02434,-0.17231,-0.98352,-0.05473,-0.03345,-0.04969,0.99820
-0.98463,0.17276,-0.02577,-0.17117,-0.98372,-0.05470,-0.03480,-0.04945,0.99817
-0.98464,0.17246,-0.02739,-0.17079,-0.98379,-0.05470,-0.03638,-0.04918,0.99813
-0.98450,0.17295,-0.02910,-0.17119,-0.98372,-0.05471,-0.03808,-0.04888,0.99808
-0.98413,0.17469,-0.03112,-0.17283,-0.98343,-0.05474,-0.04016,-0.04850,0.99802
-0.98420,0.17454,-0.02966,-0.17276,-0.98344,-0.05473,-0.03873,-0.04874,0.99806
-0.98426,0.17442,-0.02832,-0.17271,-0.98345,-0.05469,-0.03739,-0.04894,0.99810
-0.98393,0.17614,-0.02923,-0.17437,-0.98316,-0.05473,-0.03838,-0.04876,0.99807
-0.98362,0.17770,-0.03006,-0.17589,-0.98288,-0.05483,-0.03929,-0.04864,0.99804
-0.98372,0.17718,-0.02993,-0.17537,-0.98297,-0.05481,-0.03914,-0.04867,0.99805
-0.98374,0.17764,-0.02630,-0.17602,-0.98286,-0.05483,-0.03559,-0.04931,0.99815
-0.98371,0.17804,-0.02464,-0.17650,-0.98277,-0.05488,-0.03399,-0.04964,0.99819
-0.98344,0.17953,-0.02478,-0.17797,-0.98250,-0.05491,-0.03421,-0.04959,0.99818
-0.98318,0.18091,-0.02491,-0.17935,-0.98225,-0.05494,-0.03440,-0.04955,0.99818
-0.98322,0.18105,-0.02215,-0.17962,-0.98220,-0.05500,-0.03171,-0.05010,0.99824
-0.98338,0.18025,-0.02192,-0.17883,-0.98234,-0.05500,-0.03145,-0.05017,0.99825
-0.98358,0.17917,-0.02171,-0.17777,-0.98254,-0.05495,-0.03118,-0.05018,0.99825
-0.98382,0.17788,-0.02144,-0.17650,-0.98277,-0.05493,-0.03084,-0.05026,0.99826
-0.98394,0.17705,-0.02271,-0.17560,-0.98293,-0.05488,-0.03204,-0.05001,0.99823
-0.98380,0.17763,-0.02413,-0.17610,-0.98284,-0.05493,-0.03348,-0.04979,0.99820
-0.98402,0.17640,-0.02447,-0.17486,-0.98306,-0.05493,-0.03375,-0.04977,0.99819
-0.98379,0.17755,-0.02507,-0.17598,-0.98286,-0.05494,-0.03440,-0.04964,0.99817
-0.98315,0.18093,-0.02589,-0.17932,-0.98225,-0.05503,-0.03539,-0.04946,0.99815
-0.98304,0.18136,-0.02723,-0.17968,-0.98219,-0.05503,-0.03673,-0.04920,0.99811
-0.98293,0.18176,-0.02842,-0.18001,-0.98212,-0.05509,-0.03793,-0.04903,0.99808
-0.98270,0.18260,-0.03105,-0.18073,-0.98199,-0.05511,-0.04055,-0.04854,0.99800
-0.98265,0.18245,-0.03336,-0.18046,-0.98204,-0.05508,-0.04281,-0.04811,0.99792
-0.98277,0.18144,-0.03536,-0.17936,-0.98224,-0.05503,-0.04472,-0.04774,0.99786
-0.98285,0.18106,-0.03510,-0.17899,-0.98231,-0.05506,-0.04444,-0.04783,0.99787
-0.98297,0.18031,-0.03536,-0.17824,-0.98245,-0.05502,-0.04466,-0.04778,0.99786
-0.98311,0.17940,-0.03624,-0.17728,-0.98262,-0.05500,-0.04548,-0.04765,0.99783
-0.98307,0.17963,-0.03611,-0.17752,-0.98258,-0.05499,-0.04536,-0.04765,0.99783
-0.98287,0.18097,-0.03496,-0.17891,-0.98233,-0.05500,-0.04430,-0.04781,0.99787
-0.98294,0.18058,-0.03496,-0.17853,-0.98240,-0.05502,-0.04428,-0.04784,0.99787
-0.98305,0.17994,-0.03520,-0.17787,-0.98252,-0.05499,-0.04448,-0.04780,0.99787
-0.98315,0.17933,-0.03538,-0.17725,-0.98263,-0.05498,-0.04462,-0.04779,0.99786
-0.98310,0.17902,-0.03817,-0.17681,-0.98271,-0.05498,-0.04736,-0.04730,0.99776
-0.98304,0.17877,-0.04078,-0.17645,-0.98278,-0.05493,-0.04990,-0.04680,0.99766
-0.98291,0.17881,-0.04375,-0.17635,-0.98279,-0.05499,-0.05283,-0.04634,0.99753
-0.98301,0.17807,-0.04453,-0.17557,-0.98293,-0.05497,-0.05356,-0.04622,0.99749
-0.98284,0.17887,-0.04516,-0.17634,-0.98280,-0.05492,-0.05420,-0.04601,0.99747
-0.98268,0.17959,-0.04568,-0.17703,-0.98267,-0.05496,-0.05475,-0.04592,0.99744
-0.98308,0.17817,-0.04257,-0.17576,-0.98290,-0.05492,-0.05162,-0.04650,0.99758
-0.98326,0.17691,-0.04350,-0.17446,-0.98313,-0.05485,-0.05247,-0.04634,0.99755
-0.98336,0.17618,-0.04436,-0.17370,-0.98327,-0.05484,-0.05328,-0.04622,0.99751
-0.98337,0.17591,-0.04525,-0.17338,-0.98333,-0.05485,-0.05414,-0.04609,0.99747
-0.98337,0.17565,-0.04611,-0.17308,-0.98338,-0.05484,-0.05498,-0.04594,0.99743
-0.98321,0.17683,-0.04512,-0.17431,-0.98316,-0.05488,-0.05407,-0.04609,0.99747
-0.98307,0.17783,-0.04422,-0.17534,-0.98297,-0.05494,-0.05324,-0.04625,0.99751
-0.98305,0.17828,-0.04287,-0.17585,-0.98288,-0.05497,-0.05193,-0.04650,0.99757
-0.98297,0.17882,-0.04240,-0.17641,-0.98278,-0.05496,-0.05150,-0.04654,0.99759
-0.98284,0.17943,-0.04277,-0.17701,-0.98268,-0.05492,-0.05188,-0.04640,0.99757
-0.98285,0.17894,-0.04464,-0.17643,-0.98278,-0.05496,-0.05370,-0.04614,0.99749
-0.98285,0.17849,-0.04636,-0.17590,-0.98287,-0.05494,-0.05537,-0.04585,0.99741
-0.98292,0.17810,-0.04644,-0.17551,-0.98294,-0.05494,-0.05543,-0.04585,0.99741
-0.98301,0.17773,-0.04597,-0.17516,-0.98301,-0.05485,-0.05493,-0.04587,0.99744
-0.98314,0.17726,-0.04490,-0.17474,-0.98309,-0.05484,-0.05386,-0.04607,0.99749
-0.98328,0.17642,-0.04512,-0.17389,-0.98324,-0.05480,-0.05403,-0.04604,0.99748
-0.98337,0.17564,-0.04616,-0.17307,-0.98339,-0.05477,-0.05501,-0.04587,0.99743
-0.98320,0.17613,-0.04798,-0.17347,-0.98331,-0.05484,-0.05684,-0.04560,0.99734
-0.98297,0.17743,-0.04775,-0.17478,-0.98307,-0.05497,-0.05670,-0.04569,0.99735
-0.98270,0.17943,-0.04580,-0.17686,-0.98269,-0.05508,-0.05489,-0.04603,0.99743
-0.98224,0.18112,-0.04901,-0.17840,-0.98241,-0.05516,-0.05814,-0.04544,0.99727
-0.98241,0.18083,-0.04660,-0.17822,-0.98244,-0.05518,-0.05576,-0.04590,0.99739
-0.98256,0.18057,-0.04448,-0.17806,-0.98247,-0.05518,-0.05367,-0.04630,0.99748
-0.98222,0.18232,-0.04469,-0.17979,-0.98215,-0.05526,-0.05397,-0.04624,0.99747
-0.98190,0.18399,-0.04488,-0.18144,-0.98184,-0.05534,-0.05425,-0.04620,0.99746
-0.98208,0.18300,-0.04510,-0.18046,-0.98203,-0.05527,-0.05441,-0.04614,0.99745
-0.98213,0.18276,-0.04489,-0.18022,-0.98207,-0.05523,-0.05418,-0.04615,0.99746
-0.98218,0.18253,-0.04470,-0.18000,-0.98212,-0.05522,-0.05398,-0.04619,0.99747
-0.98179,0.18434,-0.04596,-0.18175,-0.98179,-0.05533,-0.05532,-0.04597,0.99741
-0.98142,0.18600,-0.04711,-0.18335,-0.98149,-0.05540,-0.05655,-0.04573,0.99735
-0.98144,0.18577,-0.04769,-0.18310,-0.98154,-0.05533,-0.05708,-0.04558,0.99733
-0.98142,0.18622,-0.04616,-0.18362,-0.98144,-0.05534,-0.05561,-0.04584,0.99740
-0.98141,0.18663,-0.04477,-0.18410,-0.98135,-0.05532,-0.05426,-0.04605,0.99746
-0.98157,0.18584,-0.04462,-0.18331,-0.98150,-0.05526,-0.05406,-0.04606,0.99747
-0.98161,0.18582,-0.04364,-0.18334,-0.98149,-0.05532,-0.05311,-0.04630,0.99751
-0.98160,0.18606,-0.04285,-0.18361,-0.98144,-0.05535,-0.05235,-0.04646,0.99755
-0.98183,0.18508,-0.04185,-0.18268,-0.98162,-0.05530,-0.05132,-0.04665,0.99759
-0.98199,0.18455,-0.04044,-0.18222,-0.98170,-0.05524,-0.04990,-0.04687,0.99765
-0.98209,0.18438,-0.03866,-0.18213,-0.98172,-0.05528,-0.04815,-0.04725,0.99772
-0.98229,0.18335,-0.03862,-0.18111,-0.98191,-0.05525,-0.04805,-0.04728,0.99773
-0.98246,0.18246,-0.03855,-0.18022,-0.98208,-0.05520,-0.04793,-0.04728,0.99773
-0.98237,0.18273,-0.03939,-0.18045,-0.98203,-0.05523,-0.04878,-0.04715,0.99770
-0.98233,0.18267,-0.04069,-0.18033,-0.98206,-0.05521,-0.05005,-0.04690,0.99765
-0.98233,0.18230,-0.04244,-0.17988,-0.98214,-0.05520,-0.05175,-0.04659,0.99757
-0.98226,0.18264,-0.04249,-0.18022,-0.98208,-0.05517,-0.05181,-0.04654,0.99757
-0.98240,0.18190,-0.04244,-0.17948,-0.98222,-0.05514,-0.05171,-0.04655,0.99758
-0.98274,0.18013,-0.04224,-0.17773,-0.98254,-0.05507,-0.05142,-0.04661,0.99759
-0.98278,0.17990,-0.04216,-0.17750,-0.98258,-0.05503,-0.05133,-0.04659,0.99759
-0.98256,0.18109,-0.04226,-0.17869,-0.98237,-0.05504,-0.05148,-0.04653,0.99759
-0.98263,0.18104,-0.04082,-0.17870,-0.98236,-0.05505,-0.05006,-0.04680,0.99765
-0.98290,0.18003,-0.03876,-0.17779,-0.98253,-0.05499,-0.04798,-0.04715,0.99773
-0.98314,0.17908,-0.03686,-0.17694,-0.98269,-0.05493,-0.04606,-0.04749,0.99781
-0.98300,0.17946,-0.03870,-0.17722,-0.98263,-0.05497,-0.04789,-0.04717,0.99774
-0.98290,0.17961,-0.04054,-0.17730,-0.98262,-0.05495,-0.04970,-0.04682,0.99767
-0.98281,0.17973,-0.04220,-0.17734,-0.98261,-0.05497,-0.05135,-0.04654,0.99760
-0.98285,0.17954,-0.04209,-0.17715,-0.98265,-0.05499,-0.05123,-0.04660,0.99760
-0.98289,0.17934,-0.04194,-0.17696,-0.98268,-0.05500,-0.05108,-0.04663,0.99761
-0.98304,0.17819,-0.04339,-0.17575,-0.98290,-0.05493,-0.05244,-0.04638,0.99755
-0.98317,0.17715,-0.04467,-0.17464,-0.98310,-0.05489,-0.05364,-0.04617,0.99749
-0.98314,0.17722,-0.04510,-0.17469,-0.98309,-0.05490,-0.05407,-0.04610,0.99747
-0.98297,0.17764,-0.04705,-0.17503,-0.98303,-0.05487,-0.05600,-0.04570,0.99738
-0.98281,0.17801,-0.04885,-0.17532,-0.98298,-0.05489,-0.05779,-0.04538,0.99730
-0.98256,0.17950,-0.04852,-0.17681,-0.98271,-0.05496,-0.05755,-0.04542,0.99731
-0.98235,0.18017,-0.05029,-0.17740,-0.98260,-0.05501,-0.05932,-0.04512,0.99722
-0.98221,0.18053,-0.05176,-0.17770,-0.98255,-0.05498,-0.06078,-0.04480,0.99715
-0.98248,0.17906,-0.05172,-0.17623,-0.98282,-0.05491,-0.06067,-0.04483,0.99715
-0.98272,0.17773,-0.05170,-0.17490,-0.98306,-0.05484,-0.06057,-0.04485,0.99716
-0.98286,0.17729,-0.05045,-0.17453,-0.98313,-0.05479,-0.05931,-0.04505,0.99722
-0.98271,0.17784,-0.05155,-0.17503,-0.98304,-0.05480,-0.06042,-0.04483,0.99717
-0.98256,0.17838,-0.05257,-0.17552,-0.98295,-0.05484,-0.06145,-0.04465,0.99711
-0.98217,0.18110,-0.05036,-0.17832,-0.98243,-0.05501,-0.05944,-0.04505,0.99722
-0.98192,0.18250,-0.05032,-0.17972,-0.98218,-0.05504,-0.05947,-0.04500,0.99722
-0.98180,0.18262,-0.05214,-0.17977,-0.98217,-0.05504,-0.06126,-0.04466,0.99712
-0.98201,0.18172,-0.05130,-0.17891,-0.98233,-0.05499,-0.06039,-0.04482,0.99717
-0.98210,0.18130,-0.05115,-0.17850,-0.98240,-0.05498,-0.06022,-0.04487,0.99718
-0.98209,0.18123,-0.05149,-0.17841,-0.98242,-0.05496,-0.06054,-0.04479,0.99716
-0.98225,0.18065,-0.05040,-0.17788,-0.98251,-0.05499,-0.05946,-0.04505,0.99721
-0.98255,0.17968,-0.04815,-0.17701,-0.98267,-0.05497,-0.05719,-0.04548,0.99733
-0.98261,0.17953,-0.04732,-0.17690,-0.98269,-0.05496,-0.05637,-0.04563,0.99737
-0.98262,0.17951,-0.04725,-0.17688,-0.98270,-0.05497,-0.05630,-0.04566,0.99737
-0.98258,0.17958,-0.04780,-0.17693,-0.98269,-0.05492,-0.05684,-0.04551,0.99735
-0.98259,0.18003,-0.04582,-0.17747,-0.98259,-0.05493,-0.05491,-0.04584,0.99744
-0.98260,0.18043,-0.04401,-0.17795,-0.98250,-0.05496,-0.05316,-0.04617,0.99752
-0.98267,0.18009,-0.04397,-0.17761,-0.98257,-0.05497,-0.05310,-0.04620,0.99752
-0.98260,0.18056,-0.04346,-0.17811,-0.98248,-0.05496,-0.05262,-0.04626,0.99754
-0.98243,0.18174,-0.04248,-0.17933,-0.98225,-0.05495,-0.05171,-0.04637,0.99758
-0.98248,0.18115,-0.04385,-0.17868,-0.98237,-0.05498,-0.05304,-0.04618,0.99752
-0.98253,0.18057,-0.04511,-0.17804,-0.98249,-0.05496,-0.05425,-0.04597,0.99747
-0.98241,0.18110,-0.04559,-0.17855,-0.98239,-0.05497,-0.05474,-0.04586,0.99745
-0.98232,0.18147,-0.04609,-0.17889,-0.98233,-0.05503,-0.05526,-0.04581,0.99742
-0.98226,0.18166,-0.04663,-0.17905,-0.98230,-0.05504,-0.05580,-0.04571,0.99739
-0.98241,0.18103,-0.04581,-0.17846,-0.98241,-0.05504,-0.05497,-0.04590,0.99743
-0.98227,0.18203,-0.04488,-0.17950,-0.98222,-0.05507,-0.05410,-0.04604,0.99747
-0.98216,0.18285,-0.04400,-0.18036,-0.98206,-0.05509,-0.05328,-0.04617,0.99751
-0.98200,0.18378,-0.04352,-0.18131,-0.98188,-0.05508,-0.05285,-0.04620,0.99753
-0.98186,0.18463,-0.04306,-0.18218,-0.98172,-0.05517,-0.05246,-0.04633,0.99755
-0.98191,0.18422,-0.04378,-0.18174,-0.98180,-0.05515,-0.05314,-0.04620,0.99752
-0.98175,0.18521,-0.04316,-0.18275,-0.98161,-0.05520,-0.05259,-0.04631,0.99754
-0.98160,0.18611,-0.04263,-0.18368,-0.98143,-0.05526,-0.05212,-0.04641,0.99756
-0.98150,0.18656,-0.04310,-0.18411,-0.98135,-0.05525,-0.05261,-0.04629,0.99754
-0.98161,0.18575,-0.04413,-0.18325,-0.98151,-0.05524,-0.05358,-0.04613,0.99750
-0.98171,0.18497,-0.04505,-0.18243,-0.98167,-0.05520,-0.05443,-0.04597,0.99746
-0.98178,0.18457,-0.04528,-0.18202,-0.98175,-0.05517,-0.05464,-0.04592,0.99745
-0.98192,0.18424,-0.04343,-0.18177,-0.98179,-0.05513,-0.05280,-0.04624,0.99753
-0.98184,0.18502,-0.04183,-0.18263,-0.98163,-0.05519,-0.05127,-0.04655,0.99760
-0.98189,0.18483,-0.04161,-0.18245,-0.98166,-0.05521,-0.05105,-0.04662,0.99761
-0.98192,0.18469,-0.04142,-0.18232,-0.98169,-0.05520,-0.05085,-0.04665,0.99762
-0.98188,0.18480,-0.04205,-0.18239,-0.98167,-0.05521,-0.05148,-0.04654,0.99759
-0.98183,0.18482,-0.04313,-0.18237,-0.98168,-0.05524,-0.05255,-0.04637,0.99754
-0.98175,0.18486,-0.04456,-0.18234,-0.98168,-0.05526,-0.05396,-0.04613,0.99748
-0.98181,0.18504,-0.04250,-0.18261,-0.98163,-0.05533,-0.05196,-0.04656,0.99756
-0.98183,0.18532,-0.04069,-0.18298,-0.98156,-0.05535,-0.05019,-0.04690,0.99764
-0.98149,0.18621,-0.04481,-0.18367,-0.98143,-0.05539,-0.05429,-0.04613,0.99746
-0.98156,0.18597,-0.04427,-0.18346,-0.98147,-0.05537,-0.05375,-0.04623,0.99748
-0.98163,0.18571,-0.04381,-0.18321,-0.98151,-0.05538,-0.05328,-0.04634,0.99750
-0.98177,0.18502,-0.04351,-0.18254,-0.98164,-0.05533,-0.05295,-0.04638,0.99752
-0.98191,0.18437,-0.04325,-0.18190,-0.98176,-0.05531,-0.05266,-0.04644,0.99753
-0.98216,0.18308,-0.04297,-0.18063,-0.98200,-0.05526,-0.05231,-0.04652,0.99755
-0.98246,0.18114,-0.04418,-0.17864,-0.98236,-0.05522,-0.05341,-0.04635,0.99750
-0.98274,0.17936,-0.04528,-0.17682,-0.98270,-0.05514,-0.05438,-0.04618,0.99745
-0.98250,0.18001,-0.04777,-0.17735,-0.98260,-0.05513,-0.05686,-0.04569,0.99734
-0.98246,0.18064,-0.04633,-0.17804,-0.98248,-0.05513,-0.05548,-0.04592,0.99740
-0.98241,0.18121,-0.04509,-0.17866,-0.98236,-0.05517,-0.05429,-0.04614,0.99746
-0.98254,0.18103,-0.04288,-0.17859,-0.98238,-0.05517,-0.05211,-0.04655,0.99756
-0.98267,0.18083,-0.04084,-0.17849,-0.98240,-0.05515,-0.05009,-0.04690,0.99764
-0.98263,0.18099,-0.04096,-0.17864,-0.98237,-0.05517,-0.05022,-0.04690,0.99764
-0.98259,0.18075,-0.04287,-0.17831,-0.98242,-0.05522,-0.05209,-0.04661,0.99755
-0.98255,0.18058,-0.04464,-0.17805,-0.98247,-0.05520,-0.05382,-0.04629,0.99748
-0.98227,0.18125,-0.04789,-0.17857,-0.98238,-0.05522,-0.05706,-0.04569,0.99732
-0.98230,0.18078,-0.04912,-0.17805,-0.98247,-0.05519,-0.05824,-0.04546,0.99727
-0.98262,0.17918,-0.04845,-0.17648,-0.98276,-0.05508,-0.05748,-0.04557,0.99731
-0.98276,0.17884,-0.04695,-0.17621,-0.98281,-0.05506,-0.05599,-0.04584,0.99738
-0.98288,0.17854,-0.04561,-0.17598,-0.98285,-0.05507,-0.05466,-0.04610,0.99744
-0.98274,0.17950,-0.04469,-0.17698,-0.98267,-0.05510,-0.05381,-0.04623,0.99748
-0.98274,0.17966,-0.04409,-0.17717,-0.98263,-0.05515,-0.05323,-0.04639,0.99750
-0.98287,0.17900,-0.04379,-0.17652,-0.98275,-0.05510,-0.05290,-0.04643,0.99752
