0.000004,-0.14836,-1.06122,9.41396,-0.64288,-0.47670,-0.22918,-0.03636,-0.14317,0.23477,4865,-5329,0.99988,-0.00175,0.01556,0.00000,0.99371,0.11202,-0.01566,-0.11200,0.99358,0.00000,0.00000
0.019752,-0.13699,-1.09113,9.37149,-0.64400,-0.48314,-0.22946,-0.15011,-0.13442,-0.01023,4865,-5329,0.99988,-0.00176,0.01560,-0.00000,0.99371,0.11200,-0.01570,-0.11198,0.99359,0.00000,-0.00000
0.035459,-0.14058,-1.06899,9.35055,-0.64148,-0.47866,-0.23184,-0.09761,-0.26567,-0.01898,4865,-5329,0.99988,-0.00176,0.01567,-0.00001,0.99371,0.11198,-0.01576,-0.11197,0.99359,0.00000,-0.00001
0.051024,-0.14776,-1.10728,9.35833,-0.64148,-0.47866,-0.23184,-0.05386,0.16308,0.04227,4865,-5329,0.99988,-0.00175,0.01563,-0.00001,0.99371,0.11200,-0.01572,-0.11199,0.99359,0.00000,-0.00001
0.066633,-0.13161,-0.93200,9.41157,-0.64092,-0.47502,-0.23240,0.26114,0.12808,-0.03648,4865,-5329,0.99988,-0.00176,0.01558,0.00000,0.99371,0.11199,-0.01568,-0.11197,0.99359,0.00000,0.00000
0.082261,-0.11964,-1.13958,9.44507,-0.64036,-0.47950,-0.22974,0.07739,0.11933,0.04227,4865,-5329,0.99988,-0.00175,0.01553,-0.00001,0.99370,0.11205,-0.01563,-0.11203,0.99358,0.00000,-0.00001
0.097857,-0.12802,-1.09232,9.39961,-0.64036,-0.47950,-0.22974,-0.11511,-0.04692,-0.06273,4865,-5329,0.99988,-0.00176,0.01553,0.00001,0.99370,0.11204,-0.01563,-0.11203,0.99358,0.00000,0.00001
0.113305,-0.11486,-1.09053,9.35175,-0.64680,-0.47950,-0.23674,-0.01011,0.04933,0.05977,4865,-5329,0.99988,-0.00174,0.01550,-0.00001,0.99370,0.11206,-0.01560,-0.11205,0.99358,0.00000,-0.00001
0.128904,-0.13759,-1.08036,9.38465,-0.64680,-0.47754,-0.23744,0.08614,-0.03817,0.03352,4865,-5329,0.99988,-0.00173,0.01550,-0.00002,0.99370,0.11209,-0.01560,-0.11208,0.99358,0.00000,-0.00002
0.144690,-0.12981,-1.03250,9.38824,-0.64876,-0.47754,-0.23744,0.00739,-0.02067,-0.00148,4865,-5329,0.99988,-0.00173,0.01550,-0.00002,0.99370,0.11208,-0.01559,-0.11206,0.99358,0.00000,-0.00002
0.160309,-0.12502,-1.06481,9.40499,-0.63924,-0.48286,-0.24220,-0.01011,-0.02942,-0.12398,4865,-5329,0.99988,-0.00176,0.01549,0.00002,0.99370,0.11208,-0.01559,-0.11206,0.99358,0.00000,0.00002
0.175953,-0.11904,-1.09531,9.42593,-0.63924,-0.48286,-0.24220,0.12114,-0.18692,-0.00148,4865,-5329,0.99988,-0.00176,0.01552,0.00001,0.99369,0.11213,-0.01562,-0.11211,0.99357,0.00000,0.00001
0.191520,-0.13519,-1.07318,9.38525,-0.64512,-0.48006,-0.23786,0.15614,-0.09942,0.05102,4865,-5329,0.99988,-0.00175,0.01554,-0.00001,0.99369,0.11217,-0.01564,-0.11216,0.99357,0.00000,-0.00001
0.206987,-0.13400,-1.08634,9.39961,-0.64624,-0.48174,-0.24038,-0.08011,-0.16067,-0.03648,4865,-5329,0.99988,-0.00176,0.01558,-0.00000,0.99369,0.11216,-0.01568,-0.11215,0.99357,0.00000,-0.00000
0.222797,-0.11067,-1.13001,9.43969,-0.64624,-0.48174,-0.24038,-0.12386,0.18933,-0.03648,4865,-5329,0.99988,-0.00177,0.01551,0.00001,0.99369,0.11217,-0.01561,-0.11216,0.99357,0.00000,0.00001
0.238405,-0.13220,-1.11864,9.42772,-0.63952,-0.47782,-0.24206,0.08614,-0.18692,0.15602,4865,-5329,0.99988,-0.00172,0.01554,-0.00003,0.99368,0.11223,-0.01564,-0.11221,0.99356,0.00000,-0.00003
0.253988,-0.13938,-1.08335,9.43370,-0.63952,-0.47782,-0.24206,-0.02761,-0.08192,0.00727,4865,-5329,0.99988,-0.00172,0.01556,-0.00004,0.99368,0.11223,-0.01566,-0.11222,0.99356,0.00000,-0.00004
0.269617,-0.12742,-1.06481,9.41994,-0.64680,-0.48650,-0.24052,0.16489,0.10183,0.10352,4865,-5329,0.99988,-0.00169,0.01552,-0.00006,0.99368,0.11227,-0.01562,-0.11226,0.99356,0.00000,-0.00006
0.285058,-0.10289,-1.08694,9.49352,-0.64036,-0.48398,-0.23828,0.08614,-0.08192,-0.02773,4865,-5329,0.99988,-0.00169,0.01552,-0.00006,0.99367,0.11230,-0.01561,-0.11228,0.99355,0.00000,-0.00006
0.300683,-0.14477,-1.09412,9.42413,-0.64036,-0.48398,-0.23828,0.12114,0.05808,-0.00148,4865,-5329,0.99988,-0.00170,0.01550,-0.00006,0.99367,0.11234,-0.01559,-0.11233,0.99355,0.00000,-0.00006
0.316455,-0.13819,-1.05942,9.42652,-0.64092,-0.47670,-0.23618,-0.04511,-0.10817,-0.05398,4865,-5329,0.99988,-0.00171,0.01552,-0.00005,0.99367,0.11232,-0.01562,-0.11231,0.99355,0.00000,-0.00005
0.332184,-0.10768,-1.07198,9.37388,-0.64092,-0.47670,-0.23618,0.20864,0.04933,0.02477,4865,-5329,0.99988,-0.00170,0.01549,-0.00005,0.99367,0.11238,-0.01558,-0.11237,0.99354,0.00000,-0.00005
0.347687,-0.13878,-1.06421,9.37269,-0.64316,-0.48146,-0.24178,-0.07136,0.04058,-0.01023,4865,-5329,0.99988,-0.00170,0.01547,-0.00005,0.99367,0.11237,-0.01556,-0.11235,0.99355,0.00000,-0.00005
0.363136,-0.11545,-1.06540,9.47737,-0.65016,-0.47530,-0.23716,0.05114,-0.03817,0.05102,4865,-5329,0.99988,-0.00169,0.01546,-0.00006,0.99367,0.11237,-0.01555,-0.11236,0.99355,0.00000,-0.00006
0.378749,-0.14895,-1.07737,9.39721,-0.65016,-0.47530,-0.23716,-0.02761,-0.00317,0.27852,4865,-5329,0.99988,-0.00161,0.01546,-0.00014,0.99367,0.11238,-0.01555,-0.11236,0.99355,0.00000,-0.00014
0.394545,-0.11246,-1.10788,9.38944,-0.64792,-0.48006,-0.23646,-0.15011,0.05808,-0.01898,4865,-5329,0.99988,-0.00161,0.01543,-0.00013,0.99367,0.11237,-0.01551,-0.11236,0.99355,0.00000,-0.00013
0.410170,-0.11246,-1.05942,9.40080,-0.64792,-0.48006,-0.23646,0.17364,-0.16067,-0.00148,4865,-5329,0.99988,-0.00161,0.01545,-0.00013,0.99366,0.11241,-0.01553,-0.11240,0.99354,0.00000,-0.00013
0.425776,-0.10050,-1.09531,9.43191,-0.63588,-0.48118,-0.22778,0.05989,0.25058,0.09477,4865,-5329,0.99988,-0.00158,0.01536,-0.00015,0.99366,0.11244,-0.01544,-0.11243,0.99354,0.00000,-0.00015
0.441241,-0.12263,-0.94038,9.43669,-0.64680,-0.47754,-0.24332,0.13864,-0.05567,0.16477,4865,-5329,0.99988,-0.00154,0.01536,-0.00020,0.99366,0.11239,-0.01543,-0.11238,0.99355,0.00000,-0.00020
0.456834,-0.08435,-1.10548,9.46002,-0.64680,-0.47754,-0.24332,0.08614,-0.09942,0.00727,4865,-5329,0.99988,-0.00153,0.01534,-0.00020,0.99366,0.11243,-0.01542,-0.11242,0.99354,0.00000,-0.00020
0.472603,-0.27876,-0.96191,9.39422,-0.64092,-0.48090,-0.24430,0.16489,-0.06442,0.13852,4865,-5329,0.99988,-0.00150,0.01544,-0.00024,0.99366,0.11241,-0.01551,-0.11240,0.99354,0.00000,-0.00024
0.488231,-0.09631,-1.09651,9.38226,-0.64092,-0.47782,-0.23926,0.12114,0.02308,-0.13273,4865,-5329,0.99988,-0.00154,0.01541,-0.00021,0.99366,0.11246,-0.01548,-0.11245,0.99354,0.00000,-0.00021
0.503851,-0.13161,-1.07677,9.40439,-0.64764,-0.47782,-0.23926,-0.09761,0.22433,0.03352,4865,-5329,0.99988,-0.00153,0.01534,-0.00021,0.99366,0.11244,-0.01541,-0.11243,0.99354,0.00000,-0.00021
0.519274,-0.13101,-1.08036,9.38884,-0.64540,-0.47838,-0.22792,0.16489,-0.08192,0.04227,4865,-5329,0.99988,-0.00151,0.01535,-0.00022,0.99365,0.11249,-0.01542,-0.11248,0.99353,0.00000,-0.00022
0.534911,-0.12981,-1.09472,9.36970,-0.64540,-0.47838,-0.22792,-0.00136,0.16308,0.01602,4865,-5329,0.99988,-0.00151,0.01530,-0.00022,0.99365,0.11251,-0.01537,-0.11250,0.99353,0.00000,-0.00022
0.550691,-0.11605,-1.09472,9.43370,-0.64288,-0.47698,-0.23016,0.07739,-0.08192,0.03352,4865,-5329,0.99988,-0.00150,0.01530,-0.00023,0.99365,0.11254,-0.01537,-0.11253,0.99353,0.00000,-0.00023
0.566322,-0.28654,-1.08634,9.35713,-0.63868,-0.47670,-0.22904,-0.09761,0.03183,0.05102,4865,-5329,0.99988,-0.00149,0.01538,-0.00025,0.99365,0.11253,-0.01545,-0.11253,0.99353,0.00000,-0.00025
0.582014,-0.15374,-0.92961,9.42294,-0.63868,-0.47670,-0.22904,-0.18511,-0.08192,-0.03648,4865,-5329,0.99988,-0.00150,0.01540,-0.00024,0.99366,0.11241,-0.01547,-0.11240,0.99354,0.00000,-0.00024
0.597555,-0.09571,-1.11805,9.40798,-0.64904,-0.47642,-0.24836,0.09489,-0.23942,-0.08898,4865,-5329,0.99988,-0.00152,0.01544,-0.00022,0.99366,0.11247,-0.01551,-0.11246,0.99354,0.00000,-0.00022
0.612994,-0.15613,-1.06002,9.42473,-0.64904,-0.47642,-0.24836,-0.05386,0.04058,0.12102,4865,-5329,0.99988,-0.00149,0.01543,-0.00025,0.99366,0.11245,-0.01550,-0.11244,0.99354,0.00000,-0.00025
0.628762,-0.11186,-1.07498,9.35414,-0.64680,-0.47894,-0.24234,-0.00136,-0.07317,0.19102,4865,-5329,0.99988,-0.00144,0.01543,-0.00031,0.99366,0.11246,-0.01550,-0.11245,0.99354,0.00000,-0.00031
0.644381,-0.29133,-0.93858,9.37029,-0.64568,-0.47670,-0.23926,0.12114,-0.19567,0.00727,4865,-5329,0.99988,-0.00145,0.01557,-0.00031,0.99366,0.11242,-0.01563,-0.11241,0.99354,0.00000,-0.00031
0.660011,-0.10469,-1.07677,9.48455,-0.64568,-0.47670,-0.23926,-0.09761,0.11933,-0.04523,4865,-5329,0.99988,-0.00146,0.01552,-0.00030,0.99366,0.11239,-0.01558,-0.11238,0.99354,0.00000,-0.00030
0.675611,-0.29252,-1.06421,9.37628,-0.64540,-0.47474,-0.24528,0.09489,0.00558,0.11227,4865,-5329,0.99988,-0.00143,0.01560,-0.00033,0.99366,0.11242,-0.01566,-0.11241,0.99354,0.00000,-0.00033
0.691073,-0.08853,-1.07916,9.41994,-0.64540,-0.47474,-0.24528,-0.07136,-0.03817,0.08602,4865,-5329,0.99988,-0.00141,0.01557,-0.00035,0.99366,0.11241,-0.01563,-0.11240,0.99354,0.00000,-0.00035
0.706702,-0.12981,-1.10967,9.36012,-0.63784,-0.47614,-0.24458,0.14739,-0.11692,-0.10648,4865,-5329,0.99988,-0.00144,0.01559,-0.00033,0.99365,0.11247,-0.01566,-0.11247,0.99353,0.00000,-0.00033
0.722469,-0.13280,-1.08634,9.41755,-0.64232,-0.47698,-0.23884,-0.06261,-0.02942,0.04227,4865,-5329,0.99988,-0.00142,0.01559,-0.00034,0.99366,0.11247,-0.01566,-0.11246,0.99353,0.00000,-0.00034
0.738084,-0.10708,-1.10907,9.43370,-0.64232,-0.47698,-0.23884,0.01614,-0.25692,-0.08023,4865,-5329,0.99988,-0.00144,0.01564,-0.00033,0.99365,0.11250,-0.01570,-0.11249,0.99353,0.00000,-0.00033
0.753715,-0.15314,-1.20778,9.44447,-0.64456,-0.47558,-0.24038,0.10364,0.00558,0.04227,4865,-5329,0.99988,-0.00143,0.01564,-0.00034,0.99364,0.11260,-0.01570,-0.11260,0.99352,0.00000,-0.00034
0.769141,-0.11545,-1.09890,9.39841,-0.64456,-0.47558,-0.23842,0.15614,-0.02067,0.05977,4865,-5329,0.99988,-0.00141,0.01563,-0.00036,0.99363,0.11266,-0.01569,-0.11265,0.99351,0.00000,-0.00036
0.784759,-0.13938,-1.08515,9.36970,-0.63840,-0.48314,-0.23842,0.12989,-0.13442,-0.03648,4865,-5329,0.99988,-0.00142,0.01566,-0.00035,0.99363,0.11270,-0.01572,-0.11269,0.99351,0.00000,-0.00035
0.800535,-0.09511,-1.08754,9.43430,-0.64596,-0.48034,-0.23492,-0.11511,-0.15192,0.21727,4865,-5329,0.99988,-0.00136,0.01567,-0.00042,0.99363,0.11268,-0.01572,-0.11268,0.99351,0.00000,-0.00042
0.816154,-0.13878,-1.10548,9.45584,-0.64596,-0.48034,-0.23492,0.16489,-0.17817,-0.01898,4865,-5329,0.99988,-0.00136,0.01571,-0.00042,0.99362,0.11274,-0.01576,-0.11273,0.99350,0.00000,-0.00042
0.831763,-0.07059,-1.08993,9.39362,-0.63588,-0.47698,-0.23478,-0.23761,-0.10817,0.11227,4865,-5329,0.99988,-0.00133,0.01569,-0.00045,0.99363,0.11270,-0.01574,-0.11269,0.99351,0.00000,-0.00045
0.847226,-0.15135,-1.05224,9.40020,-0.63588,-0.47334,-0.24472,-0.03636,-0.10817,0.02477,4865,-5329,0.99988,-0.00132,0.01572,-0.00046,0.99363,0.11268,-0.01577,-0.11268,0.99351,0.00000,-0.00046
0.862859,-0.13579,-1.06780,9.39961,-0.63728,-0.47334,-0.24472,-0.15011,-0.02067,0.00727,4865,-5329,0.99988,-0.00132,0.01572,-0.00046,0.99363,0.11265,-0.01577,-0.11264,0.99351,0.00000,-0.00046
0.878633,-0.15374,-1.19940,9.27458,-0.64680,-0.47502,-0.24920,0.19989,0.06683,0.18227,4865,-5329,0.99988,-0.00127,0.01571,-0.00051,0.99362,0.11279,-0.01575,-0.11278,0.99349,0.00000,-0.00051
0.894249,-0.11605,-1.09292,9.41336,-0.64680,-0.47502,-0.24920,0.04239,-0.19567,-0.05398,4865,-5329,0.99988,-0.00128,0.01574,-0.00050,0.99362,0.11281,-0.01578,-0.11280,0.99349,0.00000,-0.00050
0.909880,-0.28235,-1.06002,9.37149,-0.64204,-0.47586,-0.23856,0.11239,-0.26567,0.05102,4865,-5329,0.99987,-0.00128,0.01589,-0.00052,0.99361,0.11283,-0.01593,-0.11283,0.99349,0.00000,-0.00052
0.925482,-0.12981,-1.07856,9.38345,-0.64764,-0.48090,-0.23338,-0.21136,-0.00317,0.05102,4865,-5329,0.99987,-0.00126,0.01588,-0.00054,0.99362,0.11279,-0.01592,-0.11279,0.99349,0.00000,-0.00054
0.940914,-0.12921,-1.07677,9.40020,-0.64764,-0.48090,-0.23338,-0.01886,-0.31817,0.00727,4865,-5329,0.99987,-0.00126,0.01595,-0.00055,0.99362,0.11279,-0.01599,-0.11279,0.99349,0.00000,-0.00055
0.956716,-0.15553,-1.04865,9.36730,-0.64792,-0.48062,-0.24192,0.16489,-0.16942,0.17352,4865,-5329,0.99987,-0.00121,0.01600,-0.00060,0.99361,0.11283,-0.01603,-0.11282,0.99349,0.00000,-0.00060
0.972370,-0.11844,-1.08754,9.43131,-0.64792,-0.48062,-0.24192,0.23489,-0.12567,0.22602,4865,-5329,0.99987,-0.00115,0.01602,-0.00067,0.99361,0.11289,-0.01604,-0.11288,0.99348,0.00000,-0.00067
0.987959,-0.14895,-1.09113,9.37328,-0.64428,-0.48062,-0.23786,0.01614,-0.45817,-0.08898,4865,-5329,0.99987,-0.00117,0.01613,-0.00066,0.99361,0.11290,-0.01616,-0.11290,0.99347,0.00000,-0.00066
1.003640,-0.12921,-1.07557,9.37089,-0.65436,-0.47558,-0.23338,-0.04511,-0.31817,0.11227,4865,-5329,0.99987,-0.00114,0.01621,-0.00070,0.99361,0.11290,-0.01623,-0.11290,0.99347,0.00000,-0.00070
1.019044,-0.13101,-1.20120,9.60778,-0.65436,-0.47558,-0.23338,0.12989,0.08433,-0.00148,4865,-5329,0.99987,-0.00114,0.01618,-0.00070,0.99360,0.11299,-0.01620,-0.11299,0.99346,0.00000,-0.00070
1.034826,-0.12144,-1.04806,9.37269,-0.64820,-0.47838,-0.25228,-0.06261,0.28558,0.20852,4865,-5329,0.99987,-0.00108,0.01608,-0.00075,0.99360,0.11297,-0.01610,-0.11296,0.99347,0.00000,-0.00075
1.050410,-0.10887,-1.19282,9.44447,-0.64820,-0.47838,-0.24612,-0.10636,0.01433,-0.01023,4865,-5329,0.99987,-0.00108,0.01605,-0.00074,0.99359,0.11301,-0.01607,-0.11301,0.99346,0.00000,-0.00074
1.066056,-0.13280,-1.11506,9.42114,-0.66136,-0.48034,-0.24612,0.10364,0.14558,-0.01898,4865,-5329,0.99987,-0.00108,0.01600,-0.00073,0.99359,0.11306,-0.01602,-0.11306,0.99346,0.00000,-0.00073
1.081650,-0.12861,-1.09531,9.38824,-0.64372,-0.48174,-0.23786,0.07739,0.05808,0.00727,4865,-5329,0.99987,-0.00108,0.01597,-0.00073,0.99358,0.11310,-0.01599,-0.11309,0.99346,0.00000,-0.00073
1.097115,-0.14118,-1.10429,9.40858,-0.64372,-0.48174,-0.23786,-0.00136,0.26808,-0.00148,4865,-5329,0.99987,-0.00108,0.01589,-0.00073,0.99358,0.11312,-0.01591,-0.11311,0.99345,0.00000,-0.00073
1.112866,-0.12861,-0.93978,9.45943,-0.64540,-0.47810,-0.23562,-0.08886,-0.23067,0.16477,4865,-5329,0.99987,-0.00103,0.01594,-0.00078,0.99359,0.11301,-0.01595,-0.11301,0.99347,0.00000,-0.00078
1.128497,-0.12802,-1.04507,9.34696,-0.64652,-0.47614,-0.24290,-0.06261,-0.13442,0.20852,4865,-5329,0.99987,-0.00097,0.01596,-0.00084,0.99360,0.11299,-0.01597,-0.11299,0.99347,0.00000,-0.00084
1.144126,-0.12861,-1.20718,9.39961,-0.64652,-0.47614,-0.24290,0.08614,-0.06442,-0.00148,4865,-5329,0.99987,-0.00097,0.01597,-0.00084,0.99358,0.11309,-0.01597,-0.11309,0.99346,0.00000,-0.00084
1.159750,-0.14058,-1.04148,9.37628,-0.64400,-0.47558,-0.24668,0.10364,0.04933,-0.17648,4865,-5329,0.99987,-0.00102,0.01595,-0.00079,0.99358,0.11310,-0.01596,-0.11310,0.99346,0.00000,-0.00079
1.175188,-0.14477,-1.06720,9.45643,-0.64400,-0.47558,-0.24668,0.00739,0.04058,-0.06273,4865,-5329,0.99987,-0.00104,0.01593,-0.00077,0.99358,0.11309,-0.01595,-0.11309,0.99346,0.00000,-0.00077
1.190969,-0.12383,-1.06780,9.37209,-0.64148,-0.48118,-0.23114,0.00739,-0.24817,0.05977,4865,-5329,0.99987,-0.00102,0.01598,-0.00080,0.99358,0.11310,-0.01599,-0.11310,0.99346,0.00000,-0.00080
1.206594,-0.12682,-1.08873,9.45643,-0.64260,-0.47642,-0.22918,-0.00136,0.18933,0.09477,4865,-5329,0.99987,-0.00099,0.01592,-0.00082,0.99358,0.11310,-0.01593,-0.11310,0.99346,0.00000,-0.00082
1.222220,-0.14058,-1.06241,9.43550,-0.64260,-0.47642,-0.22918,-0.08011,0.13683,0.08602,4865,-5329,0.99987,-0.00097,0.01588,-0.00084,0.99359,0.11308,-0.01588,-0.11308,0.99346,0.00000,-0.00084
1.237875,-0.12383,-1.05224,9.40918,-0.64792,-0.47390,-0.24822,0.18239,-0.02067,-0.08023,4865,-5329,0.99987,-0.00099,0.01586,-0.00081,0.99358,0.11311,-0.01587,-0.11311,0.99346,0.00000,-0.00081
1.253259,-0.11665,-1.07498,9.39123,-0.64792,-0.47390,-0.24822,-0.00136,0.13683,-0.06273,4865,-5329,0.99987,-0.00100,0.01581,-0.00079,0.99358,0.11311,-0.01582,-0.11311,0.99346,0.00000,-0.00079
1.268888,-0.12802,-1.20957,9.36790,-0.64260,-0.47950,-0.23968,0.06864,-0.15192,-0.10648,4865,-5329,0.99987,-0.00103,0.01583,-0.00077,0.99357,0.11321,-0.01585,-0.11321,0.99344,0.00000,-0.00077
1.286598,-0.13819,-0.92483,9.24228,-0.64736,-0.47586,-0.24528,0.01614,0.07558,0.00727,4865,-5329,0.99987,-0.00103,0.01581,-0.00077,0.99358,0.11314,-0.01582,-0.11314,0.99345,0.00000,-0.00077
1.300881,-0.14237,-0.93440,9.34337,-0.64736,-0.47586,-0.24528,0.09489,0.00558,0.00727,4865,-5329,0.99987,-0.00102,0.01580,-0.00077,0.99359,0.11308,-0.01582,-0.11308,0.99346,0.00000,-0.00077
1.315943,-0.01316,-0.93141,9.37149,-0.64932,-0.48062,-0.23954,-0.16761,-0.08192,0.04227,4865,-5329,0.99988,-0.00100,0.01574,-0.00078,0.99360,0.11296,-0.01575,-0.11296,0.99347,0.00000,-0.00078
1.331527,-0.13041,-1.07318,9.40439,-0.64932,-0.48062,-0.23604,0.23489,-0.01192,-0.07148,4865,-5329,0.99988,-0.00102,0.01573,-0.00076,0.99359,0.11302,-0.01575,-0.11302,0.99347,0.00000,-0.00076
1.346991,-0.11366,-1.05224,9.37388,-0.64232,-0.47922,-0.23604,-0.04511,0.10183,-0.04523,4865,-5329,0.99988,-0.00103,0.01569,-0.00075,0.99359,0.11300,-0.01570,-0.11300,0.99347,0.00000,-0.00075
1.362754,-0.25783,-1.04028,9.42892,-0.64232,-0.48090,-0.23814,-0.09761,-0.12567,0.08602,4865,-5329,0.99987,-0.00102,0.01578,-0.00077,0.99360,0.11296,-0.01580,-0.11296,0.99347,0.00000,-0.00077
1.378422,-0.12921,-1.07976,9.35115,-0.64232,-0.48090,-0.23814,0.24364,-0.10817,0.04227,4865,-5329,0.99987,-0.00100,0.01580,-0.00079,0.99359,0.11303,-0.01581,-0.11302,0.99347,0.00000,-0.00079
1.394006,-0.13101,-1.07378,9.38106,-0.64456,-0.47782,-0.23870,-0.08011,0.05808,-0.04523,4865,-5329,0.99988,-0.00101,0.01578,-0.00078,0.99359,0.11301,-0.01579,-0.11301,0.99347,0.00000,-0.00078
1.409613,-0.13041,-1.08335,9.37628,-0.64456,-0.47278,-0.24304,-0.02761,-0.05567,0.14727,4865,-5329,0.99988,-0.00097,0.01578,-0.00082,0.99359,0.11301,-0.01579,-0.11301,0.99347,0.00000,-0.00082
1.425033,-0.13220,-1.05165,9.43969,-0.64092,-0.47278,-0.24304,-0.01011,0.02308,-0.01023,4865,-5329,0.99988,-0.00097,0.01576,-0.00081,0.99359,0.11300,-0.01577,-0.11300,0.99347,0.00000,-0.00081
1.440832,-0.12383,-1.10010,9.41157,-0.64120,-0.47754,-0.23520,-0.18511,-0.13442,0.09477,4865,-5329,0.99987,-0.00095,0.01578,-0.00084,0.99360,0.11297,-0.01579,-0.11297,0.99347,0.00000,-0.00084
1.456452,-0.10528,-1.05105,9.42712,-0.64120,-0.47754,-0.23520,0.13864,0.21558,-0.02773,4865,-5329,0.99988,-0.00095,0.01570,-0.00083,0.99360,0.11299,-0.01571,-0.11299,0.99347,0.00000,-0.00083
1.472038,-0.12323,-1.07019,9.41755,-0.63840,-0.47614,-0.23814,0.07739,-0.06442,0.12102,4865,-5329,0.99988,-0.00092,0.01570,-0.00086,0.99359,0.11301,-0.01570,-0.11301,0.99347,0.00000,-0.00086
1.487687,-0.11366,-1.07557,9.43969,-0.64232,-0.48370,-0.23548,0.15614,-0.14317,0.07727,4865,-5329,0.99988,-0.00089,0.01572,-0.00089,0.99359,0.11305,-0.01572,-0.11305,0.99347,0.00000,-0.00089
1.503106,-0.11545,-1.11506,9.42952,-0.64232,-0.48370,-0.23548,0.24364,-0.00317,-0.02773,4865,-5329,0.99988,-0.00090,0.01570,-0.00088,0.99358,0.11313,-0.01570,-0.11313,0.99346,0.00000,-0.00088
1.518757,-0.12861,-1.07198,9.35115,-0.65296,-0.47866,-0.23800,0.29614,-0.12567,-0.01023,4865,-5329,0.99988,-0.00090,0.01572,-0.00088,0.99357,0.11320,-0.01572,-0.11320,0.99345,0.00000,-0.00088
1.534528,-0.14536,-1.08993,9.37807,-0.65296,-0.47866,-0.23800,-0.22011,-0.01192,0.00727,4865,-5329,0.99988,-0.00090,0.01573,-0.00089,0.99358,0.11315,-0.01573,-0.11315,0.99345,0.00000,-0.00089
1.550161,-0.13280,-1.19282,9.36311,-0.64316,-0.48398,-0.23310,0.09489,-0.03817,0.12977,4865,-5329,0.99988,-0.00086,0.01573,-0.00092,0.99357,0.11325,-0.01572,-0.11325,0.99344,0.00000,-0.00092
1.565766,-0.12682,-1.09771,9.41815,-0.64288,-0.48314,-0.23772,0.08614,-0.10817,0.12102,4865,-5329,0.99988,-0.00083,0.01574,-0.00096,0.99356,0.11329,-0.01573,-0.11329,0.99344,0.00000,-0.00096
1.581168,-0.27039,-1.10548,9.33679,-0.64288,-0.48314,-0.23772,-0.09761,-0.11692,-0.02773,4865,-5329,0.99987,-0.00084,0.01585,-0.00096,0.99356,0.11329,-0.01584,-0.11329,0.99344,0.00000,-0.00096
1.596798,-0.11725,-0.96610,9.36790,-0.64148,-0.47838,-0.23982,-0.13261,0.11933,-0.03648,4865,-5329,0.99987,-0.00085,0.01580,-0.00094,0.99357,0.11320,-0.01579,-0.11320,0.99345,0.00000,-0.00094
1.612590,-0.15434,-1.08335,9.45643,-0.64148,-0.47838,-0.23982,-0.11511,0.01433,-0.01023,4865,-5329,0.99987,-0.00085,0.01579,-0.00094,0.99357,0.11317,-0.01579,-0.11318,0.99345,0.00000,-0.00094
1.628226,-0.09511,-1.09950,9.39003,-0.64372,-0.48202,-0.23898,-0.18511,0.05808,0.03352,4865,-5329,0.99988,-0.00084,0.01575,-0.00095,0.99358,0.11315,-0.01574,-0.11315,0.99345,0.00000,-0.00095
1.643843,-0.12443,-1.13001,9.41336,-0.64148,-0.47838,-0.24668,-0.14136,-0.04692,-0.11523,4865,-5329,0.99988,-0.00087,0.01574,-0.00092,0.99358,0.11315,-0.01574,-0.11315,0.99345,0.00000,-0.00092
1.659274,-0.11605,-0.93799,9.41217,-0.64148,-0.47838,-0.24668,-0.14136,-0.09942,0.02477,4865,-5329,0.99988,-0.00086,0.01575,-0.00093,0.99359,0.11304,-0.01575,-0.11304,0.99347,0.00000,-0.00093
1.674900,-0.09033,-1.10489,9.27937,-0.64512,-0.47838,-0.23492,0.04239,0.11058,-0.02773,4865,-5329,0.99988,-0.00086,0.01569,-0.00092,0.99358,0.11308,-0.01569,-0.11308,0.99346,0.00000,-0.00092
1.690664,-0.12443,-1.07737,9.39422,-0.64512,-0.47838,-0.23772,0.04239,-0.16067,0.05977,4865,-5329,0.99988,-0.00085,0.01571,-0.00094,0.99358,0.11310,-0.01571,-0.11310,0.99346,0.00000,-0.00094
1.706266,-0.10409,-1.11326,9.42652,-0.64932,-0.48734,-0.23772,0.01614,0.06683,0.07727,4865,-5329,0.99988,-0.00082,0.01567,-0.00096,0.99358,0.11313,-0.01567,-0.11313,0.99346,0.00000,-0.00096
1.721879,-0.28415,-1.09771,9.38345,-0.64652,-0.48006,-0.24024,-0.04511,-0.24817,0.21727,4865,-5329,0.99987,-0.00077,0.01582,-0.00102,0.99358,0.11313,-0.01580,-0.11313,0.99345,0.00000,-0.00102
1.737500,-0.12263,-1.05882,9.38824,-0.64652,-0.48006,-0.24024,0.20864,-0.09942,0.01602,4865,-5329,0.99987,-0.00077,0.01583,-0.00103,0.99357,0.11318,-0.01582,-0.11318,0.99345,0.00000,-0.00103
1.752948,-0.12144,-1.09950,9.37209,-0.64652,-0.47894,-0.22694,0.12114,-0.08192,0.20852,4865,-5329,0.99987,-0.00071,0.01584,-0.00109,0.99357,0.11322,-0.01582,-0.11322,0.99344,0.00000,-0.00109
1.768717,-0.13400,-1.06301,9.43729,-0.64652,-0.47810,-0.23604,-0.01886,-0.08192,0.05102,4865,-5329,0.99987,-0.00069,0.01585,-0.00110,0.99357,0.11321,-0.01583,-0.11321,0.99345,0.00000,-0.00110
1.784349,-0.12981,-1.07198,9.39602,-0.64456,-0.47810,-0.23604,0.10364,-0.16942,0.12102,4865,-5329,0.99987,-0.00066,0.01588,-0.00114,0.99357,0.11323,-0.01586,-0.11324,0.99344,0.00000,-0.00114
1.799980,-0.13460,-1.20897,9.39422,-0.64260,-0.48202,-0.23744,-0.15011,-0.17817,0.00727,4865,-5329,0.99987,-0.00066,0.01592,-0.00115,0.99356,0.11328,-0.01589,-0.11328,0.99344,0.00000,-0.00115
1.815573,-0.09452,-1.11864,9.41157,-0.64260,-0.48202,-0.23744,-0.23761,-0.02067,0.07727,4865,-5329,0.99987,-0.00063,0.01590,-0.00117,0.99357,0.11325,-0.01587,-0.11325,0.99344,0.00000,-0.00117
1.831034,-0.14297,-0.97747,9.36491,-0.63896,-0.48370,-0.23520,0.19989,0.18933,0.17352,4865,-5329,0.99987,-0.00058,0.01585,-0.00121,0.99357,0.11325,-0.01581,-0.11325,0.99344,0.00000,-0.00121
1.846801,-0.12861,-1.11506,9.38465,-0.64680,-0.48258,-0.23926,0.15614,0.07558,0.02477,4865,-5329,0.99987,-0.00058,0.01581,-0.00122,0.99356,0.11331,-0.01577,-0.11331,0.99343,0.00000,-0.00122
1.862437,-0.14357,-1.09113,9.43909,-0.64680,-0.48258,-0.23926,0.12989,-0.14317,-0.08023,4865,-5329,0.99987,-0.00060,0.01584,-0.00120,0.99356,0.11334,-0.01581,-0.11335,0.99343,0.00000,-0.00120
1.878062,-0.13161,-1.11027,9.39602,-0.64260,-0.47810,-0.23142,-0.09761,-0.23067,0.03352,4865,-5329,0.99987,-0.00059,0.01589,-0.00122,0.99356,0.11334,-0.01586,-0.11335,0.99343,0.00000,-0.00122
1.893670,-0.11844,-1.05344,9.41516,-0.64260,-0.47810,-0.23142,0.20864,-0.17817,0.03352,4865,-5329,0.99987,-0.00058,0.01592,-0.00123,0.99355,0.11338,-0.01589,-0.11339,0.99342,0.00000,-0.00123
1.909111,-0.13460,-1.07139,9.41994,-0.64624,-0.47894,-0.23954,0.12114,-0.09067,0.01602,4865,-5329,0.99987,-0.00057,0.01594,-0.00124,0.99355,0.11340,-0.01590,-0.11341,0.99342,0.00000,-0.00124
1.924741,-0.25543,-1.03849,9.34876,-0.64512,-0.47614,-0.23744,0.01614,-0.07317,0.08602,4865,-5329,0.99987,-0.00056,0.01602,-0.00126,0.99355,0.11339,-0.01598,-0.11339,0.99342,0.00000,-0.00126
1.940523,-0.10050,-1.11625,9.40379,-0.64512,-0.47614,-0.23744,0.02489,-0.10817,0.06852,4865,-5329,0.99987,-0.00053,0.01602,-0.00129,0.99355,0.11342,-0.01598,-0.11343,0.99342,0.00000,-0.00129
1.956122,-0.30389,-1.17906,9.32184,-0.65072,-0.47922,-0.24570,0.04239,-0.11692,0.04227,4865,-5329,0.99987,-0.00053,0.01615,-0.00130,0.99354,0.11350,-0.01610,-0.11350,0.99341,0.00000,-0.00130
1.971730,-0.09452,-1.11147,9.39123,-0.65072,-0.47922,-0.20986,0.19114,-0.10817,-0.08023,4865,-5329,0.99987,-0.00055,0.01614,-0.00128,0.99353,0.11356,-0.01610,-0.11357,0.99340,0.00000,-0.00128
1.987183,-0.12024,-1.11506,9.41636,-0.63868,-0.47614,-0.23828,0.29614,-0.11692,0.07727,4865,-5329,0.99987,-0.00053,0.01615,-0.00131,0.99352,0.11365,-0.01611,-0.11366,0.99339,0.00000,-0.00131
2.003009,-0.12323,-1.07378,9.38585,-0.64820,-0.48846,-0.23450,-0.01011,-0.12567,-0.04523,4865,-5329,0.99987,-0.00054,0.01617,-0.00130,0.99352,0.11365,-0.01613,-0.11365,0.99339,0.00000,-0.00130
2.018585,-0.15254,-1.07079,9.40619,-0.64820,-0.48846,-0.23450,0.10364,-0.01192,0.12102,4865,-5329,0.99987,-0.00051,0.01618,-0.00133,0.99352,0.11367,-0.01613,-0.11368,0.99339,0.00000,-0.00133
2.034254,0.02034,-1.15394,9.37687,-0.64764,-0.47726,-0.23940,-0.52636,0.34683,1.09227,4865,-5329,0.99987,-0.00020,0.01598,-0.00162,0.99353,0.11359,-0.01590,-0.11360,0.99340,0.00000,-0.00162
2.049891,1.99980,-1.22513,9.61257,-0.64764,-0.47726,-0.22946,-0.33386,0.94183,4.18977,4866,-5327,0.99989,0.00109,0.01452,-0.00273,0.99352,0.11359,-0.01430,-0.11362,0.99342,6.28129,-0.00273
2.065534,2.93001,-1.65464,9.32782,-0.65296,-0.47838,-0.22946,-2.06636,-1.41192,4.34727,4869,-5325,0.99991,0.00248,0.01314,-0.00396,0.99354,0.11345,-0.01277,-0.11349,0.99346,0.00000,-0.00396
2.081062,2.22772,-0.84407,9.18066,-0.65464,-0.46774,-0.24654,0.29614,0.42558,3.69977,4871,-5322,0.99993,0.00364,0.01165,-0.00494,0.99353,0.11343,-0.01117,-0.11348,0.99348,6.28129,-0.00494
2.096719,0.89551,-1.15155,9.55634,-0.65464,-0.46774,-0.24654,-1.80386,-1.41192,2.05477,4875,-5318,0.99993,0.00428,0.01144,-0.00554,0.99358,0.11303,-0.01088,-0.11309,0.99353,6.28129,-0.00554
2.112362,-0.21236,-1.17069,9.08196,-0.64232,-0.45598,-0.26054,-2.29386,0.11058,3.50727,4878,-5314,0.99992,0.00523,0.01150,-0.00649,0.99362,0.11260,-0.01084,-0.11266,0.99357,6.27940,-0.00649
2.127965,-0.34696,-0.53360,9.41695,-0.63616,-0.46466,-0.29204,1.63489,-0.02067,4.37352,4882,-5310,0.99991,0.00640,0.01166,-0.00767,0.99360,0.11269,-0.01087,-0.11277,0.99356,6.27940,-0.00767
2.143579,-0.00179,-1.38425,9.69632,-0.63616,-0.46466,-0.29204,-0.29886,-0.72942,3.97102,4887,-5305,0.99990,0.00749,0.01180,-0.00877,0.99358,0.11276,-0.01088,-0.11285,0.99355,6.27940,-0.00877
2.159142,-0.38405,-1.56191,8.67338,-0.62692,-0.46326,-0.32088,1.08364,-1.09692,1.94977,4891,-5300,0.99989,0.00799,0.01229,-0.00934,0.99351,0.11338,-0.01131,-0.11348,0.99348,6.27751,-0.00934
2.174822,-0.18126,-1.28674,9.58983,-0.62692,-0.46326,-0.32088,-1.06886,0.63558,-0.92023,4896,-5295,0.99990,0.00774,0.01218,-0.00907,0.99353,0.11323,-0.01122,-0.11332,0.99349,6.27751,-0.00907
2.190439,0.17886,-1.21496,9.03051,-0.61880,-0.45318,-0.32214,-0.15011,-1.96317,-1.54148,4900,-5291,0.99989,0.00734,0.01250,-0.00871,0.99352,0.11331,-0.01159,-0.11341,0.99348,6.27751,-0.00871
2.206056,-0.34756,-0.90449,9.89552,-0.61264,-0.45990,-0.34790,0.60239,-0.69442,-0.58773,4904,-5287,0.99989,0.00716,0.01283,-0.00857,0.99352,0.11333,-0.01194,-0.11343,0.99347,6.27751,-0.00857
2.221667,-0.18784,-0.47198,9.49831,-0.61264,-0.45990,-0.34790,0.27864,-1.43817,0.02477,4908,-5283,0.99989,0.00717,0.01326,-0.00862,0.99356,0.11302,-0.01236,-0.11312,0.99350,6.27751,-0.00862
2.237219,-0.22792,-0.91346,9.20519,-0.60816,-0.44422,-0.36680,0.05989,-0.95692,0.79477,4912,-5279,0.99988,0.00737,0.01359,-0.00886,0.99356,0.11295,-0.01267,-0.11305,0.99351,6.27751,-0.00886
2.252850,-0.57308,-1.39382,9.28116,-0.60816,-0.44422,-0.36680,0.44489,0.72308,0.10352,4916,-5275,0.99988,0.00737,0.01369,-0.00887,0.99353,0.11325,-0.01277,-0.11336,0.99347,6.27751,-0.00887
2.268544,0.04845,-1.44945,9.10589,-0.60172,-0.45290,-0.37282,-0.18511,0.41683,-2.18898,4920,-5271,0.99989,0.00678,0.01347,-0.00826,0.99351,0.11346,-0.01261,-0.11355,0.99345,6.27751,-0.00827
2.284168,-0.22851,-0.81236,8.76252,-0.59080,-0.45402,-0.37506,-0.50886,-3.73067,-2.88898,4924,-5268,0.99988,0.00599,0.01450,-0.00760,0.99354,0.11321,-0.01372,-0.11331,0.99347,6.27940,-0.00760
2.299758,-0.49890,-0.52343,9.33380,-0.59080,-0.45402,-0.37506,0.53239,0.19808,-0.92898,4927,-5264,0.99988,0.00571,0.01471,-0.00733,0.99357,0.11302,-0.01397,-0.11311,0.99348,6.27751,-0.00733
2.315414,0.00419,-0.91047,9.31227,-0.58352,-0.44730,-0.40292,0.18239,-0.21317,2.54477,4931,-5260,0.99987,0.00641,0.01469,-0.00803,0.99357,0.11296,-0.01387,-0.11307,0.99349,6.27751,-0.00803
2.330937,0.44327,-0.97508,9.61077,-0.58352,-0.44646,-0.41692,0.75114,-1.21942,5.51977,4935,-5256,0.99986,0.00794,0.01468,-0.00955,0.99354,0.11306,-0.01369,-0.11319,0.99348,6.27751,-0.00955
2.346622,0.31047,-1.26879,9.20698,-0.57092,-0.44646,-0.41692,-0.19386,-2.06817,4.47852,4939,-5252,0.99985,0.00920,0.01498,-0.01084,0.99352,0.11314,-0.01385,-0.11328,0.99347,6.27751,-0.01084
2.362236,-0.94516,-0.96072,8.53819,-0.55860,-0.44310,-0.43778,-0.71886,0.28558,1.49477,4943,-5248,0.99983,0.00954,0.01547,-0.01123,0.99354,0.11296,-0.01430,-0.11311,0.99348,6.27751,-0.01123
2.377875,0.09332,-0.99422,9.09033,-0.55860,-0.44310,-0.43778,-2.40761,-1.18442,0.11227,4946,-5244,0.99983,0.00960,0.01564,-0.01130,0.99360,0.11237,-0.01446,-0.11253,0.99354,6.27562,-0.01130
2.393473,-0.09212,-1.30588,9.35534,-0.55860,-0.43358,-0.44394,-1.04261,-1.42942,1.73977,4950,-5239,0.99982,0.01008,0.01600,-0.01182,0.99360,0.11230,-0.01476,-0.11247,0.99355,6.27373,-0.01182
2.409009,-0.26321,-0.82971,9.32722,-0.54544,-0.43414,-0.46732,0.60239,0.25933,3.83102,4954,-5235,0.99981,0.01111,0.01603,-0.01284,0.99359,0.11231,-0.01468,-0.11250,0.99354,6.27373,-0.01284
2.424655,-0.09930,-1.04626,9.27518,-0.54544,-0.43414,-0.46732,-0.48261,-1.16692,4.12852,4958,-5231,0.99979,0.01224,0.01632,-0.01399,0.99359,0.11218,-0.01484,-0.11239,0.99355,6.27373,-0.01400
2.440328,-0.43250,-0.66042,9.67957,-0.53396,-0.42910,-0.47642,0.82114,-1.48192,0.90852,4962,-5227,0.99978,0.01247,0.01689,-0.01428,0.99359,0.11212,-0.01538,-0.11234,0.99355,6.27373,-0.01429
2.456018,-0.22971,-1.37109,9.36910,-0.53396,-0.42910,-0.47642,-0.50011,0.70558,0.70727,4966,-5223,0.99978,0.01265,0.01678,-0.01446,0.99358,0.11218,-0.01525,-0.11240,0.99355,6.27373,-0.01446
2.471523,-0.05324,-1.97348,9.19442,-0.52584,-0.43050,-0.47544,-0.47386,-0.80817,-3.59773,4970,-5219,0.99979,0.01169,0.01692,-0.01352,0.99354,0.11263,-0.01549,-0.11284,0.99349,6.27373,-0.01353
2.487090,-0.25842,-1.16590,9.71127,-0.50988,-0.42686,-0.51128,1.69614,-1.44692,-3.51898,4974,-5214,0.99979,0.01072,0.01736,-0.01262,0.99351,0.11307,-0.01603,-0.11326,0.99344,6.27183,-0.01262
2.502746,-0.56770,-1.05464,9.24407,-0.50988,-0.42686,-0.51128,0.57614,0.53058,0.56727,4979,-5210,0.99979,0.01084,0.01749,-0.01275,0.99349,0.11318,-0.01615,-0.11338,0.99342,6.27373,-0.01276
2.518355,0.12144,-0.69811,9.58924,-0.49868,-0.42966,-0.51170,0.96114,-1.04442,3.70852,4983,-5205,0.99977,0.01187,0.01761,-0.01379,0.99348,0.11317,-0.01615,-0.11338,0.99342,6.27183,-0.01379
2.533982,-0.11127,-1.13001,9.43071,-0.49868,-0.42966,-0.51170,0.75114,-0.38817,4.41727,4987,-5201,0.99976,0.01307,0.01771,-0.01499,0.99344,0.11336,-0.01611,-0.11360,0.99340,6.27183,-0.01500
2.549629,-1.46321,-0.84407,9.94397,-0.48188,-0.42238,-0.53676,-0.11511,4.37183,3.90977,4991,-5197,0.99975,0.01405,0.01731,-0.01592,0.99345,0.11317,-0.01561,-0.11341,0.99343,6.27183,-0.01592
2.565165,-0.31167,-1.19880,8.34557,-0.47180,-0.41342,-0.54600,0.24364,-1.77942,1.72227,4995,-5193,0.99974,0.01451,0.01785,-0.01644,0.99342,0.11338,-0.01609,-0.11364,0.99339,6.27183,-0.01644
2.580833,-0.37627,-1.26939,9.37807,-0.47180,-0.41342,-0.54600,-0.85886,-2.39192,2.05477,4999,-5188,0.99971,0.01506,0.01863,-0.01707,0.99342,0.11328,-0.01680,-0.11356,0.99339,6.26994,-0.01708
2.596453,-0.38764,-0.68674,9.05683,-0.45332,-0.41342,-0.55020,0.98739,-0.25692,3.06977,5003,-5184,0.99970,0.01587,0.01888,-0.01791,0.99340,0.11330,-0.01696,-0.11360,0.99338,6.26994,-0.01791
2.612051,0.23330,-1.13240,10.29452,-0.45332,-0.41342,-0.55020,-0.81511,0.18933,3.25352,5007,-5180,0.99969,0.01678,0.01862,-0.01878,0.99341,0.11307,-0.01660,-0.11339,0.99341,6.26994,-0.01879
2.627674,0.90449,-0.76690,9.71905,-0.43932,-0.42322,-0.56252,1.66114,-4.42192,3.90977,5010,-5176,0.99966,0.01791,0.01916,-0.01997,0.99336,0.11326,-0.01701,-0.11361,0.99338,6.26805,-0.01998
2.643275,-1.14676,-1.10907,8.48435,-0.43288,-0.41286,-0.58520,-0.15886,2.03558,4.02352,5014,-5171,0.99963,0.01893,0.01935,-0.02100,0.99334,0.11329,-0.01708,-0.11366,0.99337,6.26616,-0.02100
2.658880,0.20160,-1.73539,9.48335,-0.43288,-0.41286,-0.58520,0.54114,-1.20192,3.09602,5018,-5167,0.99961,0.01979,0.01945,-0.02188,0.99326,0.11380,-0.01706,-0.11418,0.99331,6.26616,-0.02189
2.674524,-1.13958,-1.49432,8.97189,-0.40236,-0.41202,-0.58646,-0.57886,-1.84942,2.41352,5021,-5163,0.99958,0.02038,0.02056,-0.02260,0.99323,0.11391,-0.01810,-0.11433,0.99328,6.26427,-0.02260
2.690149,-1.28734,-0.60598,9.73101,-0.40236,-0.40502,-0.58576,1.08364,0.88058,1.81852,5025,-5159,0.99956,0.02080,0.02099,-0.02306,0.99323,0.11387,-0.01848,-0.11430,0.99327,6.26427,-0.02306
2.705757,-0.42054,-0.48814,8.99761,-0.39088,-0.40502,-0.58576,-0.26386,-0.94817,0.03352,5029,-5155,0.99956,0.02079,0.02138,-0.02309,0.99328,0.11345,-0.01887,-0.11389,0.99331,6.26427,-0.02309
2.721360,0.43190,-0.67238,9.06401,-0.38220,-0.40446,-0.61012,1.27614,0.64433,0.21727,5033,-5151,0.99956,0.02089,0.02085,-0.02312,0.99327,0.11353,-0.01834,-0.11397,0.99332,6.26427,-0.02313
2.736932,-0.10469,-0.68255,8.32343,-0.38220,-0.40446,-0.61012,0.08614,0.66183,0.68977,5037,-5147,0.99956,0.02108,0.02063,-0.02328,0.99328,0.11336,-0.01811,-0.11379,0.99334,6.26427,-0.02329
2.752590,-0.27338,-1.52483,9.87398,-0.36428,-0.40530,-0.60270,-0.43011,1.92183,0.75977,5040,-5144,0.99957,0.02128,0.02018,-0.02344,0.99326,0.11349,-0.01763,-0.11391,0.99333,6.26427,-0.02344
2.768204,-0.17049,-0.91944,8.87139,-0.34888,-0.39466,-0.59752,-0.44761,-1.28942,1.37227,5044,-5140,0.99956,0.02166,0.02050,-0.02385,0.99327,0.11332,-0.01791,-0.11376,0.99335,6.26427,-0.02385
2.783840,-0.06999,-0.70768,9.18186,-0.34888,-0.39466,-0.59752,-0.07136,3.12933,3.35852,5048,-5135,0.99955,0.02257,0.01965,-0.02466,0.99328,0.11312,-0.01697,-0.11355,0.99339,6.26238,-0.02466
2.799526,0.38644,-0.89910,9.62513,-0.33152,-0.38990,-0.60466,-0.07136,2.44683,5.14352,5051,-5131,0.99954,0.02402,0.01867,-0.02598,0.99325,0.11301,-0.01583,-0.11344,0.99342,6.26048,-0.02598
2.815023,0.89970,-1.62951,10.70489,-0.33152,-0.38990,-0.60466,-0.29886,-2.32192,5.65102,5055,-5127,0.99950,0.02561,0.01870,-0.02757,0.99320,0.11315,-0.01568,-0.11361,0.99340,6.26048,-0.02758
2.830702,0.21176,-1.28973,9.30270,-0.32200,-0.39914,-0.61124,1.38114,-1.94567,4.93352,5059,-5123,0.99945,0.02698,0.01905,-0.02897,0.99310,0.11360,-0.01585,-0.11409,0.99334,6.26048,-0.02898
2.846302,-0.27637,-1.38365,9.11725,-0.31220,-0.39718,-0.61964,0.03364,1.80808,1.88852,5063,-5118,0.99945,0.02748,0.01869,-0.02943,0.99307,0.11381,-0.01543,-0.11429,0.99333,6.25859,-0.02944
2.861909,-0.27278,-0.99003,9.04786,-0.31220,-0.39718,-0.61964,-0.11511,-1.42067,0.85602,5067,-5114,0.99943,0.02771,0.01912,-0.02971,0.99307,0.11373,-0.01584,-0.11424,0.99333,6.25859,-0.02971
2.877546,-0.02273,-0.66700,9.77947,-0.27636,-0.40250,-0.62076,-0.46511,-0.83442,2.28227,5070,-5110,0.99941,0.02834,0.01927,-0.03035,0.99309,0.11336,-0.01593,-0.11388,0.99337,6.25670,-0.03035
2.893092,-0.22074,-0.68435,10.08455,-0.27636,-0.40250,-0.62076,0.32239,0.83683,1.95852,5074,-5105,0.99940,0.02886,0.01910,-0.03084,0.99310,0.11318,-0.01570,-0.11370,0.99339,6.25481,-0.03085
2.908767,-0.60000,-1.47577,9.16750,-0.26180,-0.38654,-0.61740,-0.04511,-2.63692,1.24102,5078,-5102,0.99937,0.02917,0.02006,-0.03127,0.99306,0.11339,-0.01662,-0.11395,0.99335,6.25670,-0.03128
2.924390,-0.55992,-1.51466,9.61975,-0.24304,-0.39270,-0.63056,1.19739,-1.82317,1.83602,5082,-5098,0.99934,0.02964,0.02082,-0.03182,0.99298,0.11389,-0.01730,-0.11448,0.99328,6.25670,-0.03183
2.940001,-0.94636,-0.87996,8.34617,-0.24304,-0.39270,-0.63056,0.33114,-1.41192,0.61977,5086,-5094,0.99932,0.02974,0.02174,-0.03203,0.99298,0.11387,-0.01820,-0.11449,0.99326,6.25670,-0.03204
2.955620,-0.32303,-1.73061,9.99123,-0.24080,-0.39690,-0.62958,-0.04511,-2.60192,-0.97273,5090,-5090,0.99931,0.02947,0.02252,-0.03186,0.99295,0.11415,-0.01899,-0.11479,0.99321,6.25670,-0.03187
2.971179,-0.65025,-0.75733,9.28894,-0.24080,-0.39690,-0.62216,-0.13261,0.04933,-0.39523,5094,-5086,0.99931,0.02933,0.02281,-0.03175,0.99298,0.11392,-0.01931,-0.11456,0.99323,6.25670,-0.03176
2.986840,-0.60239,-0.64008,9.40678,-0.21224,-0.38962,-0.62216,0.04239,0.32933,1.45102,5097,-5082,0.99929,0.02970,0.02297,-0.03212,0.99300,0.11366,-0.01944,-0.11432,0.99325,6.25481,-0.03213
3.002457,0.23569,-0.64606,9.72922,-0.20188,-0.38990,-0.61880,-0.54386,-3.59067,2.08102,5101,-5078,0.99926,0.03030,0.02365,-0.03279,0.99303,0.11324,-0.02005,-0.11393,0.99329,6.25481,-0.03281
3.018068,-0.60479,-1.16471,9.67478,-0.20188,-0.38990,-0.61880,0.66364,2.62183,2.89477,5105,-5074,0.99925,0.03105,0.02326,-0.03349,0.99298,0.11344,-0.01957,-0.11414,0.99327,6.25481,-0.03351
3.033712,0.35115,-1.14736,9.75494,-0.17332,-0.38290,-0.62342,0.25239,0.67933,4.22477,5108,-5070,0.99922,0.03224,0.02276,-0.03462,0.99293,0.11352,-0.01893,-0.11422,0.99327,6.25292,-0.03463
3.049244,0.71186,-1.53619,9.56411,-0.13748,-0.39242,-0.60732,0.29614,-1.60442,1.31102,5112,-5066,0.99921,0.03265,0.02266,-0.03503,0.99288,0.11385,-0.01878,-0.11455,0.99324,6.25292,-0.03504
3.064875,-1.22213,-0.96790,9.76212,-0.15820,-0.39242,-0.60732,-0.25511,-1.68317,-0.33398,5116,-5062,0.99919,0.03250,0.02370,-0.03499,0.99290,0.11366,-0.01984,-0.11439,0.99324,6.25292,-0.03500
3.080548,-0.82014,-0.44985,9.21476,-0.14756,-0.38542,-0.61236,-2.57387,2.07058,0.37477,5119,-5058,0.99919,0.03257,0.02353,-0.03502,0.99301,0.11269,-0.01970,-0.11342,0.99335,6.25103,-0.03503
3.096138,-0.43549,-1.42612,8.87797,-0.14756,-0.38542,-0.61236,0.30489,-1.33317,-0.10648,5123,-5054,0.99918,0.03252,0.02403,-0.03504,0.99297,0.11303,-0.02019,-0.11378,0.99330,6.25103,-0.03505
3.111758,-0.27577,-1.39083,9.14058,-0.12628,-0.38906,-0.60284,-0.41261,-1.11442,0.44477,5127,-5050,0.99917,0.03264,0.02439,-0.03519,0.99296,0.11312,-0.02053,-0.11389,0.99328,6.25103,-0.03521
3.127373,-0.29850,-1.00738,9.09273,-0.10416,-0.39298,-0.59556,1.12739,1.66808,0.24352,5132,-5046,0.99918,0.03268,0.02405,-0.03521,0.99293,0.11338,-0.02018,-0.11414,0.99326,6.25292,-0.03522
3.142955,-0.31525,-1.06421,8.89472,-0.10416,-0.39298,-0.59556,0.05989,1.23933,0.81227,5135,-5042,0.99918,0.03289,0.02380,-0.03539,0.99292,0.11342,-0.01990,-0.11417,0.99326,6.25103,-0.03540
3.158638,0.34576,-1.26760,8.66202,-0.08596,-0.39326,-0.60228,0.86489,-2.94317,-0.70148,5139,-5038,0.99917,0.03274,0.02423,-0.03529,0.99288,0.11378,-0.02033,-0.11454,0.99321,6.25103,-0.03531
3.174271,0.24646,-1.90828,10.07199,-0.08596,-0.39326,-0.60228,-0.26386,1.73808,-1.03398,5143,-5035,0.99919,0.03248,0.02357,-0.03497,0.99285,0.11414,-0.01969,-0.11487,0.99318,6.25292,-0.03498
3.189886,0.27039,-1.06002,9.48276,-0.06132,-0.39886,-0.60116,-0.82386,0.77558,-1.81273,5148,-5031,0.99922,0.03203,0.02307,-0.03445,0.99289,0.11395,-0.01925,-0.11465,0.99322,6.25481,-0.03447
3.205521,-0.12323,-0.97089,8.83490,-0.05572,-0.40166,-0.58954,-0.38636,-0.69442,1.19727,5152,-5026,0.99921,0.03236,0.02321,-0.03480,0.99289,0.11383,-0.01936,-0.11455,0.99323,6.25292,-0.03481
3.221057,-0.10648,-0.42891,9.74058,-0.05572,-0.40166,-0.58954,0.57614,-1.11442,5.58977,5156,-5022,0.99915,0.03388,0.02346,-0.03633,0.99287,0.11356,-0.01945,-0.11431,0.99325,6.25292,-0.03635
3.236751,-0.23629,-1.40877,8.83789,-0.02044,-0.39802,-0.57834,0.45364,0.89808,6.37727,5160,-5017,0.99909,0.03561,0.02331,-0.03804,0.99276,0.11391,-0.01908,-0.11469,0.99322,6.25103,-0.03806
3.252312,-0.75912,-1.00857,10.15574,-0.02044,-0.43386,-0.56966,0.27864,0.79308,4.68852,5164,-5013,0.99905,0.03684,0.02342,-0.03928,0.99272,0.11387,-0.01905,-0.11468,0.99322,6.25103,-0.03930
