0.000004,-0.32183,-0.69511,9.37867,-0.38038,-0.45934,-0.22176,-0.13749,-0.02962,-0.02612,21937,-11619,-0.034202,-0.073871,0.996681
0.019669,-0.31585,-0.68076,9.40798,-0.38038,-0.45934,-0.21294,-0.09374,-0.07337,0.01763,21937,-11619,-0.034172,-0.073799,0.996688,0.99941,-0.00252,0.03413,0.00001,-0.99727,-0.07388,-0.03422,-0.07384,0.99668,
0.035453,-0.32243,-0.70170,9.36072,-0.38458,-0.46382,-0.20216,-0.11999,-0.03837,0.05263,21937,-11619,-0.034242,-0.073917,0.996676,0.99941,-0.00250,0.03414,0.00002,-0.99727,-0.07386,-0.03423,-0.07381,0.99668,
0.051040,-0.30748,-0.70349,9.37867,-0.38458,-0.45934,-0.21434,-0.28624,-0.05587,-0.06987,21937,-11619,-0.034147,-0.073924,0.996679,0.99941,-0.00252,0.03415,0.00001,-0.99727,-0.07380,-0.03424,-0.07375,0.99669,
0.066678,-0.33978,-0.67418,9.40798,-0.37870,-0.45934,-0.21434,-0.11999,0.11038,0.09638,21937,-11619,-0.034342,-0.073659,0.996692,0.99941,-0.00249,0.03413,0.00003,-0.99728,-0.07376,-0.03422,-0.07371,0.99669,
0.082255,-0.30688,-0.69033,9.35833,-0.37282,-0.46102,-0.22008,-0.01499,-0.06462,0.00888,21937,-11619,-0.034118,-0.073720,0.996695,0.99941,-0.00249,0.03414,0.00003,-0.99728,-0.07375,-0.03423,-0.07371,0.99669,
0.097692,-0.17946,-0.67358,9.38884,-0.37282,-0.46102,-0.22008,0.01126,0.11913,-0.10487,21937,-11619,-0.033272,-0.073577,0.996734,0.99942,-0.00251,0.03402,0.00000,-0.99728,-0.07374,-0.03411,-0.07370,0.99670,
0.113461,-0.34098,-0.66879,9.40977,-0.37898,-0.45850,-0.20874,0.11626,-0.05587,0.13138,21937,-11619,-0.034230,-0.073507,0.996707,0.99942,-0.00248,0.03404,0.00004,-0.99728,-0.07376,-0.03413,-0.07371,0.99670,
0.129095,-0.29192,-0.67896,9.45225,-0.37898,-0.46270,-0.21182,-0.00624,0.17163,0.02638,21937,-11619,-0.033911,-0.073568,0.996713,0.99942,-0.00247,0.03398,0.00004,-0.99728,-0.07374,-0.03407,-0.07370,0.99670,
0.144747,-0.33679,-0.69631,9.34577,-0.38010,-0.46270,-0.21182,0.05501,-0.01212,0.12263,21937,-11619,-0.034166,-0.073727,0.996693,0.99942,-0.00244,0.03399,0.00008,-0.99728,-0.07376,-0.03408,-0.07372,0.99670,
0.160341,-0.32004,-0.69033,9.45643,-0.38402,-0.45850,-0.20972,-0.04124,0.04038,-0.06112,21937,-11619,-0.034055,-0.073655,0.996702,0.99942,-0.00245,0.03398,0.00006,-0.99728,-0.07374,-0.03407,-0.07370,0.99670,
0.175951,-0.31167,-0.68435,9.35414,-0.38402,-0.45850,-0.20972,-0.00624,0.19788,-0.02612,21937,-11619,-0.033985,-0.073658,0.996704,0.99942,-0.00246,0.03392,0.00005,-0.99728,-0.07374,-0.03401,-0.07369,0.99670,
0.191392,-0.33141,-0.69870,9.44088,-0.38850,-0.45262,-0.21210,0.03751,-0.02962,0.04388,21937,-11619,-0.034053,-0.073695,0.996699,0.99942,-0.00245,0.03394,0.00006,-0.99728,-0.07374,-0.03402,-0.07370,0.99670,
0.207157,-0.31585,-0.70708,9.46481,-0.38514,-0.45822,-0.22064,-0.05874,0.09288,0.16638,21937,-11619,-0.033967,-0.073754,0.996698,0.99942,-0.00240,0.03391,0.00010,-0.99728,-0.07373,-0.03399,-0.07370,0.99670,
0.222792,-0.32602,-0.68195,9.42353,-0.38514,-0.45822,-0.22064,-0.01499,0.02288,0.16638,21937,-11619,-0.034008,-0.073607,0.996707,0.99942,-0.00236,0.03390,0.00015,-0.99728,-0.07372,-0.03398,-0.07369,0.99670,
0.238394,-0.31466,-0.69033,9.37149,-0.38822,-0.45822,-0.21784,-0.02374,0.19788,-0.05237,21937,-11619,-0.033924,-0.073674,0.996705,0.99942,-0.00237,0.03385,0.00013,-0.99728,-0.07372,-0.03393,-0.07368,0.99670,
0.253845,-0.31525,-0.68195,9.45404,-0.38822,-0.45822,-0.21784,0.10751,0.23288,-0.06112,21937,-11619,-0.033834,-0.073557,0.996717,0.99943,-0.00239,0.03378,0.00011,-0.99728,-0.07373,-0.03387,-0.07369,0.99671,
0.269467,-0.33200,-0.68734,9.42712,-0.38290,-0.45962,-0.20580,-0.05874,-0.17837,-0.02612,21937,-11619,-0.033937,-0.073623,0.996709,0.99942,-0.00240,0.03383,0.00010,-0.99728,-0.07371,-0.03392,-0.07367,0.99671,
0.285283,-0.31585,-0.69751,9.39961,-0.38710,-0.46186,-0.20636,-0.00624,-0.15212,-0.14862,21937,-11619,-0.033934,-0.073698,0.996703,0.99942,-0.00244,0.03387,0.00007,-0.99728,-0.07371,-0.03396,-0.07367,0.99670,
0.300877,-0.31406,-0.67956,9.42712,-0.38710,-0.46186,-0.20636,-0.05874,0.15413,-0.22737,21937,-11619,-0.033913,-0.073566,0.996714,0.99942,-0.00250,0.03383,0.00000,-0.99728,-0.07369,-0.03392,-0.07365,0.99671,
0.316345,-0.30329,-0.69033,9.43251,-0.38038,-0.45738,-0.21476,0.08126,-0.01212,0.08763,21937,-11619,-0.033787,-0.073599,0.996715,0.99942,-0.00247,0.03382,0.00003,-0.99728,-0.07370,-0.03391,-0.07366,0.99671,
0.331916,-0.18006,-0.72861,9.45165,-0.38038,-0.45738,-0.21476,0.01126,0.09288,-0.09612,21937,-11619,-0.032968,-0.073849,0.996724,0.99943,-0.00249,0.03371,-0.00000,-0.99728,-0.07372,-0.03380,-0.07368,0.99671,
0.347560,-0.31346,-0.68794,9.38884,-0.37814,-0.45822,-0.21238,-0.11124,0.10163,0.07013,21937,-11619,-0.033746,-0.073653,0.996713,0.99943,-0.00247,0.03368,0.00002,-0.99728,-0.07369,-0.03377,-0.07365,0.99671,
0.363336,-0.31406,-0.67896,9.39123,-0.37646,-0.46186,-0.21560,-0.03249,-0.06462,0.07888,21937,-11619,-0.033740,-0.073571,0.996719,0.99943,-0.00245,0.03370,0.00004,-0.99728,-0.07368,-0.03378,-0.07364,0.99671,
0.378940,-0.33200,-0.70050,9.43729,-0.37646,-0.46186,-0.21560,0.29126,0.04038,-0.04362,21937,-11619,-0.033867,-0.073625,0.996711,0.99943,-0.00247,0.03369,0.00003,-0.99728,-0.07375,-0.03378,-0.07371,0.99671,
0.394547,-0.43609,-0.69631,9.41695,-0.37982,-0.46438,-0.20650,-0.04999,0.04038,0.16638,21937,-11619,-0.034544,-0.073674,0.996684,0.99943,-0.00243,0.03375,0.00007,-0.99728,-0.07373,-0.03384,-0.07369,0.99671,
0.410158,-0.34576,-0.67597,9.39123,-0.37982,-0.46326,-0.21980,-0.04124,0.25913,0.09638,21937,-11619,-0.033979,-0.073583,0.996710,0.99943,-0.00240,0.03370,0.00009,-0.99728,-0.07371,-0.03379,-0.07367,0.99671,
0.425624,-0.30927,-0.69571,9.43789,-0.38486,-0.46326,-0.21980,-0.06749,0.13663,0.14888,21937,-11619,-0.033666,-0.073675,0.996714,0.99943,-0.00236,0.03366,0.00013,-0.99728,-0.07370,-0.03374,-0.07366,0.99671,
0.441404,-0.33679,-0.67777,9.39901,-0.38850,-0.46102,-0.21686,-0.05874,-0.04712,0.16638,21937,-11619,-0.033851,-0.073563,0.996716,0.99943,-0.00231,0.03368,0.00017,-0.99728,-0.07367,-0.03376,-0.07364,0.99671,
0.457013,-0.32423,-0.68554,9.42652,-0.38850,-0.46102,-0.21686,-0.00624,-0.14337,-0.12237,21937,-11619,-0.033815,-0.073573,0.996716,0.99943,-0.00235,0.03372,0.00014,-0.99728,-0.07367,-0.03380,-0.07363,0.99671,
0.472632,-0.32722,-0.68016,9.45225,-0.38234,-0.46158,-0.20300,0.04626,0.09288,0.11388,21937,-11619,-0.033851,-0.073504,0.996720,0.99943,-0.00232,0.03370,0.00017,-0.99728,-0.07367,-0.03378,-0.07363,0.99671,
0.488297,-0.31645,-0.68195,9.37029,-0.38038,-0.45626,-0.21406,-0.04999,-0.02962,0.04388,21937,-11619,-0.033765,-0.073562,0.996719,0.99943,-0.00230,0.03371,0.00018,-0.99728,-0.07365,-0.03379,-0.07361,0.99671,
0.503695,-0.33978,-0.71246,9.42174,-0.38038,-0.45626,-0.21406,0.29126,-0.11712,0.00013,21937,-11619,-0.033938,-0.073690,0.996704,0.99943,-0.00231,0.03375,0.00019,-0.99728,-0.07373,-0.03383,-0.07369,0.99671,
0.519327,-0.33559,-0.67896,9.40918,-0.37982,-0.45234,-0.20846,0.09876,0.17163,-0.08737,21937,-11619,-0.033929,-0.073529,0.996716,0.99943,-0.00233,0.03372,0.00016,-0.99728,-0.07374,-0.03380,-0.07370,0.99671,
0.535103,-0.17827,-0.69153,9.45105,-0.37982,-0.45234,-0.20846,-0.14624,0.08413,-0.10487,21937,-11619,-0.032827,-0.073659,0.996743,0.99943,-0.00235,0.03361,0.00013,-0.99728,-0.07369,-0.03369,-0.07366,0.99671,
0.550705,-0.32722,-0.72203,9.43789,-0.38066,-0.45906,-0.21224,-0.28624,0.04913,0.08763,21937,-11619,-0.033726,-0.073874,0.996697,0.99943,-0.00233,0.03360,0.00015,-0.99728,-0.07364,-0.03368,-0.07361,0.99672,
0.566339,-0.17228,-0.71366,9.40379,-0.38654,-0.46214,-0.20776,0.01126,-0.02962,0.02638,21937,-11619,-0.032713,-0.073771,0.996739,0.99944,-0.00231,0.03352,0.00016,-0.99728,-0.07366,-0.03360,-0.07363,0.99672,
0.581783,-0.34397,-0.71186,9.56950,-0.38654,-0.46214,-0.20776,-0.01499,0.22413,0.08763,21937,-11619,-0.033712,-0.073658,0.996714,0.99944,-0.00229,0.03347,0.00018,-0.99728,-0.07366,-0.03355,-0.07363,0.99672,
0.597384,-0.32183,-0.66341,9.40140,-0.38038,-0.45906,-0.21294,0.06376,-0.19587,0.05263,21937,-11619,-0.033584,-0.073414,0.996736,0.99944,-0.00228,0.03353,0.00020,-0.99728,-0.07366,-0.03360,-0.07362,0.99672,
0.613204,-0.29791,-0.70768,9.42533,-0.38038,-0.45906,-0.21294,0.01126,0.15413,0.16638,21937,-11619,-0.033476,-0.073688,0.996719,0.99944,-0.00223,0.03348,0.00024,-0.99728,-0.07367,-0.03355,-0.07363,0.99672,
0.628821,-0.33320,-0.66281,9.36730,-0.38262,-0.46382,-0.21378,-0.03249,0.10163,0.07013,21937,-11619,-0.033636,-0.073442,0.996732,0.99944,-0.00221,0.03346,0.00026,-0.99728,-0.07364,-0.03353,-0.07361,0.99672,
0.644267,-0.28056,-0.69033,9.41576,-0.38094,-0.46186,-0.21448,0.11626,-0.21337,-0.02612,21937,-11619,-0.033305,-0.073564,0.996734,0.99944,-0.00222,0.03349,0.00025,-0.99728,-0.07366,-0.03356,-0.07363,0.99672,
0.659859,-0.32841,-0.67956,9.38884,-0.38094,-0.46186,-0.21448,0.01126,0.05788,-0.03487,21937,-11619,-0.033664,-0.073523,0.996725,0.99944,-0.00223,0.03348,0.00024,-0.99728,-0.07366,-0.03356,-0.07362,0.99672,
0.675472,-0.31825,-0.67059,9.39063,-0.37422,-0.46494,-0.21854,0.16876,0.06663,0.09638,21937,-11619,-0.033556,-0.073449,0.996734,0.99944,-0.00221,0.03347,0.00027,-0.99728,-0.07368,-0.03354,-0.07365,0.99672,
0.691260,-0.31645,-0.70349,9.38226,-0.37422,-0.46494,-0.21714,-0.06749,-0.02962,-0.02612,21937,-11619,-0.033540,-0.073705,0.996716,0.99944,-0.00221,0.03348,0.00026,-0.99728,-0.07367,-0.03355,-0.07364,0.99672,
0.706888,-0.28893,-0.68853,9.42952,-0.38458,-0.46270,-0.21714,-0.04999,-0.07337,0.12263,21937,-11619,-0.033373,-0.073601,0.996729,0.99944,-0.00218,0.03348,0.00030,-0.99728,-0.07366,-0.03355,-0.07362,0.99672,
0.722485,-0.33440,-0.68614,9.43849,-0.38290,-0.46130,-0.20440,0.11626,0.14538,-0.01737,21937,-11619,-0.033649,-0.073543,0.996724,0.99944,-0.00218,0.03345,0.00029,-0.99728,-0.07368,-0.03352,-0.07365,0.99672,
0.737967,-0.31884,-0.70229,9.42772,-0.38290,-0.46130,-0.20440,0.18626,0.04913,-0.00862,21937,-11619,-0.033508,-0.073644,0.996721,0.99944,-0.00219,0.03344,0.00028,-0.99728,-0.07372,-0.03351,-0.07369,0.99672,
0.753666,-0.31825,-0.68973,9.37448,-0.38402,-0.45878,-0.21518,0.02876,0.04038,0.05263,21937,-11619,-0.033517,-0.073641,0.996721,0.99944,-0.00217,0.03343,0.00030,-0.99728,-0.07373,-0.03350,-0.07369,0.99672,
0.769345,-0.31406,-0.71366,9.47318,-0.38206,-0.46102,-0.20748,-0.24249,-0.01212,-0.06112,21937,-11619,-0.033466,-0.073808,0.996711,0.99944,-0.00219,0.03343,0.00028,-0.99728,-0.07368,-0.03350,-0.07364,0.99672,
0.784999,-0.34038,-0.67896,9.39901,-0.38206,-0.46102,-0.20748,0.12501,-0.09087,0.04388,21937,-11619,-0.033675,-0.073556,0.996722,0.99944,-0.00218,0.03347,0.00029,-0.99728,-0.07370,-0.03354,-0.07367,0.99672,
0.800608,-0.19801,-0.67119,9.38465,-0.38850,-0.45766,-0.22106,-0.11999,0.06663,0.03513,21937,-11619,-0.032759,-0.073520,0.996756,0.99944,-0.00216,0.03338,0.00030,-0.99728,-0.07366,-0.03345,-0.07362,0.99672,
0.816217,-0.33440,-0.67777,9.44088,-0.38850,-0.45766,-0.22106,0.19501,-0.16962,0.24513,21937,-11619,-0.033578,-0.073486,0.996731,0.99944,-0.00210,0.03343,0.00037,-0.99728,-0.07369,-0.03350,-0.07366,0.99672,
0.831665,-0.15852,-0.68554,9.39243,-0.38654,-0.45570,-0.21154,0.00251,0.06663,-0.08737,21937,-11619,-0.032470,-0.073583,0.996760,0.99944,-0.00211,0.03332,0.00035,-0.99728,-0.07368,-0.03339,-0.07365,0.99672,
0.847471,-0.31226,-0.68195,9.40499,-0.38150,-0.45626,-0.21252,0.05501,0.06663,0.02638,21937,-11619,-0.033355,-0.073561,0.996733,0.99944,-0.00211,0.03330,0.00035,-0.99728,-0.07369,-0.03337,-0.07366,0.99672,
0.863091,-0.32722,-0.69332,9.44866,-0.38150,-0.45626,-0.21252,-0.17249,0.09288,-0.16612,21937,-11619,-0.033421,-0.073642,0.996725,0.99944,-0.00215,0.03329,0.00031,-0.99728,-0.07365,-0.03335,-0.07361,0.99673,
0.878714,-0.31047,-0.67896,9.42593,-0.38234,-0.45738,-0.20874,0.04626,-0.04712,-0.20112,21937,-11619,-0.033316,-0.073517,0.996737,0.99944,-0.00221,0.03329,0.00025,-0.99728,-0.07365,-0.03337,-0.07362,0.99673,
0.894305,-0.33619,-0.68853,9.42652,-0.38234,-0.45738,-0.20874,0.23001,-0.09962,-0.09612,21937,-11619,-0.033521,-0.073529,0.996730,0.99944,-0.00224,0.03333,0.00023,-0.99728,-0.07370,-0.03341,-0.07366,0.99672,
0.909746,-0.32782,-0.66221,9.41516,-0.37674,-0.45626,-0.21756,-0.02374,-0.00337,0.03513,21937,-11619,-0.033501,-0.073416,0.996739,0.99944,-0.00223,0.03334,0.00024,-0.99728,-0.07367,-0.03342,-0.07364,0.99673,
0.925369,-0.31645,-0.69153,9.45763,-0.38010,-0.45878,-0.21938,-0.11999,-0.12587,-0.07862,21937,-11619,-0.033428,-0.073607,0.996727,0.99944,-0.00225,0.03337,0.00022,-0.99729,-0.07364,-0.03345,-0.07360,0.99673,
0.941152,-0.33260,-0.68435,9.46601,-0.38010,-0.45878,-0.21938,0.09001,-0.05587,0.08763,21937,-11619,-0.033571,-0.073510,0.996729,0.99944,-0.00222,0.03340,0.00024,-0.99728,-0.07365,-0.03347,-0.07362,0.99672,
0.956768,-0.33679,-0.69332,9.39422,-0.37674,-0.46578,-0.20734,0.02876,0.02288,0.06138,21937,-11619,-0.033618,-0.073598,0.996721,0.99944,-0.00221,0.03341,0.00026,-0.99728,-0.07366,-0.03348,-0.07362,0.99672,
0.972352,-0.33320,-0.69093,9.43251,-0.37674,-0.47110,-0.21924,-0.04124,-0.03837,-0.06112,21937,-11619,-0.033589,-0.073586,0.996723,0.99944,-0.00223,0.03343,0.00024,-0.99728,-0.07364,-0.03350,-0.07361,0.99672,
0.987820,-0.32841,-0.70588,9.46660,-0.38178,-0.47110,-0.21924,0.09876,-0.11712,0.07013,21937,-11619,-0.033586,-0.073646,0.996719,0.99944,-0.00221,0.03346,0.00026,-0.99728,-0.07367,-0.03353,-0.07364,0.99672,
1.003418,-0.45942,-0.69093,9.40918,-0.37982,-0.45626,-0.22036,-0.02374,0.16288,-0.10487,21937,-11619,-0.034473,-0.073598,0.996692,0.99944,-0.00224,0.03351,0.00023,-0.99728,-0.07366,-0.03358,-0.07363,0.99672,
1.019234,-0.33500,-0.70947,9.45464,-0.37982,-0.45626,-0.22036,0.14251,-0.08212,-0.03487,21937,-11619,-0.033680,-0.073684,0.996713,0.99943,-0.00225,0.03354,0.00022,-0.99728,-0.07370,-0.03361,-0.07367,0.99672,
1.034866,-0.31944,-0.68016,9.46002,-0.37814,-0.46242,-0.21070,0.11626,-0.13462,-0.08737,21937,-11619,-0.033643,-0.073510,0.996727,0.99943,-0.00228,0.03357,0.00020,-0.99728,-0.07372,-0.03365,-0.07368,0.99671,
1.050472,-0.31944,-0.69691,9.37448,-0.37786,-0.46410,-0.21532,0.23001,-0.00337,0.04388,21937,-11619,-0.033687,-0.073663,0.996714,0.99943,-0.00227,0.03358,0.00021,-0.99728,-0.07377,-0.03365,-0.07374,0.99671,
1.066059,-0.31765,-0.68076,9.43131,-0.37786,-0.46410,-0.21532,-0.08499,0.01413,-0.07862,21937,-11619,-0.033647,-0.073607,0.996720,0.99943,-0.00229,0.03357,0.00019,-0.99728,-0.07374,-0.03365,-0.07370,0.99671,
1.081685,-0.32064,-0.69212,9.46002,-0.38514,-0.46214,-0.22008,0.13376,0.04913,-0.09612,21937,-11619,-0.033651,-0.073648,0.996716,0.99943,-0.00232,0.03356,0.00016,-0.99728,-0.07377,-0.03364,-0.07373,0.99671,
1.097439,-0.35055,-0.68375,9.44985,-0.38514,-0.46214,-0.22008,0.00251,-0.14337,0.12263,21937,-11619,-0.033861,-0.073612,0.996712,0.99943,-0.00229,0.03362,0.00020,-0.99728,-0.07376,-0.03369,-0.07372,0.99671,
1.115599,-0.32303,-0.68973,9.47079,-0.37674,-0.45738,-0.22008,0.19501,0.00538,-0.20987,21937,-11619,-0.033733,-0.073621,0.996716,0.99943,-0.00235,0.03362,0.00013,-0.99727,-0.07380,-0.03370,-0.07377,0.99671,
1.134296,-0.31825,-0.66879,9.49293,-0.37702,-0.46662,-0.23184,0.19501,0.00538,-0.06987,21937,-11619,-0.033681,-0.073486,0.996727,0.99943,-0.00238,0.03361,0.00011,-0.99727,-0.07384,-0.03370,-0.07380,0.99670,
1.153976,-0.33918,-0.71785,9.41994,-0.37870,-0.45374,-0.21826,0.11626,0.01413,0.00013,21937,-11619,-0.033832,-0.073881,0.996693,0.99943,-0.00238,0.03362,0.00011,-0.99727,-0.07388,-0.03371,-0.07384,0.99670,
1.173856,-0.30748,-0.68076,9.46302,-0.37870,-0.45374,-0.21826,0.15126,0.18038,0.04388,21937,-11619,-0.033592,-0.073665,0.996717,0.99943,-0.00237,0.03355,0.00012,-0.99726,-0.07391,-0.03364,-0.07387,0.99670,
1.190369,-0.32183,-0.71007,9.42054,-0.37422,-0.46466,-0.21252,-0.04999,-0.03837,-0.07862,21937,-11619,-0.033644,-0.073938,0.996695,0.99943,-0.00239,0.03357,0.00010,-0.99727,-0.07390,-0.03365,-0.07387,0.99670,
1.203904,-0.18724,-0.70050,9.41277,-0.37422,-0.45682,-0.21168,0.09876,-0.05587,0.02638,21937,-11619,-0.032797,-0.073881,0.996728,0.99944,-0.00238,0.03350,0.00010,-0.99726,-0.07393,-0.03358,-0.07389,0.99670,
1.217753,-0.32602,-0.64905,9.41576,-0.38794,-0.45682,-0.21168,0.00251,0.04913,0.11388,21937,-11619,-0.033644,-0.073554,0.996724,0.99944,-0.00235,0.03349,0.00013,-0.99727,-0.07390,-0.03358,-0.07386,0.99670,
1.231544,-0.18245,-0.68734,9.38046,-0.38290,-0.46270,-0.21000,0.01126,0.02288,-0.10487,21937,-11619,-0.032683,-0.073809,0.996737,0.99944,-0.00237,0.03341,0.00010,-0.99727,-0.07389,-0.03349,-0.07386,0.99671,
1.245085,-0.32483,-0.69511,9.43131,-0.38290,-0.46270,-0.21000,-0.24249,0.06663,-0.04362,21937,-11619,-0.033535,-0.073857,0.996705,0.99944,-0.00238,0.03340,0.00009,-0.99727,-0.07384,-0.03348,-0.07380,0.99671,
1.259249,-0.34098,-0.68255,9.42712,-0.38346,-0.45738,-0.20930,-0.23374,-0.12587,0.04388,21937,-11619,-0.033650,-0.073757,0.996708,0.99944,-0.00237,0.03344,0.00011,-0.99727,-0.07379,-0.03353,-0.07375,0.99671,
1.272893,-0.32662,-0.70409,9.37867,-0.38346,-0.45738,-0.20930,-0.16374,0.02288,0.11388,21937,-11619,-0.033610,-0.073859,0.996702,0.99944,-0.00234,0.03344,0.00013,-0.99728,-0.07376,-0.03353,-0.07372,0.99672,
1.286594,-0.15673,-0.67717,9.38106,-0.37450,-0.45234,-0.21546,0.01126,0.00538,0.07888,21937,-11619,-0.032469,-0.073633,0.996757,0.99944,-0.00231,0.03335,0.00015,-0.99728,-0.07375,-0.03343,-0.07372,0.99672,
1.300223,-0.15912,-0.69093,9.41217,-0.37450,-0.45234,-0.21546,0.10751,0.12788,0.00013,21937,-11619,-0.032378,-0.073673,0.996757,0.99945,-0.00231,0.03323,0.00015,-0.99728,-0.07377,-0.03330,-0.07374,0.99672,
1.315734,-0.33200,-0.68495,9.47139,-0.38010,-0.46466,-0.21490,0.12501,0.06663,0.12263,21937,-11619,-0.033382,-0.073605,0.996729,0.99945,-0.00228,0.03322,0.00018,-0.99727,-0.07379,-0.03329,-0.07376,0.99672,
1.331363,-0.32243,-0.71785,9.46421,-0.38010,-0.46410,-0.21378,-0.11999,-0.05587,0.07013,21937,-11619,-0.033333,-0.073871,0.996711,0.99945,-0.00226,0.03323,0.00020,-0.99728,-0.07377,-0.03331,-0.07374,0.99672,
1.347160,-0.30150,-0.69033,9.41815,-0.37842,-0.46410,-0.21378,-0.08499,-0.09087,0.00013,21937,-11619,-0.033241,-0.073723,0.996725,0.99944,-0.00225,0.03325,0.00020,-0.99728,-0.07375,-0.03333,-0.07372,0.99672,
1.362784,-0.35055,-0.68315,9.40439,-0.37954,-0.45906,-0.22414,-0.06749,0.03163,0.14888,21937,-11619,-0.033572,-0.073653,0.996719,0.99944,-0.00222,0.03326,0.00024,-0.99728,-0.07373,-0.03334,-0.07369,0.99672,
1.378380,-0.31705,-0.68614,9.34756,-0.37954,-0.45906,-0.22414,0.12501,0.08413,0.07888,21937,-11619,-0.033352,-0.073654,0.996726,0.99944,-0.00220,0.03325,0.00026,-0.99728,-0.07375,-0.03332,-0.07372,0.99672,
1.393814,-0.33739,-0.68853,9.40738,-0.37898,-0.46158,-0.21014,-0.05874,-0.11712,-0.00862,21937,-11619,-0.033473,-0.073666,0.996721,0.99944,-0.00220,0.03329,0.00026,-0.99728,-0.07374,-0.03336,-0.07370,0.99672,
1.409463,-0.16750,-0.69153,9.55514,-0.37926,-0.45346,-0.21952,-0.04999,-0.18712,0.14013,21937,-11619,-0.032406,-0.073621,0.996760,0.99944,-0.00215,0.03325,0.00030,-0.99728,-0.07371,-0.03332,-0.07368,0.99672,
1.425279,-0.34337,-0.69571,9.43071,-0.37926,-0.45346,-0.21952,-0.16374,0.16288,-0.06112,21937,-11619,-0.033506,-0.073702,0.996717,0.99945,-0.00217,0.03322,0.00028,-0.99728,-0.07368,-0.03329,-0.07364,0.99673,
1.440975,-0.33141,-0.67837,9.37628,-0.38346,-0.45542,-0.21756,-0.21624,0.11913,0.00013,21937,-11619,-0.033379,-0.073597,0.996729,0.99945,-0.00217,0.03320,0.00028,-0.99729,-0.07362,-0.03327,-0.07359,0.99673,
1.456461,-0.31765,-0.70170,9.44447,-0.38346,-0.45542,-0.21756,0.04626,-0.05587,0.12263,21937,-11619,-0.033280,-0.073637,0.996730,0.99945,-0.00214,0.03322,0.00032,-0.99729,-0.07363,-0.03328,-0.07360,0.99673,
1.471914,-0.34158,-0.70528,9.38944,-0.37926,-0.46382,-0.22624,0.11626,-0.08212,0.05263,21937,-11619,-0.033488,-0.073661,0.996721,0.99944,-0.00212,0.03326,0.00033,-0.99728,-0.07367,-0.03332,-0.07364,0.99673,
1.487529,-0.31585,-0.67358,9.39422,-0.38094,-0.46018,-0.21854,0.05501,0.08413,-0.05237,21937,-11619,-0.033334,-0.073481,0.996739,0.99945,-0.00214,0.03324,0.00032,-0.99728,-0.07367,-0.03330,-0.07364,0.99673,
1.503298,-0.32901,-0.69631,9.42294,-0.38094,-0.46018,-0.21854,0.17751,0.00538,-0.00862,21937,-11619,-0.033386,-0.073607,0.996728,0.99945,-0.00214,0.03324,0.00031,-0.99728,-0.07371,-0.03331,-0.07368,0.99673,
1.518938,-0.33081,-0.68913,9.38764,-0.38822,-0.45794,-0.20524,-0.04124,-0.05587,-0.08737,21937,-11619,-0.033430,-0.073628,0.996725,0.99944,-0.00217,0.03327,0.00029,-0.99728,-0.07369,-0.03334,-0.07366,0.99673,
1.534573,-0.33858,-0.69452,9.47618,-0.38822,-0.45794,-0.20524,0.09876,-0.04712,0.02638,21937,-11619,-0.033491,-0.073617,0.996724,0.99944,-0.00216,0.03329,0.00030,-0.99728,-0.07371,-0.03336,-0.07368,0.99672,
1.550158,-0.34935,-0.69870,9.36790,-0.37898,-0.46130,-0.21700,-0.15499,-0.02962,0.04388,21937,-11619,-0.033609,-0.073730,0.996712,0.99944,-0.00215,0.03332,0.00031,-0.99728,-0.07368,-0.03339,-0.07365,0.99673,
1.565578,-0.31884,-0.70947,9.42353,-0.37870,-0.46354,-0.21322,0.02876,0.10163,-0.05237,21937,-11619,-0.033402,-0.073752,0.996717,0.99944,-0.00216,0.03330,0.00030,-0.99728,-0.07370,-0.03337,-0.07367,0.99672,
1.581223,-0.33799,-0.69332,9.59043,-0.37870,-0.46354,-0.21322,-0.05874,0.07538,0.19263,21937,-11619,-0.033455,-0.073569,0.996729,0.99944,-0.00211,0.03329,0.00035,-0.99728,-0.07367,-0.03335,-0.07364,0.99673,
1.596856,-0.30568,-0.68195,9.41815,-0.38150,-0.45570,-0.21308,-0.11124,-0.06462,0.03513,21937,-11619,-0.033290,-0.073574,0.996734,0.99944,-0.00210,0.03330,0.00036,-0.99728,-0.07364,-0.03336,-0.07361,0.99673,
1.612459,-0.16690,-0.71306,9.39901,-0.38150,-0.45570,-0.20650,-0.02374,0.12788,0.02638,21937,-11619,-0.032376,-0.073754,0.996751,0.99945,-0.00209,0.03318,0.00036,-0.99728,-0.07365,-0.03324,-0.07362,0.99673,
1.628084,-0.32363,-0.68315,9.47079,-0.37674,-0.46382,-0.20650,0.08126,0.01413,-0.08737,21937,-11619,-0.033274,-0.073503,0.996740,0.99945,-0.00211,0.03318,0.00034,-0.99728,-0.07366,-0.03324,-0.07363,0.99673,
1.643678,-0.30568,-0.69751,9.37209,-0.38402,-0.46606,-0.20916,0.09876,0.10163,0.12263,21937,-11619,-0.033182,-0.073638,0.996733,0.99945,-0.00208,0.03315,0.00037,-0.99728,-0.07368,-0.03321,-0.07365,0.99673,
1.659479,-0.28774,-0.68435,9.41695,-0.38402,-0.46606,-0.20916,-0.11999,-0.14337,0.00888,21937,-11619,-0.033043,-0.073580,0.996742,0.99945,-0.00207,0.03317,0.00037,-0.99728,-0.07364,-0.03323,-0.07362,0.99673,
1.675576,-0.33440,-0.68255,9.38704,-0.38710,-0.46466,-0.21966,0.29126,-0.04712,-0.00862,21937,-11619,-0.033397,-0.073522,0.996734,0.99945,-0.00208,0.03319,0.00037,-0.99728,-0.07371,-0.03326,-0.07368,0.99673,
1.690689,-0.31346,-0.71486,9.56830,-0.38710,-0.46130,-0.21602,0.09876,0.11038,-0.15737,21937,-11619,-0.033212,-0.073683,0.996729,0.99945,-0.00212,0.03316,0.00033,-0.99728,-0.07373,-0.03323,-0.07370,0.99673,
1.706378,-0.31585,-0.72144,9.44806,-0.38206,-0.46130,-0.21602,-0.12874,0.15413,0.19263,21937,-11619,-0.033201,-0.073858,0.996716,0.99945,-0.00207,0.03312,0.00038,-0.99728,-0.07372,-0.03319,-0.07369,0.99673,
1.721763,-0.30329,-0.68973,9.45703,-0.37758,-0.45990,-0.21658,0.00251,-0.13462,0.08763,21937,-11619,-0.033107,-0.073642,0.996735,0.99945,-0.00205,0.03315,0.00040,-0.99728,-0.07371,-0.03321,-0.07369,0.99673,
1.737382,-0.44746,-0.69990,9.38405,-0.37758,-0.45990,-0.21658,0.08126,-0.02087,0.21013,21937,-11619,-0.034122,-0.073713,0.996696,0.99945,-0.00199,0.03324,0.00046,-0.99728,-0.07373,-0.03329,-0.07371,0.99672,
1.753148,-0.34576,-0.72861,9.38644,-0.37954,-0.45962,-0.21322,0.20376,0.25038,0.00013,21937,-11619,-0.033477,-0.073900,0.996704,0.99945,-0.00200,0.03319,0.00046,-0.99727,-0.07380,-0.03325,-0.07378,0.99672,
1.768772,-0.33559,-0.67298,9.46302,-0.38458,-0.45850,-0.20538,-0.12874,0.23288,-0.02612,21937,-11619,-0.033318,-0.073588,0.996732,0.99945,-0.00201,0.03314,0.00044,-0.99728,-0.07375,-0.03320,-0.07373,0.99673,
1.784380,-0.34457,-0.66999,9.38465,-0.38458,-0.45850,-0.20538,-0.08499,0.11913,0.01763,21937,-11619,-0.033365,-0.073595,0.996730,0.99945,-0.00200,0.03313,0.00045,-0.99728,-0.07372,-0.03318,-0.07370,0.99673,
1.799867,-0.31525,-0.68853,9.46421,-0.38010,-0.46158,-0.22680,0.16876,-0.07337,0.00013,21937,-11619,-0.033178,-0.073611,0.996735,0.99945,-0.00200,0.03314,0.00045,-0.99728,-0.07375,-0.03320,-0.07373,0.99673,
1.815432,-0.28654,-0.67478,9.41097,-0.38010,-0.46158,-0.22680,0.05501,0.09288,0.06138,21937,-11619,-0.033020,-0.073560,0.996744,0.99945,-0.00199,0.03310,0.00046,-0.99728,-0.07375,-0.03316,-0.07373,0.99673,
1.831370,-0.18305,-0.67597,9.42892,-0.38066,-0.46438,-0.21560,0.09001,-0.09962,0.18388,21937,-11619,-0.032299,-0.073570,0.996767,0.99945,-0.00193,0.03305,0.00051,-0.99728,-0.07376,-0.03310,-0.07374,0.99673,
1.846851,-0.32124,-0.68255,9.45703,-0.37842,-0.46326,-0.20398,-0.08499,0.06663,-0.03487,21937,-11619,-0.033155,-0.073625,0.996735,0.99945,-0.00194,0.03304,0.00050,-0.99728,-0.07373,-0.03309,-0.07371,0.99673,
1.862515,-0.31884,-0.70409,9.34397,-0.37842,-0.46326,-0.20398,-0.02374,-0.09087,0.14013,21937,-11619,-0.033153,-0.073807,0.996721,0.99945,-0.00190,0.03307,0.00054,-0.99728,-0.07373,-0.03312,-0.07371,0.99673,
1.878031,-0.34337,-0.70708,9.44866,-0.38010,-0.45990,-0.20958,0.05501,-0.16962,-0.05237,21937,-11619,-0.033344,-0.073761,0.996718,0.99945,-0.00192,0.03313,0.00053,-0.99728,-0.07375,-0.03318,-0.07373,0.99673,
1.893569,-0.32423,-0.70229,9.42174,-0.38010,-0.46662,-0.20762,-0.10249,-0.09087,0.08763,21937,-11619,-0.033284,-0.073769,0.996720,0.99945,-0.00189,0.03316,0.00056,-0.99728,-0.07373,-0.03321,-0.07371,0.99673,
1.913952,-0.18664,-0.72084,9.43729,-0.37590,-0.46662,-0.20762,-0.04999,-0.09087,-0.06987,21937,-11619,-0.032398,-0.073886,0.996740,0.99945,-0.00191,0.03312,0.00054,-0.99728,-0.07373,-0.03317,-0.07371,0.99673,
1.933690,-0.32423,-0.69870,9.36192,-0.37786,-0.46214,-0.23156,0.03751,-0.09087,0.16638,21937,-11619,-0.033282,-0.073751,0.996721,0.99945,-0.00185,0.03316,0.00060,-0.99728,-0.07375,-0.03320,-0.07372,0.99673,
1.953839,-0.31705,-0.72323,9.43131,-0.38318,-0.46354,-0.21602,0.09001,-0.14337,0.03513,21937,-11619,-0.033260,-0.073872,0.996713,0.99945,-0.00184,0.03321,0.00061,-0.99727,-0.07379,-0.03325,-0.07377,0.99672,
1.972839,-0.31585,-0.55633,9.45105,-0.38010,-0.46018,-0.21546,0.10751,-0.06462,-0.03487,21937,-11619,-0.033291,-0.072797,0.996791,0.99945,-0.00186,0.03323,0.00060,-0.99728,-0.07373,-0.03328,-0.07371,0.99672,
1.992805,-0.37627,-0.69571,9.38944,-0.38010,-0.46018,-0.21546,0.15126,-0.07337,-0.04362,21937,-11619,-0.033715,-0.073676,0.996712,0.99944,-0.00188,0.03329,0.00059,-0.99727,-0.07378,-0.03334,-0.07375,0.99672,
2.007382,-0.32602,-0.68674,9.40499,-0.38430,-0.46354,-0.21560,0.01126,-0.08212,0.12263,21937,-11619,-0.033435,-0.073675,0.996722,0.99944,-0.00184,0.03332,0.00062,-0.99727,-0.07377,-0.03337,-0.07375,0.99672,
2.020618,-0.34038,-0.68794,9.43131,-0.38430,-0.46354,-0.21560,-0.14624,-0.23087,0.18388,21937,-11619,-0.033563,-0.073700,0.996716,0.99944,-0.00180,0.03339,0.00067,-0.99728,-0.07374,-0.03343,-0.07372,0.99672,
2.033756,-0.34995,-0.65444,9.39123,-0.37842,-0.45934,-0.21406,0.02001,0.09288,0.19263,21937,-11619,-0.033677,-0.073465,0.996729,0.99944,-0.00176,0.03339,0.00071,-0.99728,-0.07372,-0.03343,-0.07370,0.99672,
2.047498,-0.29073,-0.66102,9.42174,-0.37842,-0.45934,-0.21406,-0.11124,0.28538,0.01763,21937,-11619,-0.033221,-0.073476,0.996744,0.99944,-0.00175,0.03331,0.00071,-0.99728,-0.07367,-0.03335,-0.07366,0.99673,
2.060833,0.92124,-1.00798,9.73939,-0.38878,-0.45710,-0.21896,-0.67999,0.74913,1.97763,21937,-11619,-0.025309,-0.075581,0.996818,0.99947,-0.00124,0.03243,0.00116,-0.99728,-0.07370,-0.03243,-0.07370,0.99675,
2.074285,2.70329,-0.65504,9.06461,-0.38878,-0.45710,-0.19670,0.30876,-0.23962,4.01638,21938,-11618,-0.012565,-0.073675,0.997203,0.99953,-0.00016,0.03068,0.00210,-0.99727,-0.07376,-0.03061,-0.07379,0.99680,
2.086958,1.86939,-0.75553,9.45464,-0.39550,-0.44394,-0.19670,-0.77624,-0.80837,4.45388,21940,-11616,-0.016745,-0.074224,0.997101,0.99956,0.00092,0.02960,0.00310,-0.99728,-0.07365,-0.02945,-0.07370,0.99685,
2.100845,1.43689,-0.41635,9.46242,-0.39550,-0.45346,-0.20972,-0.25124,-2.30462,3.76263,21942,-11613,-0.018603,-0.072001,0.997231,0.99957,0.00191,0.02913,0.00405,-0.99729,-0.07343,-0.02891,-0.07352,0.99687,
2.114228,0.49831,-0.45823,9.92304,-0.39466,-0.45346,-0.20972,0.15126,-1.28962,3.01888,21945,-11610,-0.024366,-0.071829,0.997119,0.99958,0.00265,0.02899,0.00477,-0.99730,-0.07331,-0.02872,-0.07342,0.99689,
2.127953,0.47198,-0.77946,8.39881,-0.35518,-0.46242,-0.20776,0.16876,-1.28962,3.09763,21948,-11606,-0.023727,-0.074575,0.996933,0.99958,0.00342,0.02883,0.00553,-0.99728,-0.07345,-0.02850,-0.07358,0.99688,
2.143615,-0.90927,-0.49232,9.50429,-0.35518,-0.46242,-0.20776,0.36126,-0.66837,3.65763,21952,-11601,-0.032914,-0.072140,0.996851,0.99956,0.00439,0.02940,0.00654,-0.99728,-0.07340,-0.02900,-0.07356,0.99687,
2.159228,-0.20698,-0.64905,9.32842,-0.33726,-0.46606,-0.22106,1.14001,-0.73837,2.45013,21957,-11597,-0.028747,-0.073111,0.996909,0.99955,0.00505,0.02956,0.00722,-0.99726,-0.07364,-0.02911,-0.07382,0.99685,
2.174834,-0.56949,-0.83809,9.37747,-0.33726,-0.46606,-0.18522,-0.43499,-0.63337,-0.40237,21961,-11592,-0.031241,-0.074673,0.996719,0.99954,0.00493,0.02991,0.00712,-0.99726,-0.07361,-0.02947,-0.07379,0.99684,
2.190462,-0.61376,-0.66999,9.06820,-0.31486,-0.45430,-0.20790,0.24751,0.17163,-1.70612,21965,-11588,-0.031896,-0.073798,0.996763,0.99954,0.00445,0.03009,0.00666,-0.99726,-0.07367,-0.02968,-0.07384,0.99683,
2.206101,-0.87218,-0.66879,8.99881,-0.29302,-0.45346,-0.22456,-0.99499,0.46038,-2.93112,21969,-11583,-0.033760,-0.073939,0.996691,0.99953,0.00363,0.03034,0.00585,-0.99728,-0.07344,-0.02999,-0.07358,0.99684,
2.221867,-0.59462,-0.67298,9.47498,-0.29302,-0.45346,-0.22456,1.05251,-1.41212,-3.72737,21973,-11579,-0.032143,-0.073394,0.996785,0.99952,0.00258,0.03088,0.00485,-0.99727,-0.07368,-0.03061,-0.07380,0.99680,
2.237324,-0.76032,-0.54616,8.57169,-0.27790,-0.45262,-0.20398,0.03751,0.46038,-1.76737,21977,-11575,-0.034328,-0.073013,0.996740,0.99951,0.00208,0.03110,0.00437,-0.99728,-0.07362,-0.03086,-0.07372,0.99680,
2.252899,-0.11426,-0.96012,9.61556,-0.27790,-0.48846,-0.20356,0.79876,-0.84337,0.64763,21981,-11572,-0.029723,-0.075219,0.996724,0.99951,0.00226,0.03121,0.00456,-0.99725,-0.07395,-0.03096,-0.07406,0.99677,
2.268513,0.15015,-0.69930,8.67996,-0.25886,-0.47054,-0.20356,0.44876,-1.46462,2.33638,21985,-11568,-0.028240,-0.074295,0.996836,0.99950,0.00291,0.03133,0.00523,-0.99724,-0.07408,-0.03103,-0.07421,0.99676,
2.284076,-0.51745,-0.84407,9.45643,-0.24458,-0.46102,-0.20804,0.09001,0.27663,1.96888,21989,-11564,-0.032641,-0.075053,0.996645,0.99950,0.00343,0.03141,0.00576,-0.99723,-0.07418,-0.03107,-0.07432,0.99675,
2.299726,-0.10050,-0.73519,9.34995,-0.24458,-0.46102,-0.20804,0.18626,-1.65712,1.54013,21992,-11560,-0.029975,-0.074543,0.996767,0.99949,0.00386,0.03173,0.00621,-0.99722,-0.07424,-0.03135,-0.07440,0.99674,
2.315378,-0.19741,-1.02353,10.03550,-0.22190,-0.46494,-0.20468,-0.32999,-0.41462,1.54013,21996,-11556,-0.030881,-0.076111,0.996621,0.99949,0.00429,0.03179,0.00664,-0.99721,-0.07431,-0.03138,-0.07449,0.99673,
2.331003,-0.50907,-0.39003,9.37568,-0.22190,-0.46858,-0.18802,0.90376,-0.62462,1.80263,22000,-11552,-0.032942,-0.072356,0.996835,0.99947,0.00476,0.03209,0.00714,-0.99721,-0.07434,-0.03165,-0.07453,0.99672,
2.346605,-0.07537,-0.25543,8.97967,-0.20846,-0.46858,-0.18802,-0.06749,0.89788,2.13513,22004,-11549,-0.030161,-0.071549,0.996981,0.99948,0.00535,0.03173,0.00769,-0.99722,-0.07405,-0.03125,-0.07426,0.99675,
2.362224,-0.49352,-0.72921,9.42054,-0.19558,-0.46858,-0.19474,0.85126,-0.25712,2.07388,22008,-11545,-0.032476,-0.074337,0.996704,0.99947,0.00590,0.03191,0.00826,-0.99720,-0.07427,-0.03139,-0.07449,0.99673,
2.377818,-0.26142,-0.94696,9.64547,-0.19558,-0.46858,-0.19474,-0.04124,-2.05962,2.04763,22011,-11541,-0.031406,-0.075839,0.996625,0.99945,0.00646,0.03243,0.00886,-0.99719,-0.07437,-0.03186,-0.07462,0.99670,
2.393663,-0.76570,-0.67059,9.65504,-0.16814,-0.47194,-0.18536,0.03751,1.02913,0.63013,22015,-11537,-0.034932,-0.074279,0.996625,0.99945,0.00662,0.03245,0.00901,-0.99719,-0.07435,-0.03187,-0.07460,0.99670,
2.409079,-0.02034,-0.94576,9.64846,-0.16198,-0.45850,-0.17388,-0.33874,0.35538,-3.50862,22019,-11533,-0.029835,-0.076080,0.996655,0.99947,0.00569,0.03217,0.00807,-0.99720,-0.07441,-0.03166,-0.07463,0.99671,
2.424672,0.08495,-0.69033,8.61476,-0.16198,-0.45850,-0.17388,-0.16374,-1.35962,-2.85237,22023,-11529,-0.029197,-0.075024,0.996754,0.99947,0.00493,0.03228,0.00733,-0.99720,-0.07441,-0.03183,-0.07460,0.99671,
2.440303,-0.24885,-0.71844,9.25604,-0.13622,-0.47306,-0.17878,-0.08499,0.70538,-1.63612,22026,-11525,-0.031594,-0.074806,0.996697,0.99948,0.00449,0.03208,0.00687,-0.99720,-0.07441,-0.03166,-0.07459,0.99671,
2.455888,0.04487,-0.50788,9.79861,-0.13622,-0.47306,-0.17878,0.17751,0.94163,-0.68237,22030,-11521,-0.029188,-0.073153,0.996894,0.99949,0.00432,0.03162,0.00666,-0.99721,-0.07432,-0.03122,-0.07449,0.99673,
2.471581,-0.18365,-0.91047,9.54916,-0.12250,-0.47670,-0.18774,-0.26874,-0.12587,-0.40237,22034,-11518,-0.030357,-0.075783,0.996662,0.99949,0.00422,0.03158,0.00656,-0.99721,-0.07437,-0.03118,-0.07454,0.99673,
2.487488,-0.54317,-0.35055,9.46900,-0.10514,-0.47866,-0.16366,0.95626,0.39038,-1.76737,22039,-11514,-0.032773,-0.072107,0.996858,0.99949,0.00371,0.03162,0.00605,-0.99721,-0.07439,-0.03126,-0.07455,0.99673,
2.502774,-0.24526,-0.98883,9.24706,-0.10514,-0.47866,-0.16366,-1.02999,2.36788,-1.91612,22043,-11510,-0.030608,-0.076544,0.996596,0.99951,0.00320,0.03098,0.00550,-0.99722,-0.07433,-0.03066,-0.07447,0.99675,
2.518421,-0.16929,-1.06780,9.45105,-0.08218,-0.48286,-0.16254,-0.49624,-0.70337,-1.95987,22047,-11506,-0.029644,-0.077026,0.996588,0.99951,0.00268,0.03106,0.00499,-0.99721,-0.07444,-0.03078,-0.07456,0.99674,
2.534040,-1.66660,-0.85364,9.90987,-0.08218,-0.48286,-0.14462,-0.46124,0.76663,-0.66487,22050,-11502,-0.039195,-0.075353,0.996386,0.99950,0.00245,0.03164,0.00479,-0.99722,-0.07440,-0.03137,-0.07451,0.99673,
2.549617,-0.71067,-0.27757,8.94676,-0.06062,-0.49434,-0.14462,-0.10249,1.49288,0.84888,22054,-11498,-0.034069,-0.071870,0.996832,0.99950,0.00266,0.03151,0.00499,-0.99724,-0.07413,-0.03123,-0.07425,0.99675,
2.565211,-0.08255,-0.46122,10.51047,-0.05026,-0.49350,-0.13804,0.05501,-2.68962,1.52263,22058,-11494,-0.029921,-0.072362,0.996930,0.99948,0.00308,0.03206,0.00545,-0.99725,-0.07397,-0.03174,-0.07411,0.99674,
2.580838,-1.40279,-0.65085,8.62553,-0.05026,-0.49350,-0.13804,0.67626,-0.98337,2.59013,22062,-11490,-0.040254,-0.074060,0.996441,0.99945,0.00373,0.03308,0.00617,-0.99723,-0.07413,-0.03271,-0.07429,0.99670,
2.596440,-0.97029,-1.29452,9.74896,-0.02506,-0.49070,-0.11886,-0.04124,2.11413,5.32013,22066,-11486,-0.036670,-0.077772,0.996297,0.99944,0.00514,0.03293,0.00758,-0.99720,-0.07443,-0.03245,-0.07464,0.99668,
2.612081,-0.09332,-0.54197,9.64726,-0.02506,-0.50666,-0.11270,0.40501,-1.14087,2.94013,22069,-11482,-0.030906,-0.073437,0.996821,0.99944,0.00595,0.03308,0.00840,-0.99719,-0.07442,-0.03254,-0.07466,0.99668,
2.627635,-0.03888,-1.05224,9.60180,-0.01918,-0.50666,-0.11270,0.56251,0.78413,3.16763,22073,-11478,-0.030806,-0.076679,0.996580,0.99944,0.00682,0.03273,0.00925,-0.99716,-0.07474,-0.03213,-0.07500,0.99667,
2.643338,-0.20160,-0.72383,9.83091,-0.00210,-0.50358,-0.11592,0.30001,3.47913,3.21138,22077,-11474,-0.030856,-0.074795,0.996721,0.99947,0.00770,0.03176,0.01006,-0.99715,-0.07480,-0.03109,-0.07508,0.99669,
2.658944,0.07896,-1.02174,9.22134,-0.00210,-0.50358,-0.11592,-0.11999,0.68788,2.80013,22080,-11470,-0.028089,-0.077259,0.996615,0.99947,0.00848,0.03132,0.01081,-0.99713,-0.07497,-0.03060,-0.07527,0.99669,
2.674564,-0.60897,-0.77169,10.38664,0.01834,-0.50190,-0.10444,0.60626,0.33788,1.94263,22084,-11466,-0.032203,-0.075132,0.996653,0.99947,0.00899,0.03139,0.01133,-0.99711,-0.07511,-0.03062,-0.07543,0.99668,
2.690150,0.53420,-0.11486,8.20559,0.03598,-0.50050,-0.08736,0.44876,0.28538,1.02388,22088,-11462,-0.024580,-0.071477,0.997139,0.99948,0.00931,0.03077,0.01159,-0.99713,-0.07487,-0.02998,-0.07519,0.99672,
2.708255,-0.79442,-1.26162,10.92982,0.03598,-0.50050,-0.08736,-0.74124,0.51288,0.55138,22091,-11458,-0.032497,-0.077685,0.996448,0.99948,0.00947,0.03085,0.01176,-0.99712,-0.07488,-0.03005,-0.07521,0.99672,
2.729172,-0.34576,-1.40519,9.13221,0.04914,-0.51310,-0.08442,-0.56624,1.62413,0.12263,22095,-11454,-0.030153,-0.080241,0.996319,0.99949,0.00952,0.03033,0.01177,-0.99710,-0.07516,-0.02952,-0.07548,0.99671,
2.749862,-0.07178,-0.89073,8.69851,0.06650,-0.51702,-0.08162,-2.22874,-3.57337,-1.23362,22099,-11450,-0.028519,-0.077599,0.996577,0.99947,0.00911,0.03140,0.01143,-0.99715,-0.07461,-0.03063,-0.07493,0.99672,
2.771041,-0.47079,-1.03131,9.90928,0.08806,-0.51506,-0.06636,-1.85249,3.31288,-1.19862,22103,-11446,-0.031711,-0.077415,0.996495,0.99950,0.00867,0.03038,0.01091,-0.99718,-0.07423,-0.02965,-0.07452,0.99678,
2.791328,-0.35294,-0.00479,10.72224,0.09282,-0.52402,-0.04634,-0.08499,1.02038,0.93638,22107,-11442,-0.029140,-0.070226,0.997105,0.99951,0.00901,0.03000,0.01120,-0.99721,-0.07381,-0.02925,-0.07411,0.99682,
2.808183,0.20518,-0.17767,7.98425,0.09282,-0.52402,-0.04634,-0.08499,-2.44462,1.18138,22111,-11438,-0.026020,-0.070906,0.997144,0.99949,0.00938,0.03036,0.01159,-0.99723,-0.07349,-0.02959,-0.07381,0.99683,
2.822310,-0.87817,-1.32443,10.08575,0.10934,-0.51674,-0.04270,0.11626,2.00913,1.29513,22115,-11434,-0.033171,-0.077313,0.996455,0.99950,0.00967,0.03024,0.01188,-0.99720,-0.07384,-0.02944,-0.07416,0.99681,
2.837202,-0.18963,-0.66102,8.24686,0.10934,-0.51674,-0.04270,0.45751,-0.62462,0.73513,22120,-11430,-0.028868,-0.074449,0.996807,0.99949,0.00987,0.03034,0.01209,-0.99719,-0.07397,-0.02953,-0.07430,0.99680,
2.850135,-0.41515,-1.12582,10.47458,0.12474,-0.52906,-0.01666,-0.71499,0.01413,0.00888,22124,-11426,-0.030207,-0.076360,0.996623,0.99949,0.00987,0.03040,0.01210,-0.99718,-0.07401,-0.02958,-0.07434,0.99679,
2.864199,-0.10110,-0.59581,8.99701,0.12474,-0.52906,-0.01666,-0.18124,-1.62212,0.01763,22128,-11422,-0.028621,-0.073928,0.996853,0.99948,0.00988,0.03067,0.01213,-0.99719,-0.07393,-0.02986,-0.07426,0.99679,
2.878500,-0.13639,-0.50788,9.86920,0.14798,-0.53718,-0.01890,0.11626,1.80788,1.14638,22132,-11418,-0.028833,-0.072843,0.996927,0.99949,0.01017,0.03017,0.01238,-0.99719,-0.07383,-0.02934,-0.07417,0.99681,
2.892657,0.31705,-0.57009,9.05923,0.14798,-0.53718,0.01694,0.95626,-1.16712,2.02138,22136,-11414,-0.025250,-0.073341,0.996987,0.99949,0.01069,0.03007,0.01289,-0.99718,-0.07397,-0.02919,-0.07432,0.99681,
2.906992,-1.31246,-1.30170,9.19502,0.16618,-0.54642,0.00028,0.30001,-0.64212,3.26388,22140,-11410,-0.036343,-0.078241,0.996272,0.99946,0.01146,0.03087,0.01373,-0.99714,-0.07438,-0.02993,-0.07477,0.99675,
2.921043,-0.64068,-0.79860,9.30808,0.16226,-0.54306,0.01260,0.89501,-0.26587,4.03388,22144,-11406,-0.032444,-0.075291,0.996634,0.99944,0.01242,0.03117,0.01472,-0.99710,-0.07462,-0.03015,-0.07504,0.99672,
2.934906,0.02931,-1.17727,9.29133,0.16226,-0.54306,0.01260,0.09876,0.98538,4.13013,22147,-11402,-0.027994,-0.078103,0.996552,0.99944,0.01343,0.03077,0.01571,-0.99707,-0.07493,-0.02967,-0.07537,0.99671,
2.949039,0.19681,-0.69990,9.69213,0.17430,-0.55314,0.03738,0.31751,-1.75337,2.65138,22151,-11397,-0.026642,-0.075116,0.996819,0.99942,0.01411,0.03089,0.01639,-0.99705,-0.07497,-0.02974,-0.07543,0.99671,
2.963727,-0.44028,-0.85184,9.55992,0.17430,-0.55314,0.03738,-0.73249,-0.00337,1.22513,22155,-11393,-0.030959,-0.076311,0.996603,0.99942,0.01442,0.03100,0.01671,-0.99705,-0.07488,-0.02983,-0.07535,0.99671,
2.978700,0.04427,-0.45284,9.97209,0.18662,-0.56154,0.02982,1.28876,-0.79087,2.28388,22158,-11389,-0.027790,-0.073414,0.996914,0.99941,0.01502,0.03101,0.01731,-0.99703,-0.07500,-0.02979,-0.07550,0.99670,
2.992951,-0.11844,-0.77468,8.92523,0.18662,-0.56154,0.02982,0.49251,0.12788,3.69263,22162,-11385,-0.028836,-0.075976,0.996693,0.99940,0.01594,0.03091,0.01823,-0.99701,-0.07516,-0.02961,-0.07568,0.99669,
3.007182,-0.41994,-0.30269,9.15733,0.20174,-0.56770,0.04438,1.03501,-0.75587,4.70763,22165,-11381,-0.030701,-0.072836,0.996871,0.99937,0.01709,0.03118,0.01940,-0.99699,-0.07513,-0.02980,-0.07568,0.99669,
