0.000006,-0.65444,-0.58505,9.41755,,-0.26712,-0.48930,-0.04060,0.00230,-0.12375,0.06581,5047,-5149,0.47498,-0.87973,-0.02164,0.87727,0.47143,0.09025,-0.06919,-0.06185,0.99568,1.07456,1.07456
0.000006,-0.65384,-0.57228,9.37787,,-0.26917,-0.48659,-0.04601,0.04022,0.06875,0.13873,5047,-5149,0.47793,-0.87732,-0.04355,0.87644,0.47296,0.09032,-0.05864,-0.08134,0.99496,1.07456,1.07157
0.021210,-0.66670,-0.58564,9.43699,,-0.24976,-0.48412,-0.03675,0.06793,-0.07563,0.05706,5047,-5149,0.46431,-0.88371,-0.05889,0.88414,0.45858,0.08938,-0.05199,-0.09357,0.99426,1.07456,1.08723
0.044507,-0.66281,-0.59402,9.37448,,-0.26516,-0.48258,-0.03374,0.01105,0.07750,0.14456,5047,-5149,0.47523,-0.87780,-0.06025,0.87839,0.46936,0.09013,-0.05083,-0.09576,0.99411,1.07456,1.07487
0.057329,-0.66102,-0.57607,9.45883,,-0.26488,-0.49042,-0.03528,0.19480,0.06875,0.03956,5047,-5149,0.47459,-0.87802,-0.06207,0.87879,0.46864,0.09008,-0.05000,-0.09730,0.99400,1.07456,1.07563
0.070340,-0.64367,-0.46600,9.41217,,-0.26488,-0.49042,-0.03528,0.07230,-0.09750,0.00456,5047,-5149,0.47437,-0.87809,-0.06268,0.87892,0.46839,0.09005,-0.04972,-0.09781,0.99396,1.07456,1.07588
0.083638,-0.66012,-0.57697,9.39602,,-0.26530,-0.48622,-0.04186,0.22543,0.04687,0.03956,5047,-5149,0.47653,-0.87630,-0.07080,0.87797,0.47015,0.09020,-0.04576,-0.10514,0.99340,1.07456,1.07352
0.106856,-0.67358,-0.58744,9.40379,,-0.26572,-0.48622,-0.03976,-0.17270,0.01625,-0.07419,5047,-5149,0.47772,-0.87562,-0.07118,0.87733,0.47131,0.09030,-0.04552,-0.10559,0.99337,1.07456,1.07217
0.119698,-0.65683,-0.57488,9.43729,,-0.26712,-0.49182,-0.03976,-0.14645,-0.10625,0.24081,5047,-5149,0.47664,-0.87624,-0.07087,0.87791,0.47025,0.09021,-0.04572,-0.10521,0.99340,1.07456,1.07341
0.132846,-0.65204,-0.58265,9.38525,,-0.26712,-0.49182,-0.04536,0.16855,-0.05375,0.22331,5047,-5149,0.47603,-0.87604,-0.07718,0.87839,0.46937,0.09014,-0.04274,-0.11070,0.99293,1.07456,1.07417
0.145948,-0.64068,-0.59731,9.41695,,-0.27188,-0.48454,-0.04536,0.07668,-0.05813,0.04831,5047,-5149,0.48383,-0.87152,-0.07975,0.87420,0.47700,0.09085,-0.04114,-0.11368,0.99267,1.07456,1.06530
0.169184,-0.66221,-0.54078,9.45165,,-0.26768,-0.48734,-0.03668,0.02855,-0.18500,0.01331,5047,-5149,0.48155,-0.87357,-0.07064,0.87523,0.47513,0.09071,-0.04568,-0.10551,0.99337,1.07456,1.06780
0.182449,-0.64965,-0.57787,9.40918,,-0.26768,-0.48734,-0.03668,0.14230,-0.03625,0.17956,5047,-5149,0.48079,-0.87424,-0.06744,0.87556,0.47452,0.09067,-0.04726,-0.10264,0.99359,1.07456,1.06863
0.195533,-0.64726,-0.57906,9.57907,,-0.26684,-0.49126,-0.04340,-0.00645,-0.06250,0.11831,5047,-5149,0.47751,-0.87552,-0.07378,0.87750,0.47098,0.09037,-0.04437,-0.10790,0.99317,1.07456,1.07244
0.208687,-0.65145,-0.57398,9.45464,,-0.26502,-0.48594,-0.04186,0.04605,-0.00125,0.03518,5047,-5149,0.47746,-0.87547,-0.07473,0.87756,0.47088,0.09036,-0.04392,-0.10872,0.99310,1.07456,1.07251
0.232021,-0.67597,-0.75673,9.38944,,-0.26320,-0.48062,-0.04032,0.01980,0.07750,0.17956,5047,-5149,0.47851,-0.87498,-0.07378,0.87696,0.47197,0.09047,-0.04433,-0.10800,0.99316,1.07456,1.07130
0.245275,-0.64786,-0.59043,9.35893,,-0.26628,-0.48622,-0.02954,0.02855,-0.19375,0.13581,5047,-5149,0.47933,-0.87556,-0.06040,0.87617,0.47341,0.09058,-0.05071,-0.09634,0.99406,1.07456,1.07021
0.258328,-0.66820,-0.55932,9.42533,,-0.26628,-0.48622,-0.02954,-0.07645,0.04250,0.12706,5047,-5149,0.47956,-0.87574,-0.05567,0.87591,0.47389,0.09060,-0.05296,-0.09222,0.99433,1.07456,1.06987
0.271515,-0.65115,-0.57697,9.41725,,-0.26572,-0.48734,-0.03920,-0.04582,-0.05375,0.14018,5047,-5149,0.47821,-0.87583,-0.06513,0.87691,0.47207,0.09047,-0.04849,-0.10038,0.99377,1.07456,1.07154
0.294675,-0.66580,-0.57308,9.46780,,-0.27188,-0.48958,-0.03584,-0.21645,-0.17625,0.08331,5047,-5149,0.48241,-0.87359,-0.06419,0.87459,0.47629,0.09078,-0.04873,-0.09994,0.99380,1.07456,1.06674
0.307510,-0.66640,-0.58385,9.45045,,-0.27188,-0.48958,-0.03584,0.05480,0.04250,0.00456,5047,-5149,0.48380,-0.87284,-0.06390,0.87382,0.47769,0.09089,-0.04881,-0.09980,0.99381,1.07456,1.06514
0.320563,-0.66221,-0.57248,9.40858,,-0.26908,-0.49490,-0.04004,-0.03270,0.08625,0.00456,5047,-5149,0.47891,-0.87520,-0.06834,0.87661,0.47261,0.09048,-0.04689,-0.10324,0.99355,1.07456,1.07079
0.333839,-0.67208,-0.59880,9.44238,,-0.26684,-0.49098,-0.04060,0.08105,-0.10625,-0.02607,5047,-5149,0.47713,-0.87596,-0.07092,0.87764,0.47073,0.09035,-0.04576,-0.10535,0.99338,1.07456,1.07284
0.357185,-0.65982,-0.60598,9.38884,,-0.26460,-0.48706,-0.04116,-0.05895,-0.00125,0.04831,5047,-5149,0.47641,-0.87620,-0.07284,0.87808,0.46993,0.09029,-0.04488,-0.10698,0.99325,1.07456,1.07368
0.370147,-0.65743,-0.60359,9.44985,,-0.26488,-0.49126,-0.05138,0.37855,0.07750,0.24081,5047,-5149,0.47388,-0.87648,-0.08493,0.87971,0.46691,0.09000,-0.03923,-0.11736,0.99231,1.07456,1.07669
0.383240,-0.65204,-0.58146,9.42174,,-0.26488,-0.49126,-0.05138,-0.01520,0.04250,0.09206,5047,-5149,0.47302,-0.87653,-0.08916,0.88026,0.46589,0.08989,-0.03726,-0.12100,0.99195,1.07456,1.07770
0.396505,-0.66580,-0.58654,9.42503,,-0.26992,-0.49014,-0.06174,0.05918,0.16062,0.06581,5047,-5149,0.47734,-0.87275,-0.10227,0.87818,0.46973,0.09033,-0.03080,-0.13293,0.99065,1.07456,1.07291
0.419817,-0.67059,-0.56710,9.43251,,-0.27076,-0.49126,-0.03080,0.10730,-0.12375,-0.09169,5047,-5149,0.48058,-0.87403,-0.07152,0.87578,0.47412,0.09070,-0.04537,-0.10623,0.99331,1.07456,1.06892
0.432805,-0.63290,-0.57248,9.42652,,-0.27076,-0.49126,-0.03080,0.01105,0.10375,-0.10044,5047,-5149,0.48153,-0.87433,-0.06065,0.87497,0.47558,0.09079,-0.05054,-0.09679,0.99402,1.07456,1.06770
0.445912,-0.65324,-0.55872,9.38046,,-0.26600,-0.48678,-0.03878,0.08105,0.15625,0.31081,5047,-5149,0.47942,-0.87506,-0.06645,0.87628,0.47321,0.09060,-0.04783,-0.10166,0.99367,1.07456,1.07017
0.459105,-0.58684,-0.57577,9.45793,,-0.26712,-0.48846,-0.03682,0.11605,-0.08000,0.21018,5047,-5149,0.47900,-0.87532,-0.06608,0.87650,0.47281,0.09057,-0.04803,-0.10130,0.99370,1.07456,1.07065
0.482333,-0.62393,-0.56949,9.43131,,-0.26824,-0.49014,-0.03486,0.06355,-0.17625,0.17081,5047,-5149,0.47911,-0.87545,-0.06353,0.87637,0.47304,0.09059,-0.04926,-0.09908,0.99386,1.07456,1.07049
0.495228,-0.65743,-0.58205,9.43909,,-0.27692,-0.50134,-0.04424,0.13355,-0.07125,0.12706,5047,-5149,0.48108,-0.87370,-0.07214,0.87552,0.47459,0.09073,-0.04503,-0.10681,0.99326,1.07456,1.06835
0.508289,-0.65982,-0.55932,9.43191,,-0.27692,-0.50134,-0.04424,-0.13770,0.06000,0.11831,5047,-5149,0.48174,-0.87308,-0.07517,0.87523,0.47511,0.09076,-0.04353,-0.10951,0.99303,1.07456,1.06764
0.521447,-0.64756,-0.58235,9.39213,,-0.27384,-0.49154,-0.04228,0.09418,-0.04063,0.10081,5047,-5149,0.48413,-0.87178,-0.07491,0.87391,0.47749,0.09097,-0.04354,-0.10950,0.99303,1.07456,1.06490
0.544724,-0.64905,-0.56351,9.46481,,-0.27104,-0.49070,-0.03976,0.05480,0.19125,0.12706,5047,-5149,0.48291,-0.87270,-0.07213,0.87452,0.47641,0.09086,-0.04494,-0.10695,0.99325,1.07456,1.06626
0.557554,-0.68853,-0.60479,9.34397,,-0.27104,-0.49070,-0.03976,0.15105,-0.14125,-0.01294,5047,-5149,0.48249,-0.87301,-0.07114,0.87472,0.47604,0.09086,-0.04545,-0.10607,0.99332,1.07456,1.06673
0.570677,-0.66999,-0.59282,9.42114,,-0.27496,-0.49126,-0.04578,0.12480,-0.01875,0.19706,5047,-5149,0.48537,-0.87087,-0.07743,0.87329,0.47862,0.09109,-0.04227,-0.11183,0.99283,1.07456,1.06351
0.583984,-0.66132,-0.56710,9.42503,,-0.27496,-0.48482,-0.04459,0.18605,0.03375,0.01768,5047,-5149,0.48962,-0.86837,-0.07882,0.87095,0.48278,0.09148,-0.04138,-0.11343,0.99268,1.07456,1.05866
0.607289,-0.49232,-0.59163,9.37448,,-0.26600,-0.47838,-0.04340,-0.00645,-0.08875,0.08331,5047,-5149,0.48618,-0.87029,-0.07887,0.87287,0.47936,0.09114,-0.04151,-0.11315,0.99271,1.07456,1.06261
0.620268,-0.65743,-0.59163,9.47438,,-0.26600,-0.48622,-0.04242,0.07230,0.06875,0.08331,5047,-5149,0.48110,-0.87327,-0.07713,0.87563,0.47439,0.09070,-0.04262,-0.11117,0.99289,1.07456,1.06839
0.633303,-0.68136,-0.59821,9.42473,,-0.26740,-0.48622,-0.04242,-0.10270,-0.12375,0.23206,5047,-5149,0.48070,-0.87355,-0.07642,0.87583,0.47403,0.09068,-0.04298,-0.11052,0.99294,1.07456,1.06883
0.646667,-0.66999,-0.57069,9.47109,,-0.27034,-0.49042,-0.03360,0.12918,0.09062,0.04831,5047,-5149,0.48152,-0.87397,-0.06566,0.87511,0.47533,0.09077,-0.04812,-0.10117,0.99370,1.07456,1.06777
0.669962,-0.67119,-0.59043,9.43909,,-0.27328,-0.49042,-0.02912,-0.11145,-0.01000,0.03081,5047,-5149,0.48461,-0.87290,-0.05661,0.87317,0.47885,0.09100,-0.05233,-0.09353,0.99424,1.07456,1.06412
0.683251,-0.64187,-0.57966,9.43430,,-0.26992,-0.48062,-0.02912,-0.00645,-0.03625,0.09206,5047,-5149,0.48754,-0.87143,-0.05404,0.87147,0.48190,0.09119,-0.05342,-0.09155,0.99437,1.07456,1.06073
0.696356,-0.66221,-0.60060,9.44327,,-0.26992,-0.49014,-0.03794,-0.12020,-0.04500,0.17081,5047,-5149,0.48338,-0.87316,-0.06276,0.87402,0.47732,0.09086,-0.04938,-0.09877,0.99388,1.07456,1.06562
0.709581,-0.64905,-0.56949,9.38824,,-0.26852,-0.49014,-0.03794,0.12480,-0.03625,0.14456,5047,-5149,0.48070,-0.87440,-0.06590,0.87557,0.47451,0.09065,-0.04799,-0.10127,0.99370,1.07456,1.06871
0.722859,-0.66251,-0.58654,9.38644,,-0.27118,-0.48762,-0.03276,0.05918,-0.18938,0.05706,5047,-5149,0.48371,-0.87309,-0.06109,0.87379,0.47773,0.09090,-0.05018,-0.09735,0.99398,1.07456,1.06521
0.746182,-0.65025,-0.58146,9.43490,,-0.27384,-0.48510,-0.03276,-0.00645,-0.05375,0.11831,5047,-5149,0.48840,-0.87059,-0.05945,0.87114,0.48248,0.09123,-0.05074,-0.09635,0.99405,1.07456,1.05981
0.759068,-0.64845,-0.58385,9.45524,,-0.27636,-0.48986,-0.04648,0.17730,-0.13250,0.19706,5047,-5149,0.48928,-0.86897,-0.07416,0.87104,0.48266,0.09125,-0.04350,-0.10925,0.99306,1.07456,1.05900
0.772220,-0.66221,-0.58505,9.36371,,-0.27636,-0.48986,-0.03948,-0.35645,0.07750,0.03081,5047,-5149,0.48986,-0.86887,-0.07136,0.87065,0.48336,0.09130,-0.04483,-0.10685,0.99326,1.07456,1.05830
0.785419,-0.66520,-0.58355,9.40888,,-0.27160,-0.49070,-0.03948,-0.07207,-0.00125,0.18393,5047,-5149,0.48536,-0.87147,-0.07053,0.87313,0.47893,0.09093,-0.04547,-0.10572,0.99336,1.07456,1.06345
0.808586,-0.66281,-0.57727,9.44327,,-0.27440,-0.48902,-0.03640,-0.05895,0.00750,0.11831,5047,-5149,0.48734,-0.87066,-0.06671,0.87193,0.48108,0.09109,-0.04722,-0.10256,0.99361,1.07456,1.06113
0.821490,-0.63709,-0.60778,9.28774,,-0.27440,-0.48902,-0.03640,-0.22520,-0.08000,-0.08294,5047,-5149,0.48799,-0.87040,-0.06536,0.87154,0.48178,0.09115,-0.04785,-0.10144,0.99369,1.07456,1.06037
0.834809,-0.65862,-0.59462,9.43610,,-0.27384,-0.48510,-0.04438,0.24730,-0.23750,0.10081,5047,-5149,0.48935,-0.86891,-0.07434,0.87101,0.48272,0.09125,-0.04340,-0.10941,0.99305,1.07456,1.05892
0.848094,-0.66730,-0.57517,9.43281,,-0.27370,-0.48734,-0.04417,0.07230,0.01187,0.12268,5047,-5149,0.48856,-0.86912,-0.07710,0.87151,0.48182,0.09117,-0.04209,-0.11174,0.99285,1.07456,1.05986
0.871327,-0.66820,-0.56710,9.40798,,-0.27356,-0.48958,-0.04396,-0.05020,-0.02750,0.12706,5047,-5149,0.48705,-0.86991,-0.07766,0.87237,0.48030,0.09104,-0.04189,-0.11209,0.99282,1.07456,1.06160
0.884433,-0.66281,-0.60060,9.43011,,-0.26096,-0.48622,-0.04606,-0.08520,-0.05375,0.23206,5047,-5149,0.47655,-0.87539,-0.08114,0.87820,0.46974,0.09006,-0.04073,-0.11418,0.99263,1.07456,1.07361
0.897534,-0.67837,-0.57727,9.41755,,-0.26096,-0.48622,-0.04606,-0.07645,0.19125,0.21456,5047,-5149,0.47304,-0.87719,-0.08235,0.88012,0.46620,0.08972,-0.04031,-0.11491,0.99256,1.07456,1.07762
0.910698,-0.66042,-0.57906,9.40529,,-0.27216,-0.48510,-0.03850,0.00668,-0.08000,0.09206,5047,-5149,0.48314,-0.87245,-0.07361,0.87444,0.47660,0.09061,-0.04397,-0.10815,0.99316,1.07456,1.06603
0.933990,-0.65085,-0.59821,9.39542,,-0.26628,-0.48370,-0.04018,-0.07645,0.16500,0.10081,5047,-5149,0.48171,-0.87330,-0.07285,0.87521,0.47521,0.09048,-0.04440,-0.10734,0.99323,1.07456,1.06765
0.946982,-0.67597,-0.57009,9.39183,,-0.26628,-0.48370,-0.04018,-0.17270,0.00750,0.10081,5047,-5149,0.48123,-0.87359,-0.07256,0.87546,0.47475,0.09044,-0.04456,-0.10704,0.99326,1.07456,1.06819
0.960042,-0.64666,-0.59641,9.40738,,-0.27048,-0.48734,-0.04340,0.02855,-0.01875,-0.06544,5047,-5149,0.48294,-0.87237,-0.07573,0.87460,0.47631,0.09057,-0.04294,-0.10997,0.99301,1.07456,1.06628
0.973267,-0.65683,-0.58714,9.52613,,-0.26880,-0.48566,-0.04760,0.11168,0.12125,0.08331,5047,-5149,0.48263,-0.87198,-0.08191,0.87491,0.47575,0.09051,-0.03996,-0.11534,0.99252,1.07456,1.06670
0.996536,-0.66939,-0.57787,9.37628,,-0.26712,-0.48398,-0.05180,0.19480,0.04250,0.01331,5047,-5149,0.48161,-0.87184,-0.08915,0.87563,0.47446,0.09038,-0.03650,-0.12159,0.99191,1.07456,1.06794
1.009451,-0.67597,-0.57787,9.39063,,-0.27076,-0.48230,-0.05348,0.08105,-0.17625,-0.06544,5047,-5149,0.48536,-0.86929,-0.09357,0.87364,0.47802,0.09079,-0.03419,-0.12581,0.99146,1.07456,1.06369
1.022592,-0.66401,-0.57906,9.48575,,-0.27076,-0.48230,-0.05348,0.20355,0.04250,0.13581,5047,-5149,0.48663,-0.86841,-0.09516,0.87297,0.47922,0.09092,-0.03336,-0.12731,0.99130,1.07456,1.06226
1.035988,-0.66132,-0.57458,9.44597,,-0.26740,-0.48258,-0.03276,0.06793,-0.04500,0.15768,5047,-5149,0.48488,-0.87162,-0.07188,0.87343,0.47839,0.09086,-0.04481,-0.10684,0.99327,1.07456,1.06402
1.059449,-0.68435,-0.58445,9.46481,,-0.26572,-0.48202,-0.03990,-0.00645,-0.10625,0.26706,5047,-5149,0.48264,-0.87285,-0.07205,0.87467,0.47616,0.09068,-0.04485,-0.10679,0.99327,1.07456,1.06657
1.072980,-0.64965,-0.59342,9.39721,,-0.26572,-0.48202,-0.03990,0.01980,0.08625,0.08331,5047,-5149,0.48189,-0.87326,-0.07212,0.87509,0.47541,0.09062,-0.04484,-0.10678,0.99327,1.07456,1.06744
1.087585,-0.66102,-0.57906,9.37986,,-0.27048,-0.48510,-0.05236,0.12480,-0.05375,0.17956,5047,-5149,0.48387,-0.87090,-0.08604,0.87431,0.47680,0.09076,-0.03802,-0.11915,0.99215,1.07456,1.06532
1.102093,-0.66760,-0.56231,9.47857,,-0.27048,-0.48510,-0.05236,-0.03270,-0.02750,0.11831,5047,-5149,0.48452,-0.87004,-0.09094,0.87406,0.47726,0.09081,-0.03560,-0.12349,0.99171,1.07456,1.06463
1.116147,-0.68076,-0.57966,9.39661,,-0.26796,-0.48510,-0.03822,-0.18145,-0.00125,-0.03919,5047,-5149,0.48313,-0.87220,-0.07651,0.87451,0.47645,0.09073,-0.04268,-0.11075,0.99293,1.07456,1.06607
1.131331,-0.66281,-0.53779,9.45225,,-0.27244,-0.48650,-0.04802,-0.08520,0.08625,0.10081,5047,-5149,0.48558,-0.87030,-0.08238,0.87329,0.47864,0.09093,-0.03970,-0.11609,0.99244,1.07456,1.06334
1.145916,-0.64487,-0.62034,9.41755,,-0.27244,-0.48650,-0.04802,-0.05020,0.05125,0.03081,5047,-5149,0.48639,-0.86965,-0.08447,0.87289,0.47936,0.09099,-0.03864,-0.11799,0.99226,1.07456,1.06243
1.160191,-0.66640,-0.57637,9.40469,,-0.26684,-0.48258,-0.03892,-0.04145,0.08625,0.02206,5047,-5149,0.48395,-0.87185,-0.07527,0.87403,0.47732,0.09080,-0.04324,-0.10974,0.99302,1.07456,1.06512
1.183933,-0.63230,-0.58804,9.37747,,-0.26684,-0.48622,-0.04564,0.04605,0.20000,-0.00419,5047,-5149,0.48097,-0.87312,-0.07954,0.87576,0.47418,0.09050,-0.04130,-0.11318,0.99272,1.07456,1.06857
1.196975,-0.66102,-0.57966,9.34577,,-0.27916,-0.48622,-0.04564,0.01980,0.06875,0.10956,5047,-5149,0.49119,-0.86733,-0.08042,0.87012,0.48429,0.09144,-0.04036,-0.11489,0.99256,1.07456,1.05688
1.210829,-0.64008,-0.56351,9.39243,,-0.26852,-0.48426,-0.05180,-0.01520,-0.08875,0.13581,5047,-5149,0.48562,-0.86967,-0.08852,0.87340,0.47846,0.09084,-0.03665,-0.12143,0.99192,1.07456,1.06335
1.225634,-0.64666,-0.56949,9.40080,,-0.26852,-0.48426,-0.05180,0.19480,0.12125,0.13581,5047,-5149,0.48376,-0.87042,-0.09139,0.87449,0.47651,0.09063,-0.03534,-0.12376,0.99168,1.07456,1.06551
1.237938,-0.67388,-0.60927,9.35414,,-0.26698,-0.48566,-0.04886,-0.05457,0.13875,-0.03919,5047,-5149,0.48116,-0.87211,-0.08896,0.87586,0.47402,0.09037,-0.03664,-0.12140,0.99193,1.07456,1.06845
1.257718,-0.65444,-0.58265,9.40977,,-0.26656,-0.48482,-0.04235,0.01980,-0.06250,0.14456,5047,-5149,0.48068,-0.87318,-0.08067,0.87595,0.47385,0.09036,-0.04067,-0.11410,0.99264,1.07456,1.06892
1.277705,-0.67358,-0.58624,9.40140,,-0.26768,-0.48258,-0.03584,0.10730,0.14750,0.04831,5047,-5149,0.48295,-0.87282,-0.07032,0.87447,0.47656,0.09058,-0.04554,-0.10524,0.99340,1.07456,1.06621
1.288557,-0.67508,-0.58863,9.37717,,-0.26740,-0.48496,-0.03696,0.03730,0.07312,-0.08294,5047,-5149,0.48216,-0.87345,-0.06782,0.87483,0.47589,0.09052,-0.04679,-0.10298,0.99358,1.07456,1.06708
1.308637,-0.67178,-0.58983,9.41336,,-0.26712,-0.48734,-0.03696,0.05480,-0.08000,-0.10919,5047,-5149,0.48044,-0.87448,-0.06679,0.87575,0.47423,0.09041,-0.04738,-0.10193,0.99366,1.07456,1.06902
1.318964,-0.65803,-0.58086,9.41127,,-0.27020,-0.48230,-0.04046,-0.08082,-0.01000,0.08768,5047,-5149,0.48512,-0.87159,-0.07068,0.87328,0.47870,0.09076,-0.04528,-0.10575,0.99336,1.07456,1.06373
1.338456,-0.66162,-0.59043,9.25125,,-0.27020,-0.48230,-0.04046,0.09855,-0.08875,0.08331,5047,-5149,0.48667,-0.87061,-0.07207,0.87245,0.48018,0.09090,-0.04453,-0.10711,0.99325,1.07456,1.06196
1.349627,-0.65743,-0.59013,9.41725,,-0.26768,-0.48678,-0.04494,0.18605,-0.03188,-0.09169,5047,-5149,0.48240,-0.87251,-0.07752,0.87494,0.47570,0.09052,-0.04210,-0.11149,0.99287,1.07456,1.06692
1.369795,-0.65743,-0.76391,9.41935,,-0.26740,-0.48090,-0.04592,0.01980,0.08625,-0.13544,5047,-5149,0.48364,-0.87150,-0.08108,0.87434,0.47678,0.09063,-0.04033,-0.11473,0.99258,1.07456,1.06554
1.380789,-0.65683,-0.55513,9.42533,,-0.26740,-0.48090,-0.04592,0.03293,-0.08000,0.05268,5047,-5149,0.48407,-0.87115,-0.08230,0.87413,0.47716,0.09067,-0.03972,-0.11583,0.99247,1.07456,1.06506
1.400929,-0.66042,-0.59761,9.47797,,-0.26432,-0.49350,-0.04144,-0.18145,0.20875,0.04831,5047,-5149,0.47528,-0.87648,-0.07674,0.87879,0.46866,0.08992,-0.04285,-0.11017,0.99299,1.07456,1.07501
1.411986,-0.64128,-0.56859,9.44357,,-0.26712,-0.48930,-0.03759,0.04605,-0.02750,0.10518,5047,-5149,0.47717,-0.87598,-0.07052,0.87762,0.47081,0.09009,-0.04571,-0.10488,0.99343,1.07456,1.07280
1.432231,-0.63529,-0.56770,9.38106,,-0.26992,-0.48510,-0.03374,-0.05020,-0.36000,0.11831,5047,-5149,0.48263,-0.87348,-0.06403,0.87448,0.47654,0.09052,-0.04856,-0.09968,0.99383,1.07456,1.06649
1.443305,-0.65145,-0.58116,9.40888,,-0.26712,-0.48734,-0.04116,0.08980,0.05125,0.06143,5047,-5149,0.48043,-0.87421,-0.07031,0.87584,0.47407,0.09032,-0.04563,-0.10497,0.99343,1.07456,1.06908
1.463710,-0.66760,-0.60778,9.42652,,-0.26712,-0.48734,-0.04116,0.13355,-0.25500,0.24081,5047,-5149,0.47971,-0.87443,-0.07251,0.87629,0.47325,0.09028,-0.04463,-0.10684,0.99327,1.07456,1.06993
1.474698,-0.64786,-0.56859,9.41576,,-0.26348,-0.49518,-0.05096,-0.23395,-0.14125,0.03518,5047,-5149,0.47179,-0.87770,-0.08400,0.88083,0.46490,0.08948,-0.03949,-0.11620,0.99244,1.07456,1.07906
1.494899,-0.64187,-0.61795,9.42832,,-0.27076,-0.48818,-0.04144,0.01105,0.01625,0.00456,5047,-5149,0.47974,-0.87399,-0.07743,0.87639,0.47307,0.09021,-0.04221,-0.11113,0.99291,1.07456,1.06995
1.505834,-0.63081,-0.58086,9.42323,,-0.27076,-0.48818,-0.04144,-0.08520,-0.09750,0.05268,5047,-5149,0.48238,-0.87273,-0.07510,0.87489,0.47579,0.09044,-0.04320,-0.10933,0.99307,1.07456,1.06691
1.526088,-0.64546,-0.62034,9.36790,,-0.26572,-0.49182,-0.04900,-0.19020,-0.00125,0.11831,5047,-5149,0.47648,-0.87527,-0.08290,0.87829,0.46962,0.08986,-0.03972,-0.11562,0.99250,1.07456,1.07372
1.537034,-0.70857,-0.57727,9.45434,,-0.26502,-0.48692,-0.04333,-0.02832,0.00750,0.10518,5047,-5149,0.47657,-0.87553,-0.07956,0.87816,0.46984,0.08988,-0.04132,-0.11270,0.99277,1.07456,1.07358
1.557008,-0.66162,-0.60239,9.40080,,-0.26432,-0.48202,-0.03766,-0.21645,-0.15875,0.02206,5047,-5149,0.47867,-0.87502,-0.07219,0.87686,0.47224,0.09009,-0.04474,-0.10642,0.99331,1.07456,1.07112
1.567260,-0.66371,-0.58505,9.44656,,-0.26418,-0.48342,-0.04774,0.06355,0.03812,0.04831,5047,-5149,0.47806,-0.87456,-0.08123,0.87740,0.47125,0.09000,-0.04043,-0.11429,0.99262,1.07456,1.07191
1.586421,-0.66401,-0.58265,9.39961,,-0.26404,-0.48482,-0.05782,-0.03270,0.09500,-0.03919,5047,-5149,0.47648,-0.87394,-0.09592,0.87855,0.46914,0.08976,-0.03345,-0.12704,0.99133,1.07456,1.07385
1.605497,-0.64666,-0.59940,9.40260,,-0.27132,-0.48314,-0.04522,-0.12895,0.07750,0.09206,5047,-5149,0.48421,-0.87068,-0.08634,0.87414,0.47715,0.09055,-0.03764,-0.11932,0.99214,1.07456,1.06495
1.615714,-0.64726,-0.59133,9.40260,,-0.27076,-0.48566,-0.04018,0.11168,-0.04500,0.03081,5047,-5149,0.48521,-0.87100,-0.07701,0.87338,0.47852,0.09068,-0.04213,-0.11126,0.99290,1.07456,1.06370
1.634856,-0.68016,-0.55633,9.46481,,-0.27020,-0.48818,-0.03514,-0.20770,-0.04500,-0.03919,5047,-5149,0.48396,-0.87247,-0.06775,0.87385,0.47768,0.09061,-0.04669,-0.10306,0.99358,1.07456,1.06502
1.645111,-0.66371,-0.59910,9.41695,,-0.26936,-0.49098,-0.03822,-0.08082,0.07750,0.03956,5047,-5149,0.48123,-0.87396,-0.06788,0.87534,0.47497,0.09039,-0.04676,-0.10292,0.99359,1.07456,1.06813
1.664303,-0.65025,-0.58804,9.43400,,-0.26852,-0.49378,-0.04228,0.09418,0.06875,0.05706,5047,-5149,0.47800,-0.87537,-0.07241,0.87722,0.47156,0.09011,-0.04473,-0.10659,0.99330,1.07456,1.07187
1.683352,-0.65324,-0.62632,9.43251,,-0.27132,-0.48818,-0.04326,0.07230,-0.05375,0.17956,5047,-5149,0.48223,-0.87279,-0.07541,0.87498,0.47563,0.09047,-0.04309,-0.10961,0.99304,1.07456,1.06708
1.693594,-0.67388,-0.57218,9.42383,,-0.26866,-0.48874,-0.04543,-0.02395,-0.11500,0.11831,5047,-5149,0.48083,-0.87324,-0.07902,0.87583,0.47408,0.09034,-0.04142,-0.11265,0.99277,1.07456,1.06872
1.712628,-0.64247,-0.54437,9.38764,,-0.26600,-0.48930,-0.04760,-0.16395,-0.00125,-0.01294,5047,-5149,0.47753,-0.87470,-0.08286,0.87772,0.47065,0.09000,-0.03973,-0.11571,0.99249,1.07456,1.07253
1.722934,-0.67418,-0.58205,9.44597,,-0.26936,-0.48944,-0.05306,0.02418,0.07750,0.15768,5047,-5149,0.47918,-0.87306,-0.09028,0.87698,0.47200,0.09014,-0.03608,-0.12237,0.99183,1.07456,1.07072
1.742386,-0.65324,-0.55454,9.41007,,-0.25480,-0.49084,-0.05236,-0.02395,-0.13250,-0.01294,5047,-5149,0.46554,-0.88016,-0.09274,0.88431,0.45839,0.08872,-0.03557,-0.12332,0.99173,1.07456,1.08622
1.761437,-0.64307,-0.60419,9.43550,,-0.26236,-0.49210,-0.04620,0.06355,0.06875,0.10081,5047,-5149,0.46776,-0.87966,-0.08604,0.88301,0.46084,0.08896,-0.03860,-0.11758,0.99231,1.07456,1.08365
1.771741,-0.64965,-0.59910,9.46302,,-0.26334,-0.48818,-0.04305,0.01105,0.16062,0.01331,5047,-5149,0.47149,-0.87821,-0.08033,0.88092,0.46477,0.08930,-0.04109,-0.11286,0.99276,1.07456,1.07937
1.790983,-0.65623,-0.57846,9.41875,,-0.26432,-0.48426,-0.03990,0.08980,0.22625,0.14456,5047,-5149,0.47575,-0.87639,-0.07492,0.87851,0.46923,0.08968,-0.04344,-0.10848,0.99315,1.07456,1.07447
1.801227,-0.64696,-0.60299,9.35953,,-0.26824,-0.48440,-0.03612,0.06793,-0.09313,0.06581,5047,-5149,0.48088,-0.87411,-0.06846,0.87557,0.47462,0.09011,-0.04627,-0.10328,0.99358,1.07456,1.06855
1.820506,-0.66879,-0.58534,9.51446,,-0.26796,-0.48510,-0.03710,0.09418,0.06875,0.20143,5047,-5149,0.48193,-0.87362,-0.06730,0.87496,0.47572,0.09019,-0.04678,-0.10235,0.99365,1.07456,1.06733
1.839484,-0.66162,-0.57069,9.47079,,-0.26376,-0.48566,-0.03808,-0.16395,0.11250,-0.12669,5047,-5149,0.47805,-0.87568,-0.06814,0.87710,0.47183,0.08988,-0.04656,-0.10273,0.99362,1.07456,1.07177
1.849682,-0.67059,-0.58505,9.45434,,-0.26712,-0.48860,-0.03493,-0.17270,-0.05375,0.14018,5047,-5149,0.47854,-0.87570,-0.06445,0.87674,0.47249,0.08993,-0.04830,-0.09954,0.99386,1.07456,1.07117
1.868930,-0.64128,-0.58325,9.33560,,-0.27048,-0.49154,-0.03178,-0.07645,-0.01000,0.14456,5047,-5149,0.48041,-0.87504,-0.05926,0.87558,0.47461,0.09007,-0.05069,-0.09516,0.99417,1.07456,1.06896
1.879191,-0.65833,-0.58684,9.49831,,-0.26866,-0.48902,-0.04620,0.04605,-0.10188,0.00893,5047,-5149,0.48005,-0.87410,-0.07419,0.87616,0.47355,0.08999,-0.04353,-0.10821,0.99317,1.07456,1.06956
1.898387,-0.65922,-0.58056,9.42981,,-0.26866,-0.48734,-0.04515,0.01543,0.05562,0.10081,5047,-5149,0.48082,-0.87331,-0.07839,0.87584,0.47413,0.09004,-0.04146,-0.11195,0.99285,1.07456,1.06874
1.917415,-0.64367,-0.58026,9.41815,,-0.27048,-0.48566,-0.04410,-0.06770,-0.03625,0.04831,5047,-5149,0.48363,-0.87173,-0.07871,0.87430,0.47691,0.09029,-0.04117,-0.11248,0.99280,1.07456,1.06553
1.927830,-0.67986,-0.57308,9.44926,,-0.26838,-0.49098,-0.05068,-0.13770,0.00750,0.02206,5047,-5149,0.47967,-0.87323,-0.08601,0.87664,0.47269,0.08987,-0.03782,-0.11850,0.99223,1.07456,1.07013
1.949814,-0.66341,-0.56291,9.37867,,-0.26628,-0.49098,-0.05068,0.16855,0.03375,0.11831,5047,-5149,0.47642,-0.87473,-0.08871,0.87845,0.46937,0.08954,-0.03668,-0.12058,0.99203,1.07456,1.07385
1.962880,-0.67238,-0.55633,9.38226,,-0.26824,-0.49378,-0.05362,-0.19895,-0.06250,0.14456,5047,-5149,0.47560,-0.87477,-0.09261,0.87897,0.46842,0.08943,-0.03486,-0.12393,0.99168,1.07456,1.07482
1.975791,-0.63470,-0.60538,9.47558,,-0.26824,-0.49378,-0.05362,0.03730,-0.01875,0.00456,5047,-5149,0.47532,-0.87477,-0.09401,0.87915,0.46809,0.08940,-0.03420,-0.12514,0.99155,1.07456,1.07515
1.988746,-0.62871,-0.60598,9.41366,,-0.26684,-0.48650,-0.04872,-0.06770,-0.00125,0.00456,5047,-5149,0.47782,-0.87387,-0.08964,0.87771,0.47072,0.08967,-0.03616,-0.12152,0.99193,1.07456,1.07227
2.011497,-0.66461,-0.56231,9.41157,,-0.26908,-0.49462,-0.03360,0.16855,0.17375,0.02206,5047,-5149,0.47736,-0.87590,-0.07012,0.87753,0.47107,0.08969,-0.04553,-0.10435,0.99350,1.07456,1.07258
2.024677,-0.65803,-0.60239,9.41037,,-0.26908,-0.49462,-0.03360,-0.09395,-0.33375,0.00456,5047,-5149,0.47715,-0.87654,-0.06320,0.87746,0.47118,0.08972,-0.04887,-0.09827,0.99396,1.07456,1.07273
2.038485,-0.67238,-0.56530,9.42652,,-0.26852,-0.48370,-0.04200,0.05480,-0.08875,-0.03919,5047,-5149,0.48169,-0.87345,-0.07116,0.87519,0.47532,0.09007,-0.04485,-0.10567,0.99339,1.07456,1.06766
2.051677,-0.66849,-0.57727,9.43281,,-0.26698,-0.48762,-0.04501,-0.14207,0.20000,0.03518,5047,-5149,0.47968,-0.87404,-0.07722,0.87644,0.47306,0.08984,-0.04199,-0.11077,0.99296,1.07456,1.07003
2.074964,-0.66341,-0.61854,9.41935,,-0.26544,-0.49154,-0.04802,-0.12020,-0.05375,0.01331,5047,-5149,0.47550,-0.87583,-0.08255,0.87882,0.46869,0.08943,-0.03964,-0.11508,0.99257,1.07456,1.07484
2.087869,-0.65683,-0.60299,9.45225,,-0.26096,-0.48566,-0.04186,0.00230,-0.29000,-0.06544,5047,-5149,0.47315,-0.87752,-0.07802,0.87998,0.46654,0.08927,-0.04194,-0.11089,0.99295,1.07456,1.07746
2.100800,-0.62692,-0.59940,9.43310,,-0.26096,-0.48566,-0.04186,-0.27770,-0.03625,0.10956,5047,-5149,0.47237,-0.87808,-0.07640,0.88037,0.46583,0.08920,-0.04273,-0.10940,0.99308,1.07456,1.07833
2.113929,-0.63739,-0.57876,9.41307,,-0.27216,-0.49042,-0.04256,-0.06770,0.08625,0.14018,5047,-5149,0.48004,-0.87397,-0.07579,0.87621,0.47348,0.08984,-0.04263,-0.10954,0.99307,1.07456,1.06960
2.137016,-0.59521,-0.65743,9.43430,,-0.26208,-0.49490,-0.04494,-0.13770,-0.17625,0.07456,5047,-5149,0.47102,-0.87863,-0.07843,0.88113,0.46441,0.08904,-0.04181,-0.11105,0.99294,1.07456,1.07988
2.149792,-0.48455,-0.48275,9.45703,,-0.26208,-0.49490,-0.04494,-0.00645,0.31375,-0.03044,5047,-5149,0.46799,-0.88016,-0.07934,0.88276,0.46138,0.08871,-0.04147,-0.11155,0.99289,1.07456,1.08332
2.162844,-0.67597,-0.61077,9.36850,,-0.26768,-0.49266,-0.03094,0.11605,-0.24625,0.11831,5047,-5149,0.47385,-0.87830,-0.06358,0.87926,0.46791,0.08921,-0.04861,-0.09817,0.99398,1.07456,1.07650
2.176227,-0.64576,-0.57577,9.41037,,-0.26614,-0.49154,-0.03752,0.00230,-0.10625,0.02206,5047,-5149,0.47466,-0.87772,-0.06567,0.87888,0.46861,0.08928,-0.04758,-0.10009,0.99384,1.07456,1.07561
2.199517,-0.65085,-0.59103,9.41576,,-0.26460,-0.49042,-0.04410,-0.12020,0.03375,0.03956,5047,-5149,0.47378,-0.87752,-0.07411,0.87956,0.46736,0.08917,-0.04361,-0.10743,0.99326,1.07456,1.07670
2.212488,-0.64367,-0.59282,9.43669,,-0.26992,-0.48958,-0.04298,-0.11145,-0.16750,0.04831,5047,-5149,0.47886,-0.87463,-0.07562,0.87686,0.47233,0.08960,-0.04265,-0.10922,0.99310,1.07456,1.07095
2.225442,-0.51685,-0.61854,9.46481,,-0.26992,-0.48958,-0.04298,0.24730,-0.08000,0.09206,5047,-5149,0.48055,-0.87365,-0.07621,0.87595,0.47399,0.08974,-0.04228,-0.10988,0.99305,1.07456,1.06903
2.238615,-0.64935,-0.60718,9.42772,,-0.26264,-0.48230,-0.04130,-0.14207,-0.18938,0.08768,5047,-5149,0.47813,-0.87506,-0.07529,0.87725,0.47162,0.08955,-0.04285,-0.10887,0.99313,1.07456,1.07178
2.262091,-0.66042,-0.60838,9.44985,,-0.26684,-0.48594,-0.04102,0.08980,-0.01875,-0.03919,5047,-5149,0.47938,-0.87446,-0.07422,0.87654,0.47291,0.08967,-0.04331,-0.10804,0.99320,1.07456,1.07034
2.274905,-0.66162,-0.56411,9.33081,,-0.26684,-0.48594,-0.04102,-0.11145,0.06875,-0.00419,5047,-5149,0.47980,-0.87427,-0.07383,0.87630,0.47334,0.08970,-0.04348,-0.10773,0.99323,1.07456,1.06985
2.287680,-0.65922,-0.54796,9.42353,,-0.26796,-0.48426,-0.04410,-0.18145,0.14750,-0.05669,5047,-5149,0.48167,-0.87293,-0.07732,0.87536,0.47506,0.08984,-0.04169,-0.11095,0.99295,1.07456,1.06775
2.300887,-0.64965,-0.60329,9.43729,,-0.26880,-0.48762,-0.03857,0.01980,-0.05813,-0.02169,5047,-5149,0.48163,-0.87342,-0.07191,0.87525,0.47525,0.08986,-0.04431,-0.10622,0.99335,1.07456,1.06774
2.324228,-0.64905,-0.56830,9.36730,,-0.26964,-0.49098,-0.03304,-0.10270,-0.08875,0.05706,5047,-5149,0.48092,-0.87447,-0.06339,0.87542,0.47494,0.08984,-0.04845,-0.09870,0.99394,1.07456,1.06844
2.337054,-0.59163,-0.63051,9.45584,,-0.27216,-0.49406,-0.04116,-0.08520,-0.06250,0.08331,5047,-5149,0.48112,-0.87391,-0.06937,0.87547,0.47485,0.08983,-0.04556,-0.10395,0.99354,1.07456,1.06829
2.350300,-0.62154,-0.61316,9.43969,,-0.27216,-0.49406,-0.04116,0.20355,-0.21125,-0.05669,5047,-5149,0.48118,-0.87370,-0.07149,0.87549,0.47481,0.08984,-0.04456,-0.10582,0.99339,1.07456,1.06825
2.363493,-0.64487,-0.55125,9.40918,,-0.26124,-0.49266,-0.03990,0.08980,-0.04063,0.00018,5047,-5149,0.47192,-0.87875,-0.07134,0.88049,0.46562,0.08911,-0.04508,-0.10487,0.99346,1.07456,1.07878
2.386748,-0.64845,-0.60120,9.55753,,-0.26124,-0.49266,-0.04074,0.18605,0.07750,-0.07419,5047,-5149,0.46879,-0.88035,-0.07225,0.88217,0.46246,0.08885,-0.04481,-0.10539,0.99342,1.07456,1.08235
2.399597,-0.71306,-0.54915,9.35713,,-0.26796,-0.48202,-0.04074,-0.18145,0.08625,-0.05669,5047,-5149,0.47931,-0.87461,-0.07302,0.87655,0.47288,0.08972,-0.04394,-0.10701,0.99329,1.07456,1.07040
2.412520,-0.67717,-0.57069,9.40080,,-0.26796,-0.48706,-0.04158,-0.21645,-0.15875,0.05706,5047,-5149,0.48022,-0.87403,-0.07390,0.87607,0.47375,0.08980,-0.04348,-0.10787,0.99321,1.07456,1.06937
2.425368,-0.63978,-0.57637,9.43041,,-0.26124,-0.48706,-0.04158,0.05918,-0.08438,0.02643,5047,-5149,0.47430,-0.87720,-0.07454,0.87929,0.46784,0.08931,-0.04347,-0.10790,0.99321,1.07456,1.07612
2.448925,-0.64606,-0.59043,9.38166,,-0.26628,-0.48398,-0.04018,0.10730,0.18250,0.09206,5047,-5149,0.47862,-0.87497,-0.07315,0.87692,0.47219,0.08967,-0.04392,-0.10706,0.99328,1.07456,1.07119
2.461890,-0.49651,-0.59701,9.37029,,-0.26628,-0.48398,-0.04018,-0.09395,0.18250,-0.11794,5047,-5149,0.48005,-0.87423,-0.07267,0.87614,0.47363,0.08975,-0.04404,-0.10675,0.99331,1.07456,1.06956
2.475013,-0.64187,-0.57727,9.43610,,-0.26376,-0.49070,-0.04900,0.19480,-0.28125,0.01331,5047,-5149,0.47444,-0.87644,-0.08223,0.87939,0.46767,0.08921,-0.03973,-0.11464,0.99261,1.07456,1.07604
2.488165,-0.64487,-0.54945,9.39482,,-0.26292,-0.48986,-0.04928,-0.03707,-0.05813,0.03956,5047,-5149,0.47219,-0.87729,-0.08602,0.88068,0.46529,0.08898,-0.03804,-0.11777,0.99231,1.07456,1.07864
2.511306,-0.52881,-0.53719,9.42712,,-0.26208,-0.48902,-0.04956,0.01980,0.10375,0.25831,5047,-5149,0.47107,-0.87771,-0.08781,0.88131,0.46411,0.08883,-0.03722,-0.11923,0.99217,1.07456,1.07992
2.524486,-0.65324,-0.58026,9.43011,,-0.27384,-0.48958,-0.04816,0.02855,0.02500,0.15331,5047,-5149,0.48129,-0.87231,-0.08618,0.87576,0.47432,0.08984,-0.03749,-0.11872,0.99222,1.07456,1.06828
2.537311,-0.65683,-0.59880,9.41396,,-0.27384,-0.48958,-0.04816,0.12480,-0.20250,0.12706,5047,-5149,0.48469,-0.87049,-0.08563,0.87388,0.47770,0.09019,-0.03761,-0.11854,0.99224,1.07456,1.06440
2.550200,-0.65234,-0.58983,9.43610,,-0.26376,-0.49546,-0.03920,0.11605,0.07750,-0.03044,5047,-5149,0.47412,-0.87724,-0.07526,0.87940,0.46762,0.08933,-0.04317,-0.10854,0.99315,1.07456,1.07633
2.573347,-0.65862,-0.59402,9.40858,,-0.27160,-0.48454,-0.04508,0.12480,-0.16750,0.03956,5047,-5149,0.48295,-0.87210,-0.07876,0.87468,0.47624,0.09013,-0.04109,-0.11242,0.99281,1.07456,1.06631
2.586367,-0.65683,-0.60000,9.40200,,-0.27160,-0.48454,-0.04508,0.26480,-0.08875,0.08331,5047,-5149,0.48589,-0.87035,-0.08002,0.87309,0.47910,0.09041,-0.04035,-0.11380,0.99268,1.07456,1.06297
2.599418,-0.64307,-0.58505,9.42473,,-0.27328,-0.49098,-0.03318,-0.03270,-0.01000,-0.05669,5047,-5149,0.48566,-0.87163,-0.06631,0.87288,0.47948,0.09044,-0.04703,-0.10180,0.99369,1.07456,1.06306
2.612555,-0.66849,-0.58684,9.40469,,-0.27062,-0.48902,-0.03556,-0.10707,0.02937,0.00893,5047,-5149,0.48403,-0.87268,-0.06440,0.87373,0.47795,0.09032,-0.04804,-0.09998,0.99383,1.07456,1.06490
2.635628,-0.65862,-0.59043,9.42114,,-0.26796,-0.48706,-0.03794,-0.12895,-0.18500,0.14456,5047,-5149,0.48195,-0.87366,-0.06669,0.87493,0.47578,0.09016,-0.04704,-0.10180,0.99369,1.07456,1.06730
2.648500,-0.65204,-0.60000,9.42892,,-0.26880,-0.48594,-0.03780,-0.23395,-0.01000,-0.04794,5047,-5149,0.48259,-0.87325,-0.06737,0.87460,0.47638,0.09020,-0.04668,-0.10245,0.99364,1.07456,1.06659
2.661947,-0.67777,-0.58205,9.47976,,-0.26880,-0.48594,-0.03780,0.18605,0.10375,0.10081,5047,-5149,0.48281,-0.87311,-0.06764,0.87449,0.47658,0.09022,-0.04654,-0.10271,0.99362,1.07456,1.06634
2.675489,-0.66102,-0.58744,9.39721,,-0.26768,-0.49098,-0.03500,-0.09395,-0.10625,-0.01294,5047,-5149,0.47944,-0.87523,-0.06420,0.87624,0.47339,0.09000,-0.04837,-0.09940,0.99387,1.07456,1.07014
2.699152,-0.68375,-0.58086,9.44088,,-0.26740,-0.49070,-0.05110,0.00230,-0.01875,0.05706,5047,-5149,0.47750,-0.87485,-0.08145,0.87771,0.47071,0.08975,-0.04018,-0.11435,0.99263,1.07456,1.07255
2.712110,-0.65563,-0.59761,9.43550,,-0.26740,-0.49070,-0.05110,-0.11145,0.15625,0.17956,5047,-5149,0.47685,-0.87462,-0.08754,0.87820,0.46983,0.08965,-0.03728,-0.11962,0.99212,1.07456,1.07335
2.725274,-0.66341,-0.56830,9.40499,,-0.26460,-0.49546,-0.05376,-0.15520,0.07750,0.11831,5047,-5149,0.47158,-0.87697,-0.09241,0.88112,0.46443,0.08907,-0.03520,-0.12343,0.99173,1.07456,1.07938
2.738523,-0.66132,-0.59611,9.38585,,-0.26362,-0.49196,-0.04571,0.05043,-0.04938,0.15768,5047,-5149,0.47105,-0.87797,-0.08532,0.88126,0.46416,0.08906,-0.03859,-0.11714,0.99237,1.07456,1.07992
2.761784,-0.67059,-0.55155,9.41636,,-0.26264,-0.48846,-0.03766,0.07230,0.02500,0.03956,5047,-5149,0.47204,-0.87848,-0.07385,0.88048,0.46561,0.08918,-0.04396,-0.10712,0.99327,1.07456,1.07868
2.774719,-0.67178,-0.59701,9.38405,,-0.26432,-0.48650,-0.04102,-0.09395,-0.04500,0.17081,5047,-5149,0.47475,-0.87703,-0.07375,0.87903,0.46831,0.08942,-0.04388,-0.10728,0.99326,1.07456,1.07560
2.787840,-0.63350,-0.57488,9.44985,,-0.26432,-0.48650,-0.04102,-0.05895,0.06875,0.02206,5047,-5149,0.47564,-0.87654,-0.07373,0.87855,0.46920,0.08948,-0.04384,-0.10734,0.99326,1.07456,1.07458
2.800986,-0.66012,-0.58534,9.45075,,-0.26880,-0.48986,-0.04788,0.03293,-0.09313,0.00018,5047,-5149,0.47808,-0.87456,-0.08113,0.87740,0.47131,0.08969,-0.04020,-0.11406,0.99266,1.07456,1.07189
2.824400,-0.65324,-0.57787,9.43550,,-0.27328,-0.48678,-0.03206,0.06355,-0.04500,0.24956,5047,-5149,0.48525,-0.87191,-0.06564,0.87310,0.47911,0.09028,-0.04727,-0.10112,0.99375,1.07456,1.06353
2.837303,-0.65384,-0.55872,9.46062,,-0.27328,-0.48678,-0.03206,-0.04145,-0.01000,0.11831,5047,-5149,0.48759,-0.87100,-0.06018,0.87165,0.48170,0.09046,-0.04980,-0.09656,0.99408,1.07456,1.06078
2.850405,-0.65504,-0.73101,9.42353,,-0.27076,-0.49406,-0.03402,0.16855,0.07750,0.00456,5047,-5149,0.48234,-0.87391,-0.06022,0.87455,0.47649,0.09012,-0.05006,-0.09613,0.99411,1.07456,1.06678
2.863709,-0.65713,-0.57936,9.37986,,-0.25284,-0.49154,-0.03465,-0.09395,-0.04500,0.01768,5047,-5149,0.46518,-0.88307,-0.06170,0.88379,0.45935,0.08893,-0.05019,-0.09590,0.99413,1.07456,1.08630
2.887050,-0.64845,-0.59462,9.41994,,-0.25676,-0.48902,-0.03528,0.01105,-0.17625,0.20581,5047,-5149,0.46435,-0.88341,-0.06294,0.88426,0.45846,0.08888,-0.04966,-0.09693,0.99405,1.07456,1.08725
2.899933,-0.66281,-0.58863,9.38585,,-0.25788,-0.49154,-0.03962,-0.11145,-0.01000,0.11831,5047,-5149,0.46372,-0.88336,-0.06818,0.88472,0.45758,0.08881,-0.04726,-0.10151,0.99371,1.07456,1.08802
2.913034,-0.65444,-0.58265,9.42114,,-0.25788,-0.49154,-0.03962,0.01980,0.06875,0.04831,5047,-5149,0.46350,-0.88332,-0.07004,0.88488,0.45728,0.08879,-0.04640,-0.10313,0.99358,1.07456,1.08829
2.926247,-0.68016,-0.59432,9.39661,,-0.26796,-0.49294,-0.03892,-0.12457,-0.05813,-0.03919,5047,-5149,0.47213,-0.87879,-0.06936,0.88031,0.46589,0.08948,-0.04632,-0.10330,0.99357,1.07456,1.07851
2.949585,-0.64666,-0.56052,9.37209,,-0.26796,-0.49294,-0.05418,-0.10270,0.20000,0.25831,5047,-5149,0.47433,-0.87609,-0.08653,0.87952,0.46734,0.08960,-0.03806,-0.11860,0.99221,1.07456,1.07620
2.962600,-0.63948,-0.58983,9.44088,,-0.26880,-0.48986,-0.05418,0.01105,0.00750,0.03081,5047,-5149,0.47732,-0.87381,-0.09283,0.87804,0.47007,0.08989,-0.03491,-0.12442,0.99162,1.07456,1.07287
2.975679,-0.64666,-0.60060,9.43789,,-0.26880,-0.49770,-0.04228,0.05480,-0.07125,0.09206,5047,-5149,0.47507,-0.87622,-0.08090,0.87901,0.46829,0.08973,-0.04074,-0.11374,0.99267,1.07456,1.07531
2.988796,-0.66550,-0.56291,9.43251,,-0.26180,-0.49770,-0.04228,0.08980,-0.05375,0.15768,5047,-5149,0.46787,-0.88044,-0.07698,0.88275,0.46131,0.08913,-0.04296,-0.10966,0.99304,1.07456,1.08342
3.012085,-0.66939,-0.55394,9.43430,,-0.26712,-0.49126,-0.04522,0.17730,-0.04500,0.20581,5047,-5149,0.47339,-0.87728,-0.07919,0.87986,0.46670,0.08963,-0.04167,-0.11211,0.99282,1.07456,1.07719
3.024980,-0.66162,-0.59821,9.42174,,-0.26712,-0.49126,-0.04522,-0.10270,-0.08000,-0.11794,5047,-5149,0.47521,-0.87623,-0.07998,0.87891,0.46847,0.08980,-0.04122,-0.11296,0.99274,1.07456,1.07513
3.038132,-0.67956,-0.56770,9.40918,,-0.26292,-0.48622,-0.04634,0.28230,-0.01000,0.12706,5047,-5149,0.47440,-0.87647,-0.08217,0.87939,0.46757,0.08973,-0.04022,-0.11483,0.99257,1.07456,1.07608
3.051337,-0.65324,-0.59581,9.40499,,-0.26474,-0.48958,-0.03892,0.04605,-0.07125,0.11393,5047,-5149,0.47450,-0.87714,-0.07404,0.87915,0.46801,0.08978,-0.04409,-0.10769,0.99321,1.07456,1.07588
3.074434,-0.63290,-0.58923,9.40020,,-0.26656,-0.49294,-0.03150,-0.09395,-0.18500,0.18831,5047,-5149,0.47482,-0.87787,-0.06237,0.87868,0.46888,0.08984,-0.04963,-0.09746,0.99400,1.07456,1.07537
3.087396,-0.65264,-0.58505,9.43490,,-0.27188,-0.48958,-0.03332,-0.06770,0.08625,0.04831,5047,-5149,0.48137,-0.87444,-0.06035,0.87507,0.47549,0.09029,-0.05026,-0.09627,0.99409,1.07456,1.06788
3.100612,-0.66520,-0.60957,9.47857,,-0.27188,-0.48958,-0.03332,-0.09395,0.08625,0.11831,5047,-5149,0.48355,-0.87328,-0.05965,0.87386,0.47770,0.09044,-0.05048,-0.09585,0.99411,1.07456,1.06538
3.113777,-0.66012,-0.57817,9.41606,,-0.25984,-0.49070,-0.03136,0.11605,0.07750,-0.02169,5047,-5149,0.47269,-0.87935,-0.05752,0.87969,0.46700,0.08974,-0.05205,-0.09302,0.99430,1.07456,1.07773
3.137023,-0.67059,-0.59880,9.36072,,-0.26936,-0.49462,-0.04046,0.02855,-0.06250,0.14456,5047,-5149,0.47559,-0.87715,-0.06656,0.87838,0.46943,0.08994,-0.04764,-0.10124,0.99372,1.07456,1.07455
3.150024,-0.65025,-0.56710,9.36371,,-0.26936,-0.49462,-0.04046,0.01980,-0.22000,0.17081,5047,-5149,0.47655,-0.87637,-0.06974,0.87794,0.47024,0.09001,-0.04609,-0.10413,0.99350,1.07456,1.07349
3.163106,-0.65922,-0.59701,9.39841,,-0.26992,-0.48510,-0.04690,0.20355,0.09500,-0.00419,5047,-5149,0.48185,-0.87269,-0.07897,0.87528,0.47509,0.09046,-0.04143,-0.11270,0.99276,1.07456,1.06756
3.176205,-0.66012,-0.57817,9.41127,,-0.26796,-0.48622,-0.04753,-0.05020,0.02500,0.05268,5047,-5149,0.48122,-0.87267,-0.08293,0.87571,0.47430,0.09038,-0.03953,-0.11612,0.99245,1.07456,1.06833
3.199449,-0.65683,-0.57368,9.38226,,-0.26600,-0.48734,-0.04816,0.01980,0.11250,0.08331,5047,-5149,0.47861,-0.87390,-0.08507,0.87718,0.47163,0.09011,-0.03862,-0.11775,0.99229,1.07456,1.07132
3.212425,-0.65862,-0.59701,9.41935,,-0.26656,-0.48538,-0.04200,-0.13770,0.00750,0.07456,5047,-5149,0.47954,-0.87397,-0.07884,0.87653,0.47281,0.09021,-0.04156,-0.11237,0.99280,1.07456,1.07019
3.225491,-0.65563,-0.55693,9.36012,,-0.26656,-0.48538,-0.04200,0.15105,0.04250,0.03081,5047,-5149,0.47984,-0.87400,-0.07666,0.87632,0.47320,0.09025,-0.04260,-0.11048,0.99296,1.07456,1.06983
3.238894,-0.65683,-0.60120,9.39243,,-0.26292,-0.49546,-0.03766,0.08105,-0.16750,0.11831,5047,-5149,0.47177,-0.87891,-0.07034,0.88052,0.46546,0.08964,-0.04605,-0.10423,0.99349,1.07456,1.07893
