0.000005,-0.66999,-0.54377,9.41755,,-0.71456,-0.23548,-0.13825,-0.03756,0.05182,-0.08171,9448,-9719,0.94287,-0.32969,0.04804,0.32555,0.94234,0.07757,-0.07085,-0.05750,0.99583,0.33246,0.33246
0.000005,-0.66640,-0.53001,9.41815,,-0.71568,-0.23595,-0.12845,0.00619,-0.02402,0.06996,9448,-9719,0.94503,-0.32689,0.00803,0.32532,0.94242,0.07755,-0.03291,-0.07068,0.99696,0.33246,0.33154
0.022853,-0.68435,-0.52881,9.43669,,-0.71848,-0.23408,-0.14077,-0.07256,-0.29818,0.11954,9448,-9719,0.94585,-0.32226,-0.03896,0.32439,0.94274,0.07758,0.01173,-0.08602,0.99622,0.33246,0.33039
0.037188,-0.66341,-0.53360,9.39841,,-0.71820,-0.24612,-0.13559,0.24244,-0.00068,0.02329,9448,-9719,0.94361,-0.32315,-0.07195,0.32829,0.94141,0.07729,0.04276,-0.09656,0.99441,0.33246,0.33481
0.052569,-0.67238,-0.51266,9.45344,,-0.71820,-0.24612,-0.13559,-0.02006,-0.14943,0.08454,9448,-9719,0.94140,-0.32331,-0.09613,0.33088,0.94053,0.07698,0.06553,-0.10428,0.99239,0.33246,0.33799
0.068154,-0.68435,-0.52343,9.40260,,-0.71260,-0.24640,-0.14371,-0.07256,-0.09693,-0.07296,9448,-9719,0.93883,-0.32398,-0.11676,0.33375,0.93954,0.07662,0.08487,-0.11090,0.99020,0.33246,0.34156
0.082561,-0.67358,-0.54497,9.41157,,-0.71988,-0.23212,-0.13643,0.13744,-0.00068,-0.02921,9448,-9719,0.93932,-0.31772,-0.12935,0.32899,0.94116,0.07732,0.09717,-0.11518,0.98858,0.33246,0.33689
0.097474,-0.68734,-0.53121,9.38944,,-0.71988,-0.23212,-0.13643,0.13744,0.10432,0.01454,9448,-9719,0.93945,-0.31340,-0.13860,0.32580,0.94223,0.07779,0.10622,-0.11824,0.98729,0.33246,0.33382
0.112471,-0.68315,-0.52044,9.40200,,-0.71540,-0.23016,-0.12019,-0.13381,0.07807,-0.12546,9448,-9719,0.94019,-0.31033,-0.14048,0.32300,0.94317,0.07816,0.10824,-0.11886,0.98699,0.33246,0.33091
0.127669,-0.67478,-0.54915,9.42114,,-0.71582,-0.23450,-0.12873,-0.20819,0.06494,-0.07733,9448,-9719,0.93972,-0.30988,-0.14458,0.32303,0.94316,0.07813,0.11215,-0.12012,0.98640,0.33246,0.33110
0.150033,-0.67896,-0.51266,9.39841,,-0.71624,-0.23884,-0.13727,0.08494,0.04307,-0.02921,9448,-9719,0.93843,-0.31110,-0.15022,0.32491,0.94254,0.07778,0.11739,-0.12180,0.98559,0.33246,0.33331
0.160929,-0.67119,-0.53868,9.40200,,-0.71428,-0.23632,-0.13027,0.15931,0.09994,0.14579,9448,-9719,0.93808,-0.31114,-0.15230,0.32520,0.94244,0.07773,0.11934,-0.12245,0.98527,0.33246,0.33370
0.181332,-0.65264,-0.50847,9.36192,,-0.71232,-0.23380,-0.12327,0.17244,-0.44693,-0.00296,9448,-9719,0.93840,-0.31049,-0.15164,0.32448,0.94269,0.07781,0.11879,-0.12223,0.98537,0.33246,0.33291
0.192272,-0.68853,-0.52642,9.40708,,-0.71204,-0.24024,-0.13139,0.00181,-0.00943,0.04517,9448,-9719,0.93737,-0.31257,-0.15371,0.32678,0.94192,0.07742,0.12058,-0.12280,0.98508,0.33246,0.33544
0.212477,-0.67358,-0.51446,9.40918,,-0.71204,-0.24024,-0.13139,0.12869,0.01682,-0.01171,9448,-9719,0.93666,-0.31395,-0.15526,0.32833,0.94141,0.07713,0.12195,-0.12322,0.98486,0.33246,0.33715
0.223309,-0.68285,-0.52044,9.47259,,-0.72156,-0.23464,-0.12957,0.07619,-0.07506,0.02329,9448,-9719,0.93748,-0.31145,-0.15531,0.32587,0.94223,0.07752,0.12220,-0.12328,0.98482,0.33246,0.33454
0.243219,-0.67298,-0.53300,9.40559,,-0.71708,-0.23604,-0.13223,-0.07256,0.22682,-0.02921,9448,-9719,0.93747,-0.31089,-0.15649,0.32546,0.94237,0.07756,0.12336,-0.12364,0.98463,0.33246,0.33415
0.254078,-0.63230,-0.51476,9.37657,,-0.71708,-0.23604,-0.13223,-0.12944,0.10869,0.09767,9448,-9719,0.93746,-0.31047,-0.15742,0.32515,0.94248,0.07752,0.12429,-0.12386,0.98448,0.33246,0.33386
0.274286,-0.71366,-0.51206,9.42533,,-0.72240,-0.23688,-0.13867,0.26869,0.06057,-0.07296,9448,-9719,0.93729,-0.30983,-0.15970,0.32480,0.94260,0.07758,0.12650,-0.12458,0.98411,0.33246,0.33358
0.285318,-0.67149,-0.53599,9.45883,,-0.72058,-0.23842,-0.13678,-0.02881,0.06057,0.08892,9448,-9719,0.93695,-0.31019,-0.16094,0.32530,0.94243,0.07745,0.12765,-0.12492,0.98392,0.33246,0.33417
0.305754,-0.66461,-0.50907,9.44686,,-0.71876,-0.23996,-0.13489,0.04994,-0.03568,0.07579,9448,-9719,0.93653,-0.31127,-0.16132,0.32641,0.94207,0.07720,0.12795,-0.12496,0.98388,0.33246,0.33537
0.316671,-0.68465,-0.53659,9.35504,,-0.71078,-0.24220,-0.15141,-0.02881,-0.20193,-0.06421,9448,-9719,0.93466,-0.31378,-0.16720,0.32962,0.94100,0.07665,0.13329,-0.12676,0.98294,0.33246,0.33905
0.336661,-0.66580,-0.52044,9.40678,,-0.70280,-0.24444,-0.15141,-0.02006,0.02557,-0.00296,9448,-9719,0.93258,-0.31731,-0.17205,0.33370,0.93962,0.07588,0.13758,-0.12818,0.98216,0.33246,0.34363
0.347548,-0.69362,-0.54078,9.46960,,-0.71848,-0.23856,-0.15393,0.20744,-0.06631,0.05829,9448,-9719,0.93266,-0.31524,-0.17543,0.33211,0.94015,0.07624,0.14089,-0.12937,0.98154,0.33246,0.34209
0.367055,-0.68136,-0.50967,9.48874,,-0.71848,-0.23856,-0.15393,0.03244,0.08682,0.05829,9448,-9719,0.93266,-0.31384,-0.17793,0.33106,0.94051,0.07641,0.14337,-0.13017,0.98107,0.33246,0.34109
0.377205,-0.67418,-0.52074,9.38764,,-0.71652,-0.24024,-0.13601,-0.05506,-0.12756,-0.04671,9448,-9719,0.93331,-0.31398,-0.17422,0.33071,0.94063,0.07647,0.13987,-0.12899,0.98173,0.33246,0.34054
0.396622,-0.65653,-0.54227,9.45045,,-0.71344,-0.23464,-0.12999,-0.04194,0.20057,-0.10796,9448,-9719,0.93464,-0.31237,-0.16991,0.32858,0.94135,0.07685,0.13594,-0.12766,0.98246,0.33246,0.33806
0.415637,-0.66520,-0.51565,9.42353,,-0.71344,-0.23464,-0.12999,0.01494,-0.11443,-0.01171,9448,-9719,0.93558,-0.31131,-0.16668,0.32712,0.94183,0.07708,0.13299,-0.12664,0.98299,0.33246,0.33636
0.425862,-0.66730,-0.53210,9.41725,,-0.72156,-0.24080,-0.14455,0.11119,-0.00068,-0.01608,9448,-9719,0.93508,-0.31186,-0.16841,0.32789,0.94158,0.07695,0.13457,-0.12717,0.98271,0.33246,0.33725
0.444929,-0.66700,-0.54287,9.35653,,-0.71750,-0.23898,-0.14637,-0.02444,0.10432,0.01892,9448,-9719,0.93465,-0.31201,-0.17052,0.32830,0.94144,0.07688,0.13655,-0.12784,0.98235,0.33246,0.33779
0.463817,-0.67777,-0.51087,9.37508,,-0.71344,-0.23716,-0.14819,-0.19506,0.08682,0.02329,9448,-9719,0.93426,-0.31188,-0.17288,0.32847,0.94139,0.07680,0.13879,-0.12854,0.98194,0.33246,0.33809
0.473949,-0.66281,-0.52672,9.36222,,-0.70868,-0.23996,-0.14413,-0.05506,-0.18443,0.03642,9448,-9719,0.93358,-0.31352,-0.17357,0.33017,0.94082,0.07649,0.13931,-0.12871,0.98185,0.33246,0.33993
0.493082,-0.69811,-0.54855,9.41636,,-0.70868,-0.23996,-0.14413,-0.10756,-0.07068,0.10204,9448,-9719,0.93313,-0.31461,-0.17405,0.33131,0.94043,0.07631,0.13967,-0.12887,0.98178,0.33246,0.34117
0.503244,-0.67178,-0.54018,9.39871,,-0.71484,-0.24192,-0.15099,-0.06381,-0.21506,-0.03358,9448,-9719,0.93252,-0.31524,-0.17616,0.33220,0.94013,0.07618,0.14160,-0.12956,0.98141,0.33246,0.34223
0.522277,-0.66879,-0.53300,9.42533,,-0.71274,-0.23912,-0.14483,0.11119,0.02557,-0.01608,9448,-9719,0.93268,-0.31488,-0.17598,0.33183,0.94025,0.07628,0.14144,-0.12953,0.98143,0.33246,0.34181
0.541226,-0.66939,-0.54197,9.37328,,-0.71064,-0.23632,-0.13867,0.17244,-0.00068,0.05829,9448,-9719,0.93338,-0.31386,-0.17405,0.33058,0.94067,0.07654,0.13970,-0.12898,0.98176,0.33246,0.34039
0.551367,-0.68644,-0.51386,9.39153,,-0.71568,-0.24024,-0.13783,0.05431,-0.04443,0.01017,9448,-9719,0.93368,-0.31410,-0.17198,0.33056,0.94068,0.07654,0.13774,-0.12831,0.98212,0.33246,0.34026
0.570495,-0.70229,-0.53898,9.39721,,-0.71568,-0.24024,-0.13783,-0.08131,-0.20193,0.07579,9448,-9719,0.93390,-0.31428,-0.17044,0.33054,0.94068,0.07657,0.13627,-0.12785,0.98239,0.33246,0.34017
0.581074,-0.67328,-0.53001,9.44537,,-0.71680,-0.23576,-0.12901,-0.03319,0.01682,0.08454,9448,-9719,0.93517,-0.31258,-0.16655,0.32837,0.94141,0.07695,0.13274,-0.12666,0.98302,0.33246,0.33768
0.601162,-0.69212,-0.53539,9.45344,,-0.71764,-0.23464,-0.13377,-0.12506,0.02557,0.14579,9448,-9719,0.93598,-0.31090,-0.16517,0.32654,0.94202,0.07727,0.13157,-0.12626,0.98323,0.33246,0.33567
0.611948,-0.69811,-0.53749,9.36252,,-0.71764,-0.23464,-0.13377,0.06744,-0.06631,0.10642,9448,-9719,0.93654,-0.30978,-0.16413,0.32531,0.94242,0.07752,0.13067,-0.12600,0.98339,0.33246,0.33432
0.631787,-0.68076,-0.53270,9.40888,,-0.71428,-0.24304,-0.13839,0.10681,0.04307,-0.02483,9448,-9719,0.93540,-0.31274,-0.16500,0.32833,0.94142,0.07699,0.13125,-0.12619,0.98328,0.33246,0.33757
0.651330,-0.69033,-0.54377,9.46960,,-0.71428,-0.24528,-0.13461,-0.29131,-0.01818,0.22454,9448,-9719,0.93455,-0.31559,-0.16437,0.33105,0.94051,0.07650,0.13045,-0.12591,0.98343,0.33246,0.34044
0.661806,-0.66939,-0.53450,9.43221,,-0.71428,-0.24528,-0.13461,-0.05506,0.02557,0.19392,9448,-9719,0.93399,-0.31747,-0.16393,0.33285,0.93990,0.07619,0.12989,-0.12572,0.98353,0.33246,0.34234
0.680958,-0.66580,-0.51087,9.40858,,-0.71736,-0.23436,-0.14833,-0.12506,0.02557,0.18079,9448,-9719,0.93447,-0.31398,-0.16786,0.32991,0.94089,0.07668,0.13386,-0.12704,0.98282,0.33246,0.33939
0.691325,-0.68554,-0.54078,9.49622,,-0.71736,-0.23436,-0.14833,0.14181,-0.06193,0.14579,9448,-9719,0.93475,-0.31160,-0.17075,0.32794,0.94155,0.07707,0.13675,-0.12804,0.98230,0.33246,0.33742
0.710404,-0.66939,-0.52373,9.40050,,-0.70616,-0.23324,-0.13937,0.04994,0.01682,0.04079,9448,-9719,0.93492,-0.31107,-0.17074,0.32742,0.94172,0.07715,0.13679,-0.12803,0.98229,0.33246,0.33687
0.729415,-0.68435,-0.52164,9.39422,,-0.71316,-0.23296,-0.14553,0.07619,-0.01818,0.11954,9448,-9719,0.93512,-0.30966,-0.17225,0.32623,0.94212,0.07735,0.13833,-0.12853,0.98201,0.33246,0.33566
0.739771,-0.66401,-0.51206,9.39452,,-0.71316,-0.23296,-0.14553,-0.05506,-0.10131,0.01454,9448,-9719,0.93522,-0.30871,-0.17337,0.32543,0.94239,0.07745,0.13948,-0.12886,0.98181,0.33246,0.33487
0.759601,-0.68136,-0.51805,9.43071,,-0.71540,-0.24276,-0.12929,-0.12506,0.24432,0.04954,9448,-9719,0.93503,-0.31177,-0.16885,0.32786,0.94159,0.07697,0.13499,-0.12732,0.98263,0.33246,0.33724
0.769996,-0.67807,-0.53868,9.38345,,-0.71540,-0.23842,-0.13412,0.06306,0.02994,0.03642,9448,-9719,0.93524,-0.31210,-0.16709,0.32796,0.94155,0.07697,0.13330,-0.12678,0.98293,0.33246,0.33727
0.789048,-0.67537,-0.53898,9.37568,,-0.71596,-0.23408,-0.13895,-0.05506,-0.19318,-0.00296,9448,-9719,0.93572,-0.31054,-0.16730,0.32645,0.94205,0.07725,0.13362,-0.12690,0.98287,0.33246,0.33567
0.799694,-0.68495,-0.53300,9.41516,,-0.71218,-0.23562,-0.13867,0.02369,-0.09256,0.07579,9448,-9719,0.93567,-0.31056,-0.16757,0.32651,0.94203,0.07725,0.13386,-0.12699,0.98283,0.33246,0.33575
0.819565,-0.67178,-0.53659,9.39721,,-0.70840,-0.23716,-0.13839,0.12869,-0.06193,0.02329,9448,-9719,0.93523,-0.31168,-0.16792,0.32765,0.94165,0.07705,0.13410,-0.12708,0.98279,0.33246,0.33698
0.830282,-0.65593,-0.53480,9.41486,,-0.71372,-0.24192,-0.13559,0.00181,0.01682,0.12392,9448,-9719,0.93476,-0.31360,-0.16695,0.32941,0.94106,0.07672,0.13305,-0.12671,0.98298,0.33246,0.33881
0.851509,-0.68734,-0.55454,9.43370,,-0.71372,-0.23716,-0.13671,0.01494,-0.26318,0.16329,9448,-9719,0.93503,-0.31302,-0.16656,0.32881,0.94126,0.07688,0.13271,-0.12665,0.98303,0.33246,0.33815
0.864506,-0.67717,-0.51147,9.39362,,-0.72380,-0.23716,-0.13671,-0.17756,0.08682,-0.02921,9448,-9719,0.93572,-0.31140,-0.16573,0.32710,0.94184,0.07713,0.13207,-0.12638,0.98315,0.33246,0.33629
0.878924,-0.68076,-0.52702,9.39901,,-0.72128,-0.23492,-0.12173,0.17244,-0.04443,0.04079,9448,-9719,0.93713,-0.30987,-0.16056,0.32494,0.94255,0.07751,0.12732,-0.12481,0.98398,0.33246,0.33377
0.893312,-0.66820,-0.52433,9.38525,,-0.71778,-0.23898,-0.13195,0.11556,-0.08381,0.02767,9448,-9719,0.93687,-0.31083,-0.16016,0.32584,0.94226,0.07735,0.12687,-0.12465,0.98406,0.33246,0.33471
0.917956,-0.66281,-0.51685,9.40200,,-0.71428,-0.24304,-0.14217,-0.30881,-0.09693,0.05829,9448,-9719,0.93547,-0.31343,-0.16325,0.32878,0.94128,0.07677,0.12960,-0.12549,0.98359,0.33246,0.33797
0.932137,-0.65324,-0.52343,9.41636,,-0.71624,-0.24360,-0.13839,0.29494,-0.10568,0.14579,9448,-9719,0.93474,-0.31511,-0.16423,0.33055,0.94069,0.07647,0.13039,-0.12577,0.98345,0.33246,0.33990
0.946455,-0.68495,-0.51864,9.35354,,-0.71624,-0.24360,-0.13839,0.01494,0.13057,0.10204,9448,-9719,0.93424,-0.31623,-0.16490,0.33174,0.94029,0.07624,0.13094,-0.12594,0.98336,0.33246,0.34120
0.960816,-0.66820,-0.54855,9.40319,,-0.71960,-0.24024,-0.14763,-0.27381,-0.23693,0.04079,9448,-9719,0.93402,-0.31517,-0.16813,0.33110,0.94050,0.07638,0.13406,-0.12701,0.98280,0.33246,0.34067
0.974992,-0.69511,-0.53539,9.34816,,-0.71960,-0.24024,-0.14763,-0.05506,0.08682,-0.14296,9448,-9719,0.93383,-0.31446,-0.17050,0.33071,0.94063,0.07649,0.13633,-0.12781,0.98238,0.33246,0.34036
0.989350,-0.66700,-0.53360,9.40319,,-0.71232,-0.23800,-0.13419,0.02369,-0.13193,-0.07296,9448,-9719,0.93431,-0.31413,-0.16847,0.33014,0.94082,0.07661,0.13444,-0.12719,0.98273,0.33246,0.33965
1.003146,-0.67059,-0.54437,9.43221,,-0.71120,-0.23856,-0.13244,0.10681,-0.14068,0.04954,9448,-9719,0.93462,-0.31429,-0.16646,0.33004,0.94085,0.07667,0.13252,-0.12659,0.98306,0.33246,0.33946
1.026164,-0.67478,-0.53180,9.46062,,-0.71008,-0.23912,-0.13069,-0.14256,0.12182,0.15454,9448,-9719,0.93480,-0.31479,-0.16452,0.33028,0.94077,0.07660,0.13066,-0.12594,0.98340,0.33246,0.33963
1.038807,-0.65982,-0.51266,9.41935,,-0.71484,-0.23576,-0.12271,0.05869,-0.18443,-0.02046,9448,-9719,0.93603,-0.31329,-0.16029,0.32827,0.94145,0.07692,0.12681,-0.12462,0.98407,0.33246,0.33730
1.051592,-0.66401,-0.55095,9.46541,,-0.71484,-0.23576,-0.12271,-0.00256,0.08682,0.09329,9448,-9719,0.93688,-0.31230,-0.15724,0.32692,0.94190,0.07716,0.12400,-0.12369,0.98454,0.33246,0.33574
1.064354,-0.68345,-0.53539,9.43221,,-0.71652,-0.24276,-0.13657,-0.05069,-0.01381,0.10642,9448,-9719,0.93596,-0.31407,-0.15921,0.32891,0.94123,0.07681,0.12573,-0.12426,0.98425,0.33246,0.33793
1.087399,-0.67777,-0.54855,9.39303,,-0.72408,-0.24500,-0.13335,-0.00256,0.22682,0.11954,9448,-9719,0.93559,-0.31515,-0.15923,0.32998,0.94087,0.07665,0.12566,-0.12425,0.98426,0.33246,0.33907
1.100049,-0.67238,-0.49531,9.44148,,-0.72408,-0.24500,-0.13335,0.07619,0.04307,-0.08171,9448,-9719,0.93534,-0.31590,-0.15920,0.33071,0.94063,0.07647,0.12560,-0.12417,0.98428,0.33246,0.33985
1.113145,-0.68554,-0.51057,9.40768,,-0.72380,-0.24276,-0.13517,-0.17319,-0.03131,0.08892,9448,-9719,0.93537,-0.31554,-0.15975,0.33041,0.94074,0.07647,0.12615,-0.12431,0.98419,0.33246,0.33956
1.136416,-0.67657,-0.50668,9.40499,,-0.70924,-0.23716,-0.13349,0.08494,-0.07068,0.11954,9448,-9719,0.93542,-0.31499,-0.16051,0.32997,0.94089,0.07653,0.12692,-0.12455,0.98406,0.33246,0.33912
1.149194,-0.66999,-0.52822,9.38884,,-0.70924,-0.23716,-0.13349,-0.19506,0.01682,0.04954,9448,-9719,0.93544,-0.31464,-0.16110,0.32969,0.94098,0.07655,0.12750,-0.12472,0.98397,0.33246,0.33885
1.162396,-0.69691,-0.55872,9.43969,,-0.71204,-0.24332,-0.13783,0.14619,0.14807,-0.01171,9448,-9719,0.93457,-0.31641,-0.16270,0.33164,0.94032,0.07628,0.12885,-0.12525,0.98372,0.33246,0.34099
1.176811,-0.66102,-0.53121,9.39003,,-0.71204,-0.24332,-0.13783,0.04119,0.06932,0.17204,9448,-9719,0.93397,-0.31755,-0.16388,0.33290,0.93989,0.07605,0.12988,-0.12559,0.98354,0.33246,0.34240
1.190763,-0.67657,-0.53958,9.39781,,-0.70672,-0.23296,-0.13447,0.13744,-0.00068,-0.07296,9448,-9719,0.93481,-0.31498,-0.16407,0.33041,0.94073,0.07653,0.13024,-0.12575,0.98348,0.33246,0.33975
1.205166,-0.69242,-0.54766,9.43310,,-0.70714,-0.23674,-0.13727,-0.09006,-0.00068,-0.02483,9448,-9719,0.93474,-0.31469,-0.16502,0.33024,0.94078,0.07658,0.13115,-0.12608,0.98331,0.33246,0.33961
1.230506,-0.69452,-0.53001,9.43310,,-0.70756,-0.24052,-0.14007,-0.01131,0.23557,0.04079,9448,-9719,0.93406,-0.31588,-0.16658,0.33161,0.94032,0.07634,0.13252,-0.12654,0.98307,0.33246,0.34114
1.243943,-0.68614,-0.51446,9.42174,,-0.71764,-0.23800,-0.14455,-0.09881,-0.01818,0.06704,9448,-9719,0.93424,-0.31432,-0.16853,0.33033,0.94076,0.07654,0.13449,-0.12718,0.98272,0.33246,0.33986
1.258481,-0.67657,-0.53719,9.39063,,-0.71764,-0.23800,-0.14847,0.02369,0.12182,-0.08171,9448,-9719,0.93410,-0.31325,-0.17125,0.32962,0.94099,0.07669,0.13713,-0.12808,0.98224,0.33246,0.33923
1.272672,-0.68076,-0.51506,9.43310,,-0.71036,-0.23716,-0.14847,-0.13381,0.08682,0.11079,9448,-9719,0.93371,-0.31308,-0.17369,0.32977,0.94095,0.07662,0.13945,-0.12882,0.98182,0.33246,0.33950
1.287092,-0.66700,-0.53659,9.38405,,-0.71036,-0.23996,-0.13517,-0.05506,-0.21068,0.10204,9448,-9719,0.93380,-0.31418,-0.17121,0.33052,0.94069,0.07649,0.13703,-0.12802,0.98226,0.33246,0.34020
1.300247,-0.66820,-0.52104,9.43101,,-0.71232,-0.23996,-0.13517,0.06744,0.11307,-0.00296,9448,-9719,0.93397,-0.31469,-0.16932,0.33078,0.94061,0.07644,0.13521,-0.12740,0.98259,0.33246,0.34038
1.323274,-0.67717,-0.53360,9.46122,,-0.71260,-0.24332,-0.13517,0.10244,-0.11443,-0.04671,9448,-9719,0.93369,-0.31633,-0.16783,0.33220,0.94012,0.07620,0.13368,-0.12690,0.98287,0.33246,0.34183
1.336457,-0.67837,-0.53180,9.44088,,-0.71260,-0.24332,-0.13391,0.14619,-0.07068,0.18954,9448,-9719,0.93359,-0.31741,-0.16633,0.33308,0.93983,0.07606,0.13218,-0.12641,0.98313,0.33246,0.34270
1.350690,-0.64786,-0.51924,9.38226,,-0.71120,-0.23660,-0.13391,0.12869,0.02557,-0.00296,9448,-9719,0.93432,-0.31572,-0.16542,0.33130,0.94043,0.07637,0.13146,-0.12616,0.98326,0.33246,0.34076
1.364847,-0.68913,-0.50847,9.40020,,-0.71652,-0.24164,-0.13755,-0.03756,0.16557,0.01454,9448,-9719,0.93426,-0.31586,-0.16552,0.33145,0.94038,0.07631,0.13155,-0.12615,0.98325,0.33246,0.34092
1.379562,-0.66042,-0.54796,9.35115,,-0.71652,-0.24164,-0.13755,0.09369,-0.08818,-0.02921,9448,-9719,0.93421,-0.31595,-0.16562,0.33155,0.94034,0.07634,0.13162,-0.12622,0.98323,0.33246,0.34103
1.393736,-0.66849,-0.54855,9.44537,,-0.70728,-0.23296,-0.14371,0.08056,-0.09256,-0.02046,9448,-9719,0.93448,-0.31374,-0.16827,0.32972,0.94096,0.07671,0.13427,-0.12717,0.98275,0.33246,0.33920
1.418178,-0.66102,-0.52403,9.41935,,-0.71512,-0.23128,-0.13027,0.04119,-0.05318,-0.15171,9448,-9719,0.93598,-0.31072,-0.16550,0.32640,0.94207,0.07729,0.13190,-0.12636,0.98318,0.33246,0.33554
1.431865,-0.67418,-0.51805,9.39542,,-0.71512,-0.23128,-0.13027,-0.01131,-0.26318,-0.06421,9448,-9719,0.93701,-0.30871,-0.16344,0.32417,0.94281,0.07766,0.13012,-0.12575,0.98349,0.33246,0.33307
1.445793,-0.69870,-0.52044,9.43131,,-0.70896,-0.24556,-0.13083,-0.02881,0.06057,0.16329,9448,-9719,0.93552,-0.31377,-0.16232,0.32900,0.94120,0.07679,0.12868,-0.12524,0.98375,0.33246,0.33816
1.460391,-0.69033,-0.54138,9.35354,,-0.70896,-0.24556,-0.13083,0.15494,-0.01818,-0.09046,9448,-9719,0.93451,-0.31718,-0.16149,0.33226,0.94010,0.07628,0.12763,-0.12494,0.98392,0.33246,0.34160
1.474800,-0.67717,-0.51087,9.39482,,-0.71540,-0.24024,-0.13769,-0.03756,-0.14943,0.13704,9448,-9719,0.93455,-0.31645,-0.16272,0.33168,0.94030,0.07635,0.12884,-0.12533,0.98371,0.33246,0.34105
1.488886,-0.68016,-0.52164,9.40140,,-0.71540,-0.24024,-0.13769,0.01494,0.03432,0.20704,9448,-9719,0.93456,-0.31593,-0.16365,0.33130,0.94043,0.07642,0.12976,-0.12563,0.98355,0.33246,0.34067
1.502694,-0.66849,-0.53719,9.41217,,-0.71848,-0.23604,-0.13475,0.06744,-0.07506,0.13704,9448,-9719,0.93542,-0.31357,-0.16329,0.32893,0.94122,0.07685,0.12959,-0.12560,0.98358,0.33246,0.33813
1.525903,-0.67537,-0.54317,9.41755,,-0.71596,-0.23744,-0.12971,-0.12506,0.02557,0.22454,9448,-9719,0.93594,-0.31291,-0.16156,0.32807,0.94151,0.07700,0.12802,-0.12507,0.98385,0.33246,0.33714
1.538560,-0.65743,-0.53180,9.46302,,-0.71596,-0.23744,-0.12971,0.18119,0.09557,-0.04671,9448,-9719,0.93628,-0.31251,-0.16034,0.32752,0.94169,0.07709,0.12690,-0.12469,0.98405,0.33246,0.33651
1.551451,-0.64965,-0.52642,9.41157,,-0.71176,-0.24640,-0.12957,0.31244,-0.05318,0.16329,9448,-9719,0.93516,-0.31628,-0.15954,0.33113,0.94048,0.07647,0.12586,-0.12434,0.98423,0.33246,0.34031
1.564359,-0.68315,-0.52881,9.42323,,-0.71372,-0.24080,-0.13517,-0.17756,0.02994,0.06704,9448,-9719,0.93496,-0.31633,-0.16060,0.33130,0.94043,0.07640,0.12686,-0.12463,0.98406,0.33246,0.34055
1.588489,-0.67418,-0.51685,9.37628,,-0.71568,-0.23520,-0.14077,-0.05506,0.13057,0.00579,9448,-9719,0.93535,-0.31388,-0.16313,0.32920,0.94114,0.07674,0.12944,-0.12549,0.98362,0.33246,0.33842
1.602108,-0.67837,-0.52822,9.34278,,-0.71512,-0.23492,-0.13685,0.25994,0.02557,-0.05546,9448,-9719,0.93579,-0.31221,-0.16379,0.32765,0.94165,0.07704,0.13018,-0.12576,0.98348,0.33246,0.33679
1.616026,-0.68255,-0.57667,9.40319,,-0.71512,-0.23492,-0.13685,-0.31756,0.22682,0.07579,9448,-9719,0.93607,-0.31108,-0.16431,0.32661,0.94200,0.07725,0.13075,-0.12598,0.98338,0.33246,0.33571
1.630275,-0.68375,-0.55454,9.40379,,-0.71064,-0.23716,-0.14147,-0.02881,-0.08818,0.19829,9448,-9719,0.93550,-0.31172,-0.16636,0.32750,0.94170,0.07713,0.13262,-0.12664,0.98304,0.33246,0.33675
1.643687,-0.68345,-0.53420,9.43251,,-0.71288,-0.23744,-0.13517,-0.01131,-0.17131,0.08454,9448,-9719,0.93552,-0.31201,-0.16568,0.32770,0.94163,0.07710,0.13195,-0.12643,0.98316,0.33246,0.33693
1.667878,-0.68973,-0.49352,9.38764,,-0.71512,-0.23772,-0.12887,-0.16006,-0.13193,0.12829,9448,-9719,0.93596,-0.31210,-0.16303,0.32744,0.94172,0.07708,0.12947,-0.12553,0.98361,0.33246,0.33654
1.681504,-0.68076,-0.51924,9.37747,,-0.71176,-0.23940,-0.12663,0.15494,-0.01818,0.11079,9448,-9719,0.93599,-0.31328,-0.16058,0.32830,0.94143,0.07694,0.12708,-0.12473,0.98402,0.33246,0.33735
1.696109,-0.68375,-0.54736,9.38226,,-0.71400,-0.23772,-0.12901,0.17244,0.04307,0.11079,9448,-9719,0.93623,-0.31312,-0.15946,0.32801,0.94153,0.07702,0.12602,-0.12442,0.98420,0.33246,0.33699
1.710732,-0.68375,-0.54855,9.41695,,-0.71400,-0.23772,-0.12901,-0.04631,-0.05318,0.01454,9448,-9719,0.93640,-0.31304,-0.15862,0.32783,0.94159,0.07707,0.12522,-0.12417,0.98433,0.33246,0.33676
1.725137,-0.69093,-0.51386,9.62333,,-0.71400,-0.24192,-0.12761,-0.03756,-0.00943,0.04079,9448,-9719,0.93605,-0.31465,-0.15751,0.32927,0.94111,0.07678,0.12407,-0.12373,0.98453,0.33246,0.33824
1.739312,-0.64905,-0.51984,9.41815,,-0.71400,-0.24192,-0.12761,-0.04631,0.08682,0.11079,9448,-9719,0.93582,-0.31571,-0.15675,0.33022,0.94079,0.07658,0.12329,-0.12342,0.98467,0.33246,0.33922
1.753598,-0.65683,-0.51625,9.37508,,-0.70868,-0.23520,-0.13013,0.19869,0.04307,0.18954,9448,-9719,0.93615,-0.31444,-0.15733,0.32904,0.94119,0.07676,0.12394,-0.12363,0.98456,0.33246,0.33800
1.767579,-0.67358,-0.53629,9.40409,,-0.70952,-0.23716,-0.13559,-0.07256,-0.00943,0.04517,9448,-9719,0.93586,-0.31424,-0.15942,0.32909,0.94117,0.07674,0.12593,-0.12428,0.98422,0.33246,0.33814
1.790623,-0.67896,-0.53300,9.48874,,-0.71036,-0.23912,-0.14105,-0.20381,-0.27193,-0.17796,9448,-9719,0.93515,-0.31473,-0.16259,0.32998,0.94088,0.07658,0.12888,-0.12527,0.98372,0.33246,0.33922
1.803253,-0.68554,-0.51805,9.46122,,-0.71176,-0.23352,-0.13937,-0.10756,-0.13193,0.06704,9448,-9719,0.93555,-0.31264,-0.16435,0.32813,0.94150,0.07689,0.13070,-0.12586,0.98340,0.33246,0.33733
1.816051,-0.68883,-0.53091,9.41725,,-0.71344,-0.23170,-0.13475,0.06744,0.04307,-0.02483,9448,-9719,0.93635,-0.31034,-0.16414,0.32585,0.94226,0.07731,0.13067,-0.12587,0.98340,0.33246,0.33489
1.838912,-0.67896,-0.55573,9.36192,,-0.71512,-0.22988,-0.13013,-0.00256,0.22682,0.14579,9448,-9719,0.93745,-0.30789,-0.16248,0.32323,0.94312,0.07778,0.12929,-0.12544,0.98364,0.33246,0.33204
1.851550,-0.67956,-0.52403,9.39482,,-0.71092,-0.23380,-0.12803,-0.09006,-0.18443,0.16329,9448,-9719,0.93759,-0.30836,-0.16074,0.32348,0.94304,0.07771,0.12762,-0.12485,0.98393,0.33246,0.33222
1.864456,-0.68913,-0.52343,9.39362,,-0.71092,-0.23380,-0.12803,0.04119,0.13932,-0.04671,9448,-9719,0.93769,-0.30873,-0.15947,0.32368,0.94298,0.07765,0.12641,-0.12443,0.98414,0.33246,0.33238
1.877289,-0.68554,-0.52283,9.45614,,-0.71092,-0.23884,-0.14385,-0.05506,-0.15381,-0.07733,9448,-9719,0.93629,-0.31084,-0.16351,0.32626,0.94213,0.07717,0.13006,-0.12560,0.98352,0.33246,0.33530
1.900169,-0.67238,-0.52822,9.45344,,-0.71092,-0.23884,-0.10801,-0.17756,0.06932,0.04079,9448,-9719,0.93718,-0.31250,-0.15503,0.32683,0.94194,0.07704,0.12195,-0.12287,0.98490,0.33246,0.33555
1.912792,-0.68794,-0.51446,9.43430,,-0.70644,-0.23380,-0.13041,0.00619,-0.00943,0.12829,9448,-9719,0.93712,-0.31207,-0.15626,0.32656,0.94203,0.07706,0.12315,-0.12325,0.98470,0.33246,0.33531
1.925792,-0.67178,-0.50369,9.47797,,-0.70644,-0.23380,-0.13741,-0.16006,-0.06193,0.08454,9448,-9719,0.93670,-0.31172,-0.15943,0.32660,0.94202,0.07698,0.12619,-0.12418,0.98420,0.33246,0.33549
1.939055,-0.68166,-0.53839,9.43789,,-0.71932,-0.23828,-0.13741,0.05869,0.05619,-0.04233,9448,-9719,0.93648,-0.31158,-0.16100,0.32666,0.94200,0.07699,0.12767,-0.12469,0.98395,0.33246,0.33562
1.962595,-0.67238,-0.53659,9.42234,,-0.71652,-0.24052,-0.15295,0.19869,0.06057,-0.02921,9448,-9719,0.93507,-0.31256,-0.16719,0.32839,0.94142,0.07669,0.13342,-0.12662,0.98294,0.33246,0.33774
1.975714,-0.66580,-0.52762,9.41576,,-0.71652,-0.24052,-0.15295,-0.01131,0.03432,0.00579,9448,-9719,0.93405,-0.31315,-0.17172,0.32955,0.94104,0.07646,0.13765,-0.12801,0.98217,0.33246,0.33918
1.989699,-0.66999,-0.56530,9.43071,,-0.71456,-0.24024,-0.13545,-0.09006,-0.01818,-0.02046,9448,-9719,0.93421,-0.31381,-0.16965,0.32994,0.94090,0.07644,0.13564,-0.12738,0.98254,0.33246,0.33951
2.003953,-0.63829,-0.53480,9.40439,,-0.70952,-0.24080,-0.12747,-0.15131,-0.10568,0.02329,9448,-9719,0.93441,-0.31522,-0.16587,0.33085,0.94060,0.07626,0.13198,-0.12614,0.98319,0.33246,0.34030
2.017728,-0.66580,-0.53300,9.43281,,-0.70952,-0.24080,-0.12789,0.04119,-0.04443,-0.06858,9448,-9719,0.93455,-0.31621,-0.16319,0.33148,0.94038,0.07618,0.12937,-0.12528,0.98365,0.33246,0.34085
2.041764,-0.67418,-0.54796,9.39183,,-0.71204,-0.24892,-0.12831,0.01494,0.02557,-0.02921,9448,-9719,0.93371,-0.31971,-0.16114,0.33468,0.93929,0.07566,0.12716,-0.12458,0.98403,0.33246,0.34417
2.055401,-0.67478,-0.54018,9.34517,,-0.71792,-0.23352,-0.13643,0.03244,-0.07068,0.04079,9448,-9719,0.93509,-0.31521,-0.16200,0.33037,0.94075,0.07646,0.12830,-0.12502,0.98382,0.33246,0.33961
2.069953,-0.67298,-0.54197,9.38944,,-0.71792,-0.23352,-0.13643,-0.25631,-0.08818,0.00579,9448,-9719,0.93598,-0.31222,-0.16266,0.32750,0.94171,0.07696,0.12915,-0.12531,0.98368,0.33246,0.33659
2.083895,-0.69571,-0.52164,9.44327,,-0.71344,-0.24108,-0.12999,-0.03756,0.06057,0.20704,9448,-9719,0.93571,-0.31376,-0.16127,0.32885,0.94126,0.07672,0.12772,-0.12482,0.98392,0.33246,0.33796
2.098424,-0.68495,-0.55454,9.46960,,-0.71344,-0.24108,-0.12999,0.14619,0.03432,0.15454,9448,-9719,0.93553,-0.31481,-0.16028,0.32976,0.94095,0.07660,0.12670,-0.12452,0.98409,0.33246,0.33889
2.112808,-0.67597,-0.53839,9.43610,,-0.70896,-0.23884,-0.13727,-0.18631,0.02557,-0.00296,9448,-9719,0.93508,-0.31519,-0.16214,0.33036,0.94075,0.07649,0.12842,-0.12509,0.98380,0.33246,0.33961
2.126727,-0.67418,-0.54616,9.43370,,-0.70868,-0.24178,-0.12929,-0.12069,-0.06631,0.01017,9448,-9719,0.93478,-0.31668,-0.16092,0.33169,0.94030,0.07628,0.12716,-0.12468,0.98402,0.33246,0.34097
2.150947,-0.66281,-0.52044,9.40858,,-0.70840,-0.24472,-0.12131,0.02369,0.06932,-0.09921,9448,-9719,0.93459,-0.31897,-0.15747,0.33350,0.93968,0.07597,0.12374,-0.12351,0.98460,0.33246,0.34276
2.163734,-0.65264,-0.57428,9.41576,,-0.71092,-0.24192,-0.12943,0.25994,-0.07943,0.07579,9448,-9719,0.93459,-0.31898,-0.15746,0.33353,0.93967,0.07605,0.12370,-0.12360,0.98459,0.33246,0.34278
2.177183,-0.71067,-0.52164,9.38884,,-0.71092,-0.24192,-0.12943,0.10244,0.20932,0.08454,9448,-9719,0.93460,-0.31900,-0.15736,0.33354,0.93966,0.07606,0.12360,-0.12358,0.98461,0.33246,0.34279
2.191713,-0.68674,-0.55095,9.42892,,-0.71512,-0.24584,-0.12691,0.07619,-0.14068,-0.02046,9448,-9719,0.93444,-0.32003,-0.15623,0.33441,0.93936,0.07598,0.12244,-0.12324,0.98479,0.33246,0.34368
2.205539,-0.68644,-0.52403,9.39572,,-0.71106,-0.24234,-0.13041,0.12431,-0.04881,0.05392,9448,-9719,0.93441,-0.31984,-0.15675,0.33430,0.93939,0.07603,0.12294,-0.12344,0.98471,0.33246,0.34358
2.230161,-0.67956,-0.52283,9.42952,,-0.70700,-0.23884,-0.13391,0.40869,-0.04443,-0.08171,9448,-9719,0.93444,-0.31887,-0.15855,0.33357,0.93964,0.07619,0.12469,-0.12408,0.98441,0.33246,0.34287
2.243717,-0.68136,-0.50728,9.43550,,-0.71512,-0.24136,-0.14105,0.17244,-0.01818,-0.02921,9448,-9719,0.93419,-0.31806,-0.16164,0.33316,0.93978,0.07624,0.12765,-0.12508,0.98390,0.33246,0.34257
2.257819,-0.67956,-0.53599,9.37388,,-0.71512,-0.24136,-0.14791,-0.00256,0.13932,0.04954,9448,-9719,0.93362,-0.31743,-0.16610,0.33310,0.93980,0.07627,0.13189,-0.12653,0.98315,0.33246,0.34270
2.271833,-0.67717,-0.52343,9.40080,,-0.71288,-0.23996,-0.14791,0.03244,-0.07068,-0.02921,9448,-9719,0.93325,-0.31672,-0.16951,0.33283,0.93989,0.07632,0.13515,-0.12765,0.98257,0.33246,0.34258
2.285031,-0.66760,-0.53180,9.47259,,-0.71288,-0.23996,-0.13335,0.01494,0.01682,0.17204,9448,-9719,0.93376,-0.31632,-0.16743,0.33217,0.94012,0.07644,0.13323,-0.12699,0.98292,0.33246,0.34178
2.297994,-0.67687,-0.51745,9.40768,,-0.71288,-0.23632,-0.13335,0.09806,0.16557,-0.09046,9448,-9719,0.93457,-0.31469,-0.16596,0.33038,0.94072,0.07674,0.13197,-0.12655,0.98314,0.33246,0.33980
2.321276,-0.67119,-0.53480,9.42892,,-0.71120,-0.24052,-0.13937,-0.01131,-0.08818,-0.02046,9448,-9719,0.93418,-0.31540,-0.16683,0.33120,0.94045,0.07660,0.13273,-0.12681,0.98301,0.33246,0.34071
2.334336,-0.67298,-0.54317,9.46660,,-0.71120,-0.24052,-0.10353,0.02369,-0.02693,-0.09921,9448,-9719,0.93578,-0.31620,-0.15597,0.33063,0.94064,0.07672,0.12245,-0.12336,0.98478,0.33246,0.33963
2.348330,-0.66760,-0.51206,9.36790,,-0.71568,-0.24472,-0.12831,0.08494,0.08682,0.04079,9448,-9719,0.93534,-0.31764,-0.15568,0.33201,0.94017,0.07646,0.12208,-0.12320,0.98484,0.33246,0.34108
2.361205,-0.67627,-0.54975,9.41396,,-0.71176,-0.23842,-0.13335,-0.07694,0.00369,0.00142,9448,-9719,0.93541,-0.31662,-0.15735,0.33121,0.94044,0.07661,0.12372,-0.12378,0.98457,0.33246,0.34031
2.384176,-0.68853,-0.54197,9.47797,,-0.70784,-0.23212,-0.13839,-0.10756,0.00807,-0.19546,9448,-9719,0.93579,-0.31394,-0.16046,0.32896,0.94120,0.07702,0.12685,-0.12486,0.98403,0.33246,0.33804
2.396904,-0.67298,-0.52403,9.46720,,-0.70784,-0.23436,-0.13237,0.06744,-0.07068,0.06704,9448,-9719,0.93604,-0.31301,-0.16081,0.32809,0.94149,0.07715,0.12725,-0.12498,0.98397,0.33246,0.33713
2.409759,-0.68345,-0.53719,9.40977,,-0.71162,-0.23898,-0.13286,-0.01569,0.03432,0.04079,9448,-9719,0.93577,-0.31372,-0.16097,0.32881,0.94125,0.07703,0.12734,-0.12501,0.98395,0.33246,0.33790
2.432647,-0.68435,-0.53599,9.48993,,-0.71540,-0.24360,-0.13335,0.19869,-0.00068,0.04954,9448,-9719,0.93517,-0.31550,-0.16098,0.33056,0.94066,0.07674,0.12722,-0.12498,0.98397,0.33246,0.33977
2.445601,-0.69033,-0.53180,9.39422,,-0.71372,-0.24388,-0.12901,-0.17756,0.05182,0.11079,9448,-9719,0.93487,-0.31705,-0.15967,0.33192,0.94020,0.07649,0.12587,-0.12451,0.98420,0.33246,0.34116
2.459877,-0.68435,-0.51625,9.40319,,-0.71372,-0.24388,-0.12901,-0.12506,0.13057,-0.02046,9448,-9719,0.93467,-0.31812,-0.15871,0.33285,0.93989,0.07631,0.12490,-0.12415,0.98437,0.33246,0.34211
2.473291,-0.67657,-0.51446,9.44387,,-0.71092,-0.24416,-0.13895,0.03244,-0.03568,-0.04671,9448,-9719,0.93385,-0.31922,-0.16132,0.33426,0.93941,0.07606,0.12727,-0.12495,0.98397,0.33246,0.34373
2.487164,-0.66401,-0.51864,9.44148,,-0.71092,-0.24416,-0.13895,0.04994,-0.16693,0.08454,9448,-9719,0.93328,-0.31991,-0.16323,0.33518,0.93909,0.07589,0.12901,-0.12554,0.98367,0.33246,0.34480
2.501259,-0.68046,-0.53121,9.40589,,-0.71568,-0.23996,-0.13909,0.00181,-0.07068,0.03642,9448,-9719,0.93369,-0.31811,-0.16441,0.33356,0.93964,0.07620,0.13025,-0.12599,0.98344,0.33246,0.34312
2.525168,-0.53659,-0.52283,9.45643,,-0.70980,-0.23940,-0.14469,-0.04631,0.06057,-0.04671,9448,-9719,0.93336,-0.31738,-0.16767,0.33324,0.93976,0.07617,0.13339,-0.12697,0.98290,0.33246,0.34292
2.538615,-0.65145,-0.52044,9.43430,,-0.70980,-0.23940,-0.14469,-0.14256,-0.07068,0.08454,9448,-9719,0.93314,-0.31686,-0.16987,0.33300,0.93984,0.07618,0.13551,-0.12766,0.98252,0.33246,0.34278
2.551966,-0.67777,-0.52582,9.36790,,-0.71176,-0.24472,-0.13811,0.12869,0.06057,-0.08171,9448,-9719,0.93273,-0.31840,-0.16921,0.33444,0.93935,0.07595,0.13476,-0.12743,0.98265,0.33246,0.34428
2.565424,-0.67119,-0.53958,9.43370,,-0.71176,-0.24472,-0.13433,-0.23006,-0.09693,-0.11671,9448,-9719,0.93267,-0.31949,-0.16750,0.33529,0.93906,0.07580,0.13307,-0.12686,0.98295,0.33246,0.34511
2.579096,-0.68195,-0.52493,9.37657,,-0.71932,-0.23996,-0.13433,0.02806,0.06494,-0.01171,9448,-9719,0.93368,-0.31738,-0.16587,0.33301,0.93984,0.07624,0.13170,-0.12642,0.98320,0.33246,0.34260
2.602885,-0.68674,-0.52941,9.42353,,-0.71428,-0.24276,-0.14035,-0.05506,-0.08818,-0.08171,9448,-9719,0.93341,-0.31767,-0.16682,0.33343,0.93969,0.07618,0.13256,-0.12673,0.98304,0.33246,0.34309
2.616533,-0.66102,-0.53958,9.39542,,-0.71428,-0.24276,-0.13349,0.05869,-0.01818,-0.02046,9448,-9719,0.93358,-0.31791,-0.16539,0.33348,0.93967,0.07620,0.13119,-0.12629,0.98328,0.33246,0.34308
2.630811,-0.67717,-0.52343,9.48276,,-0.71232,-0.24276,-0.13349,0.13744,-0.27193,-0.09921,9448,-9719,0.93361,-0.31835,-0.16439,0.33379,0.93956,0.07616,0.13021,-0.12598,0.98345,0.33246,0.34337
2.645582,-0.69870,-0.52343,9.46601,,-0.70448,-0.23520,-0.12971,-0.06381,-0.11443,0.06704,9448,-9719,0.93442,-0.31673,-0.16294,0.33201,0.94017,0.07648,0.12897,-0.12556,0.98367,0.33246,0.34140
2.659889,-0.68435,-0.53360,9.42294,,-0.70448,-0.23520,-0.12971,0.01494,-0.26318,0.03204,9448,-9719,0.93496,-0.31565,-0.16189,0.33083,0.94057,0.07671,0.12806,-0.12528,0.98382,0.33246,0.34009
2.673742,-0.67687,-0.52672,9.41665,,-0.71764,-0.24192,-0.12943,0.01931,-0.03568,0.10642,9448,-9719,0.93517,-0.31585,-0.16027,0.33082,0.94057,0.07671,0.12652,-0.12476,0.98409,0.33246,0.34002
2.697043,-0.69392,-0.51506,9.46361,,-0.71428,-0.23884,-0.12481,-0.05506,0.18307,0.04954,9448,-9719,0.93578,-0.31530,-0.15784,0.32997,0.94086,0.07682,0.12428,-0.12397,0.98447,0.33246,0.33900
2.709731,-0.66401,-0.54377,9.44985,,-0.71428,-0.23884,-0.12481,-0.05506,0.07807,0.11954,9448,-9719,0.93619,-0.31492,-0.15610,0.32939,0.94106,0.07692,0.12268,-0.12343,0.98474,0.33246,0.33831
2.722532,-0.66820,-0.55454,9.45404,,-0.71596,-0.24444,-0.13223,0.21619,0.02557,0.16329,9448,-9719,0.93547,-0.31658,-0.15704,0.33114,0.94046,0.07666,0.12342,-0.12372,0.98461,0.33246,0.34022
2.735441,-0.65593,-0.52463,9.41097,,-0.71596,-0.24444,-0.12572,0.05431,-0.03131,0.03642,9448,-9719,0.93531,-0.31776,-0.15564,0.33212,0.94013,0.07648,0.12202,-0.12322,0.98485,0.33246,0.34120
2.758954,-0.69452,-0.51625,9.39243,,-0.71652,-0.23828,-0.11921,0.11994,0.06057,0.18954,9448,-9719,0.93638,-0.31612,-0.15250,0.33012,0.94081,0.07680,0.11920,-0.12226,0.98531,0.33246,0.33894
2.771606,-0.66162,-0.53300,9.44686,,-0.71652,-0.23828,-0.13671,-0.11631,0.13932,0.20704,9448,-9719,0.93624,-0.31490,-0.15585,0.32933,0.94108,0.07690,0.12245,-0.12333,0.98478,0.33246,0.33824
2.784507,-0.66670,-0.53390,9.41785,,-0.71960,-0.24024,-0.13671,-0.07256,-0.00943,-0.02921,9448,-9719,0.93601,-0.31447,-0.15810,0.32918,0.94113,0.07692,0.12460,-0.12404,0.98442,0.33246,0.33818
2.807385,-0.70289,-0.52522,9.39422,,-0.71708,-0.23912,-0.13153,0.13744,0.14807,0.02329,9448,-9719,0.93612,-0.31408,-0.15822,0.32882,0.94125,0.07699,0.12474,-0.12410,0.98440,0.33246,0.33780
2.820027,-0.68315,-0.52642,9.43969,,-0.71708,-0.23912,-0.13153,0.10244,0.15682,0.04079,9448,-9719,0.93619,-0.31382,-0.15835,0.32857,0.94133,0.07702,0.12489,-0.12413,0.98437,0.33246,0.33754
2.832798,-0.68495,-0.53779,9.36311,,-0.71932,-0.23884,-0.12579,-0.01131,-0.01818,-0.09921,9448,-9719,0.93667,-0.31331,-0.15648,0.32784,0.94158,0.07716,0.12316,-0.12357,0.98466,0.33246,0.33668
2.845656,-0.69003,-0.52074,9.42054,,-0.71764,-0.24038,-0.12649,0.01931,0.13932,0.04079,9448,-9719,0.93669,-0.31378,-0.15542,0.32817,0.94147,0.07708,0.12214,-0.12320,0.98484,0.33246,0.33699
2.869774,-0.67777,-0.54975,9.38585,,-0.71596,-0.24192,-0.12719,0.08494,0.00807,0.00579,9448,-9719,0.93639,-0.31491,-0.15495,0.32923,0.94111,0.07693,0.12160,-0.12305,0.98492,0.33246,0.33810
2.883602,-0.68853,-0.50907,9.40020,,-0.71568,-0.24696,-0.12649,-0.13381,0.09557,0.03204,9448,-9719,0.93556,-0.31768,-0.15431,0.33188,0.94022,0.07645,0.12080,-0.12273,0.98506,0.33246,0.34089
2.898098,-0.67418,-0.51565,9.44447,,-0.71568,-0.23856,-0.12985,0.22494,-0.17568,-0.08171,9448,-9719,0.93593,-0.31624,-0.15497,0.33054,0.94067,0.07668,0.12153,-0.12299,0.98494,0.33246,0.33949
2.912837,-0.68375,-0.52941,9.46122,,-0.71624,-0.23856,-0.12985,-0.09006,0.13057,0.05829,9448,-9719,0.93621,-0.31519,-0.15546,0.32956,0.94100,0.07682,0.12207,-0.12315,0.98485,0.33246,0.33847
2.927216,-0.68016,-0.54317,9.43550,,-0.71736,-0.24668,-0.14679,0.11994,0.05182,-0.00296,9448,-9719,0.93453,-0.31735,-0.16104,0.33238,0.94005,0.07636,0.12715,-0.12489,0.98399,0.33246,0.34172
2.942029,-0.66820,-0.51745,9.43789,,-0.71736,-0.24668,-0.14679,-0.00256,-0.00943,0.03204,9448,-9719,0.93335,-0.31874,-0.16511,0.33425,0.93941,0.07601,0.13088,-0.12613,0.98334,0.33246,0.34389
2.957007,-0.68554,-0.53300,9.40200,,-0.70448,-0.24304,-0.12831,-0.09881,0.17432,0.23329,9448,-9719,0.93327,-0.32006,-0.16300,0.33529,0.93906,0.07583,0.12880,-0.12542,0.98371,0.33246,0.34490
2.971186,-0.67717,-0.54018,9.42114,,-0.70448,-0.24304,-0.12831,-0.06381,-0.03568,0.13704,9448,-9719,0.93323,-0.32097,-0.16144,0.33600,0.93881,0.07573,0.12725,-0.12492,0.98397,0.33246,0.34559
2.985300,-0.66760,-0.53180,9.45733,,-0.71008,-0.23996,-0.12859,-0.03319,0.06932,0.11079,9448,-9719,0.93391,-0.31963,-0.16013,0.33451,0.93932,0.07599,0.12613,-0.12453,0.98417,0.33246,0.34394
3.010597,-0.67717,-0.53061,9.41576,,-0.71652,-0.23744,-0.14497,-0.13381,0.20057,-0.04671,9448,-9719,0.93419,-0.31683,-0.16404,0.33224,0.94010,0.07638,0.13001,-0.12586,0.98349,0.33246,0.34169
3.024177,-0.68913,-0.53180,9.44327,,-0.71652,-0.23744,-0.14497,-0.16006,-0.23693,0.03204,9448,-9719,0.93434,-0.31491,-0.16684,0.33071,0.94061,0.07667,0.13279,-0.12681,0.98300,0.33246,0.34019
3.038595,-0.69033,-0.54616,9.43610,,-0.71176,-0.24192,-0.13223,0.07619,-0.22818,0.23329,9448,-9719,0.93427,-0.31604,-0.16510,0.33161,0.94030,0.07656,0.13105,-0.12628,0.98330,0.33246,0.34107
3.053127,-0.68076,-0.54018,9.44268,,-0.74760,-0.23660,-0.12747,0.22494,-0.01818,-0.09921,9448,-9719,0.93696,-0.31038,-0.16053,0.32547,0.94236,0.07766,0.12717,-0.12501,0.98397,0.33246,0.33433
3.067331,-0.66999,-0.52223,9.40678,,-0.71456,-0.23660,-0.12747,0.01494,0.20932,0.00579,9448,-9719,0.93712,-0.31070,-0.15895,0.32559,0.94232,0.07759,0.12568,-0.12446,0.98423,0.33246,0.33439
3.081378,-0.68016,-0.54915,9.39362,,-0.71904,-0.24136,-0.13993,-0.10756,0.12182,0.07579,9448,-9719,0.93623,-0.31210,-0.16144,0.32728,0.94176,0.07730,0.12791,-0.12520,0.98385,0.33246,0.33629
3.095276,-0.66999,-0.52642,9.41127,,-0.71932,-0.24234,-0.13979,0.23369,-0.01818,0.10642,9448,-9719,0.93552,-0.31333,-0.16318,0.32870,0.94128,0.07706,0.12945,-0.12573,0.98358,0.33246,0.33788
3.120227,-0.67956,-0.51506,9.40260,,-0.71960,-0.24332,-0.13965,0.18994,-0.07943,0.11954,9448,-9719,0.93493,-0.31450,-0.16434,0.32999,0.94085,0.07682,0.13046,-0.12605,0.98341,0.33246,0.33931
3.133793,-0.68853,-0.52941,9.40379,,-0.71680,-0.24500,-0.13993,-0.02881,-0.02693,-0.02921,9448,-9719,0.93413,-0.31630,-0.16541,0.33191,0.94021,0.07648,0.13133,-0.12634,0.98326,0.33246,0.34140
3.148263,-0.64008,-0.54437,9.35534,,-0.71680,-0.24500,-0.13993,0.00619,-0.26318,-0.15171,9448,-9719,0.93357,-0.31750,-0.16624,0.33319,0.93977,0.07628,0.13201,-0.12660,0.98313,0.33246,0.34281
3.159473,-0.66431,-0.53749,9.45255,,-0.71456,-0.24612,-0.13902,-0.08131,0.02119,0.08017,9448,-9719,0.93298,-0.31901,-0.16666,0.33472,0.93925,0.07601,0.13229,-0.12670,0.98308,0.33246,0.34446
3.178676,-0.67418,-0.51805,9.37209,,-0.71232,-0.24724,-0.13811,0.11119,0.00807,0.20704,9448,-9719,0.93237,-0.32073,-0.16677,0.33644,0.93866,0.07571,0.13226,-0.12669,0.98309,0.33246,0.34630
3.188994,-0.68225,-0.52343,9.31316,,-0.71764,-0.23800,-0.13979,0.11119,-0.03568,-0.02921,9448,-9719,0.93337,-0.31762,-0.16715,0.33343,0.93968,0.07629,0.13283,-0.12693,0.98298,0.33246,0.34310
3.208981,-0.66999,-0.54197,9.35115,,-0.71764,-0.23800,-0.13979,0.05869,-0.14068,0.12829,9448,-9719,0.93403,-0.31551,-0.16746,0.33140,0.94037,0.07669,0.13328,-0.12712,0.98289,0.33246,0.34095
3.219524,-0.66311,-0.53240,9.42443,,-0.70980,-0.24276,-0.13405,0.10244,0.02119,-0.01171,9448,-9719,0.93371,-0.31705,-0.16630,0.33277,0.93991,0.07645,0.13207,-0.12672,0.98311,0.33246,0.34236
3.238731,-0.64187,-0.54317,9.41516,,-0.71624,-0.23772,-0.13965,0.10681,0.02557,0.13704,9448,-9719,0.93423,-0.31519,-0.16695,0.33102,0.94049,0.07677,0.13282,-0.12699,0.98297,0.33246,0.34052
3.257919,-0.66221,-0.51685,9.42054,,-0.71624,-0.23772,-0.13965,0.01494,0.26182,-0.02921,9448,-9719,0.93455,-0.31398,-0.16742,0.32989,0.94088,0.07694,0.13336,-0.12713,0.98288,0.33246,0.33934
