0.000004,-0.79262,-0.48096,9.45225,,-0.50372,0.49546,-0.01190,-0.01463,-0.01072,-0.04469,5091,-5218,0.70793,0.69986,0.09498,-0.70133,0.71248,-0.02256,-0.08345,-0.05064,0.99522,5.50247,5.50247
0.000004,-0.78963,-0.46620,9.38485,,-0.50503,0.49117,-0.01955,0.01162,0.01553,0.02531,5091,-5218,0.71208,0.70000,0.05413,-0.69999,0.71380,-0.02245,-0.05436,-0.02190,0.99828,5.50247,5.50635
0.021881,-0.78485,-0.47976,9.40918,,-0.50344,0.49490,-0.01498,-0.13713,0.03303,0.07781,5091,-5218,0.71297,0.70095,0.01842,-0.70060,0.71320,-0.02248,-0.02889,0.00312,0.99958,5.50247,5.50654
0.036680,-0.81775,-0.59880,9.42174,,-0.50344,0.49490,-0.01498,0.01162,-0.05447,0.13031,5091,-5218,0.71308,0.70108,-0.00018,-0.70091,0.71290,-0.02246,-0.01562,0.01614,0.99975,5.50247,5.50639
0.051508,-0.62931,-0.32542,9.42712,,-0.50260,0.49518,-0.01666,0.00287,0.05928,0.06906,5091,-5218,0.71265,0.70143,-0.01113,-0.70148,0.71234,-0.02244,-0.00782,0.02380,0.99969,5.50247,5.50569
0.066122,-0.79232,-0.47737,9.41785,,-0.50470,0.49322,-0.01694,0.08599,-0.15509,0.06468,5091,-5218,0.71382,0.70012,-0.01690,-0.70032,0.71348,-0.02248,-0.00368,0.02789,0.99960,5.50247,5.50734
0.091142,-0.79262,-0.60359,9.38884,,-0.50680,0.49126,-0.01722,0.11662,0.05053,0.21781,5091,-5218,0.71581,0.69801,-0.02010,-0.69830,0.71546,-0.02250,-0.00133,0.03014,0.99954,5.50247,5.51017
0.105374,-0.79621,-0.46181,9.42473,,-0.50848,0.50106,-0.01512,0.00287,-0.08947,0.14781,5091,-5218,0.71396,0.69990,-0.02027,-0.70019,0.71360,-0.02246,-0.00126,0.03023,0.99954,5.50247,5.50752
0.119967,-0.82134,-0.30748,9.37628,,-0.50848,0.50106,-0.01316,-0.08463,0.07678,0.17406,5091,-5218,0.71304,0.70086,-0.01909,-0.70112,0.71269,-0.02248,-0.00215,0.02942,0.99956,5.50247,5.50622
0.134554,-0.80638,-0.32183,9.42533,,-0.50036,0.49602,-0.01316,0.07287,-0.00197,0.09531,5091,-5218,0.71154,0.70240,-0.01858,-0.70264,0.71119,-0.02248,-0.00257,0.02905,0.99957,5.50247,5.50408
0.149298,-0.77946,-0.48873,9.44148,,-0.50708,0.49210,-0.01428,-0.17213,-0.06322,0.27906,5091,-5218,0.71449,0.69938,-0.01902,-0.69964,0.71414,-0.02257,-0.00220,0.02944,0.99956,5.50247,5.50829
0.164052,-0.80698,-0.49352,9.41636,,-0.50708,0.49210,-0.01428,0.02912,-0.12447,0.12156,5091,-5218,0.71598,0.69786,-0.01922,-0.69812,0.71562,-0.02262,-0.00203,0.02962,0.99956,5.50247,5.51041
0.178841,-0.79801,-0.49890,9.42712,,-0.50764,0.49546,-0.02562,0.24787,-0.02822,0.11281,5091,-5218,0.71560,0.69800,-0.02689,-0.69851,0.71525,-0.02259,0.00347,0.03495,0.99938,5.50247,5.50987
0.190938,-0.80249,-0.48305,9.48246,,-0.50764,0.49546,-0.02562,-0.03213,-0.12447,0.03843,5091,-5218,0.71539,0.69804,-0.03090,-0.69869,0.71506,-0.02260,0.00632,0.03776,0.99927,5.50247,5.50959
0.211001,-0.79741,-0.47557,9.41097,,-0.50596,0.49182,-0.01288,0.01162,-0.08072,0.18281,5091,-5218,0.71617,0.69750,-0.02449,-0.69793,0.71581,-0.02263,0.00175,0.03331,0.99944,5.50247,5.51068
0.222105,-0.79232,-0.48694,9.38914,,-0.50988,0.49154,-0.01442,0.11662,-0.03259,0.01218,5091,-5218,0.71798,0.69571,-0.02215,-0.69606,0.71762,-0.02268,0.00011,0.03170,0.99950,5.50247,5.51328
0.241848,-0.77348,-0.47856,9.44746,,-0.51380,0.49126,-0.01596,-0.07588,0.05053,0.17406,5091,-5218,0.72028,0.69333,-0.02195,-0.69368,0.71992,-0.02275,0.00003,0.03161,0.99950,5.50247,5.51660
0.252939,-0.80010,-0.49053,9.41965,,-0.50946,0.49364,-0.01148,0.08599,0.10303,0.18281,5091,-5218,0.71916,0.69459,-0.01885,-0.69484,0.71880,-0.02269,-0.00221,0.02942,0.99956,5.50247,5.51498
0.273234,-0.78544,-0.60598,9.39961,,-0.50512,0.49602,-0.01148,-0.16338,-0.19447,0.20031,5091,-5218,0.71628,0.69760,-0.01723,-0.69781,0.71593,-0.02261,-0.00344,0.02822,0.99960,5.50247,5.51085
0.284383,-0.80877,-0.46660,9.38644,,-0.50960,0.49210,-0.01680,0.00724,-0.06759,0.13031,5091,-5218,0.71770,0.69606,-0.01997,-0.69635,0.71735,-0.02267,-0.00146,0.03017,0.99954,5.50247,5.51289
0.304680,-0.80279,-0.46181,9.36012,,-0.50960,0.49462,-0.00658,0.20412,-0.07197,0.03406,5091,-5218,0.71763,0.69627,-0.01451,-0.69640,0.71729,-0.02266,-0.00537,0.02637,0.99964,5.50247,5.51280
0.315871,-0.79801,-0.47557,9.39811,,-0.50316,0.49462,-0.00658,-0.13713,0.06803,-0.00969,5091,-5218,0.71537,0.69865,-0.01174,-0.69870,0.71505,-0.02264,-0.00742,0.02440,0.99967,5.50247,5.50957
0.335990,-0.82493,-0.46002,9.38824,,-0.50596,0.48846,-0.01232,0.02037,-0.08072,-0.02719,5091,-5218,0.71736,0.69656,-0.01416,-0.69668,0.71702,-0.02269,-0.00565,0.02614,0.99964,5.50247,5.51240
0.347152,-0.79561,-0.32124,9.40020,,-0.50596,0.49112,-0.01414,-0.12838,-0.01072,0.08656,5091,-5218,0.71737,0.69649,-0.01668,-0.69668,0.71702,-0.02274,-0.00388,0.02794,0.99960,5.50247,5.51242
0.367269,-0.78903,-0.48036,9.36910,,-0.50036,0.49378,-0.01596,0.09912,-0.25572,0.12156,5091,-5218,0.71448,0.69939,-0.01919,-0.69965,0.71412,-0.02267,-0.00215,0.02963,0.99956,5.50247,5.50827
0.378507,-0.77109,-0.47527,9.40678,,-0.50232,0.49266,-0.01162,0.02474,-0.08509,-0.00532,5091,-5218,0.71416,0.69976,-0.01757,-0.69997,0.71381,-0.02267,-0.00332,0.02849,0.99959,5.50247,5.50782
0.398600,-0.80160,-0.47617,9.43729,,-0.50428,0.49154,-0.00728,-0.07588,-0.03697,-0.00969,5091,-5218,0.71511,0.69887,-0.01379,-0.69898,0.71478,-0.02270,-0.00601,0.02587,0.99965,5.50247,5.50919
0.409780,-0.81027,-0.48245,9.41037,,-0.50792,0.49322,-0.01988,0.01599,-0.10259,-0.01844,5091,-5218,0.71614,0.69766,-0.02024,-0.69795,0.71578,-0.02274,-0.00138,0.03041,0.99954,5.50247,5.51065
0.429917,-0.80100,-0.46780,9.39003,,-0.50792,0.49322,-0.01988,0.01162,0.10303,-0.06219,5091,-5218,0.71665,0.69704,-0.02363,-0.69744,0.71629,-0.02275,0.00107,0.03279,0.99946,5.50247,5.51137
0.441075,-0.72652,-0.47019,9.43699,,-0.50820,0.49462,-0.01190,0.06412,0.02428,0.10843,5091,-5218,0.71657,0.69723,-0.02003,-0.69751,0.71621,-0.02273,-0.00150,0.03025,0.99954,5.50247,5.51126
0.461062,-0.78903,-0.47617,9.49293,,-0.50876,0.49294,-0.00420,-0.04963,-0.26447,0.08656,5091,-5218,0.71738,0.69656,-0.01296,-0.69665,0.71705,-0.02276,-0.00656,0.02536,0.99966,5.50247,5.51245
0.472244,-0.80429,-0.48185,9.36431,,-0.50876,0.49294,-0.00420,0.06849,-0.12009,0.14781,5091,-5218,0.71776,0.69623,-0.00926,-0.69623,0.71746,-0.02278,-0.00921,0.02279,0.99970,5.50247,5.51302
0.492371,-0.80818,-0.60299,9.36970,,-0.50708,0.49014,-0.00868,0.12537,-0.17697,0.16531,5091,-5218,0.71835,0.69561,-0.01035,-0.69563,0.71804,-0.02276,-0.00840,0.02355,0.99969,5.50247,5.51385
0.503544,-0.79113,-0.46869,9.43849,,-0.50540,0.49224,-0.00679,-0.02338,-0.03697,0.12593,5091,-5218,0.71733,0.69667,-0.00969,-0.69668,0.71702,-0.02276,-0.00891,0.02308,0.99969,5.50247,5.51239
0.523606,-0.81775,-0.49292,9.46601,,-0.50372,0.49434,-0.00490,0.17787,0.14678,0.13906,5091,-5218,0.71551,0.69856,-0.00806,-0.69853,0.71522,-0.02272,-0.01010,0.02189,0.99971,5.50247,5.50979
0.534703,-0.80429,-0.46690,9.38256,,-0.50442,0.49322,-0.01148,-0.04088,-0.03697,0.10406,5091,-5218,0.71520,0.69883,-0.01167,-0.69888,0.71487,-0.02272,-0.00754,0.02441,0.99967,5.50247,5.50932
0.555053,-0.80459,-0.47318,9.34876,,-0.50512,0.49210,-0.01148,0.16037,0.17303,0.15656,5091,-5218,0.71568,0.69830,-0.01354,-0.69840,0.71534,-0.02271,-0.00617,0.02571,0.99965,5.50247,5.51000
0.566862,-0.79621,-0.49651,9.40319,,-0.50372,0.49602,-0.01414,0.01599,-0.09822,0.05593,5091,-5218,0.71403,0.69993,-0.01628,-0.70010,0.71368,-0.02268,-0.00426,0.02759,0.99961,5.50247,5.50764
0.588570,-0.80040,-0.48814,9.36072,,-0.49784,0.48930,-0.01974,0.15162,-0.09822,0.29656,5091,-5218,0.71346,0.70036,-0.02163,-0.70069,0.71310,-0.02266,-0.00045,0.03133,0.99951,5.50247,5.50682
0.600643,-0.81416,-0.46241,9.39303,,-0.49784,0.48930,-0.01974,0.02912,-0.09822,0.08656,5091,-5218,0.71319,0.70055,-0.02443,-0.70097,0.71283,-0.02267,0.00154,0.03329,0.99944,5.50247,5.50642
0.613011,-0.79980,-0.47019,9.41994,,-0.50260,0.48846,-0.00952,-0.09338,-0.12447,0.15656,5091,-5218,0.71511,0.69875,-0.01890,-0.69900,0.71476,-0.02275,-0.00239,0.02948,0.99956,5.50247,5.50918
0.633950,-0.78664,-0.49232,9.42413,,-0.50260,0.48846,-0.00952,0.14287,-0.04572,-0.06219,5091,-5218,0.71609,0.69782,-0.01601,-0.69799,0.71574,-0.02276,-0.00442,0.02748,0.99961,5.50247,5.51059
0.646735,-0.80578,-0.48275,9.36192,,-0.50204,0.49770,-0.01274,0.04662,0.12053,0.01656,5091,-5218,0.71308,0.70089,-0.01664,-0.70107,0.71273,-0.02268,-0.00403,0.02784,0.99960,5.50247,5.50628
0.659578,-0.80100,-0.55813,9.37089,,-0.49896,0.49294,-0.01246,0.01599,-0.11134,0.06468,5091,-5218,0.71217,0.70181,-0.01681,-0.70200,0.71182,-0.02266,-0.00394,0.02793,0.99960,5.50247,5.50498
0.681243,-0.80638,-0.47079,9.46421,,-0.49588,0.48818,-0.01218,0.09912,-0.02822,0.26156,5091,-5218,0.71232,0.70166,-0.01680,-0.70185,0.71197,-0.02266,-0.00394,0.02793,0.99960,5.50247,5.50519
0.692762,-0.81416,-0.47288,9.43071,,-0.50568,0.49574,-0.00602,-0.13276,0.05928,0.12593,5091,-5218,0.71318,0.70087,-0.01253,-0.70095,0.71285,-0.02269,-0.00697,0.02497,0.99966,5.50247,5.50644
0.712898,-0.79382,-0.48455,9.41396,,-0.50568,0.49574,-0.02044,0.25662,0.05928,-0.08844,5091,-5218,0.71352,0.70035,-0.01997,-0.70064,0.71316,-0.02268,-0.00164,0.03017,0.99954,5.50247,5.50689
0.724340,-0.80249,-0.46540,9.42742,,-0.50204,0.49994,-0.02044,0.00287,-0.07197,0.00781,5091,-5218,0.71092,0.70287,-0.02385,-0.70328,0.71056,-0.02261,0.00106,0.03284,0.99946,5.50247,5.50319
0.744316,-0.80100,-0.47258,9.41695,,-0.50484,0.48986,-0.00910,0.18662,0.22553,0.19156,5091,-5218,0.71427,0.69963,-0.01830,-0.69987,0.71392,-0.02267,-0.00280,0.02900,0.99958,5.50247,5.50797
0.755576,-0.81506,-0.48694,9.40379,,-0.50484,0.48986,-0.01498,-0.04526,-0.13759,0.19156,5091,-5218,0.71587,0.69797,-0.01937,-0.69823,0.71551,-0.02274,-0.00202,0.02980,0.99955,5.50247,5.51026
0.775625,-0.77647,-0.43729,9.45943,,-0.50568,0.48874,-0.02086,0.08162,-0.21197,0.11281,5091,-5218,0.71731,0.69635,-0.02391,-0.69676,0.71694,-0.02280,0.00126,0.03302,0.99945,5.50247,5.51232
0.786861,-0.82732,-0.48604,9.40798,,-0.50470,0.49140,-0.01904,0.10349,-0.01072,0.04718,5091,-5218,0.71676,0.69687,-0.02502,-0.69732,0.71640,-0.02278,0.00205,0.03377,0.99943,5.50247,5.51154
0.806909,-0.81416,-0.47258,9.42114,,-0.50372,0.49406,-0.01722,0.01162,-0.13322,-0.07094,5091,-5218,0.71524,0.69845,-0.02435,-0.69888,0.71488,-0.02274,0.00153,0.03328,0.99944,5.50247,5.50936
0.818242,-0.77856,-0.48305,9.37986,,-0.50876,0.49322,-0.01162,-0.08026,-0.11134,-0.00094,5091,-5218,0.71657,0.69722,-0.02020,-0.69751,0.71621,-0.02280,-0.00143,0.03043,0.99954,5.50247,5.51127
0.838307,-0.79382,-0.47318,9.40918,,-0.50876,0.49322,-0.01162,0.01162,-0.06322,0.15656,5091,-5218,0.71722,0.69661,-0.01804,-0.69684,0.71687,-0.02282,-0.00296,0.02894,0.99958,5.50247,5.51220
0.849571,-0.72054,-0.48664,9.42712,,-0.50344,0.49770,-0.01848,-0.08026,-0.13759,0.04281,5091,-5218,0.71407,0.69974,-0.02155,-0.70007,0.71371,-0.02273,-0.00052,0.03132,0.99951,5.50247,5.50769
0.869551,-0.81715,-0.47258,9.39482,,-0.50596,0.49238,-0.01078,-0.03213,0.09428,0.16531,5091,-5218,0.71532,0.69856,-0.01821,-0.69879,0.71496,-0.02276,-0.00288,0.02901,0.99957,5.50247,5.50947
0.880823,-0.80459,-0.60838,9.38286,,-0.50596,0.49238,-0.01078,-0.11088,-0.00197,0.19156,5091,-5218,0.71593,0.69798,-0.01645,-0.69816,0.71558,-0.02276,-0.00412,0.02778,0.99961,5.50247,5.51035
0.895787,-0.80219,-0.44028,9.45404,,-0.50148,0.49154,-0.01778,0.08162,-0.21197,-0.00969,5091,-5218,0.71493,0.69890,-0.02031,-0.69919,0.71457,-0.02275,-0.00139,0.03047,0.99953,5.50247,5.50892
0.913201,-0.81715,-0.47198,9.39123,,-0.49784,0.48006,-0.01624,-0.02338,-0.05447,0.06906,5091,-5218,0.71729,0.69645,-0.02146,-0.69678,0.71692,-0.02284,-0.00052,0.03134,0.99951,5.50247,5.51229
0.930726,-0.80160,-0.47557,9.34577,,-0.49784,0.48006,-0.01624,-0.20713,-0.06322,0.01656,5091,-5218,0.71847,0.69521,-0.02208,-0.69556,0.71810,-0.02291,-0.00007,0.03182,0.99949,5.50247,5.51398
0.948856,-0.81476,-0.32363,9.36790,,-0.50288,0.49294,-0.00364,-0.02338,-0.14197,-0.00094,5091,-5218,0.71632,0.69763,-0.01370,-0.69774,0.71598,-0.02292,-0.00619,0.02598,0.99964,5.50247,5.51093
0.966853,-0.79143,-0.46002,9.41695,,-0.50540,0.49350,-0.00280,0.30912,-0.04572,0.10406,5091,-5218,0.71590,0.69815,-0.00871,-0.69814,0.71560,-0.02290,-0.00975,0.02247,0.99970,5.50247,5.51034
0.985015,-0.76152,-0.45882,9.39183,,-0.50540,0.49350,-0.00280,-0.01463,-0.00197,-0.10594,5091,-5218,0.71569,0.69839,-0.00615,-0.69832,0.71542,-0.02289,-0.01159,0.02068,0.99972,5.50247,5.51007
0.996156,-0.80040,-0.46062,9.47318,,-0.50540,0.49350,-0.01596,-0.23338,-0.06322,0.01656,5091,-5218,0.71551,0.69846,-0.01369,-0.69857,0.71517,-0.02291,-0.00621,0.02595,0.99964,5.50247,5.50977
1.006275,-0.79143,-0.53300,9.41725,,-0.49980,0.48706,-0.01596,0.11224,-0.12009,0.14343,5091,-5218,0.71574,0.69814,-0.01770,-0.69836,0.71538,-0.02290,-0.00333,0.02875,0.99958,5.50247,5.51008
1.025021,-0.79143,-0.48215,9.35235,,-0.51100,0.48762,-0.02716,-0.18963,0.12053,-0.05344,5091,-5218,0.71939,0.69407,-0.02724,-0.69460,0.71903,-0.02305,0.00359,0.03550,0.99936,5.50247,5.51532
1.035038,-0.79502,-0.48215,9.44178,,-0.51100,0.48762,-0.02716,-0.03213,0.07678,0.14343,5091,-5218,0.72116,0.69202,-0.03221,-0.69273,0.72083,-0.02312,0.00722,0.03899,0.99921,5.50247,5.51789
1.054409,-0.82014,-0.47258,9.37448,,-0.50260,0.48650,-0.01554,0.12537,-0.12447,0.08656,5091,-5218,0.71976,0.69370,-0.02705,-0.69422,0.71940,-0.02307,0.00346,0.03538,0.99937,5.50247,5.51585
1.064587,-0.77527,-0.54108,9.39632,,-0.50260,0.48874,-0.01218,-0.03213,-0.00634,0.20031,5091,-5218,0.71827,0.69541,-0.02207,-0.69576,0.71790,-0.02300,-0.00015,0.03188,0.99949,5.50247,5.51371
1.084019,-0.80518,-0.46630,9.41576,,-0.50792,0.49098,-0.00882,-0.02338,-0.10697,0.06468,5091,-5218,0.71861,0.69520,-0.01715,-0.69541,0.71825,-0.02303,-0.00370,0.02847,0.99959,5.50247,5.51419
1.102897,-0.77527,-0.48634,9.36551,,-0.51604,0.49238,-0.01526,0.01162,0.07678,-0.02719,5091,-5218,0.72098,0.69270,-0.01883,-0.69296,0.72061,-0.02308,-0.00242,0.02969,0.99956,5.50247,5.51760
1.113062,-0.79352,-0.47198,9.41217,,-0.51604,0.49238,-0.01526,0.00287,0.08116,0.13906,5091,-5218,0.72214,0.69147,-0.01972,-0.69175,0.72177,-0.02310,-0.00174,0.03033,0.99954,5.50247,5.51928
1.132031,-0.78933,-0.47079,9.44716,,-0.50260,0.49882,-0.03024,-0.00151,-0.03697,0.10843,5091,-5218,0.71570,0.69775,-0.03032,-0.69838,0.71536,-0.02282,0.00576,0.03751,0.99928,5.50247,5.51003
1.150897,-0.78724,-0.49173,9.46122,,-0.50260,0.49322,-0.01848,0.09912,-0.11572,0.11281,5091,-5218,0.71459,0.69898,-0.02799,-0.69953,0.71424,-0.02278,0.00407,0.03585,0.99935,5.50247,5.50844
1.161042,-0.80698,-0.47527,9.45763,,-0.49896,0.49322,-0.01848,0.10787,0.01991,0.18718,5091,-5218,0.71275,0.70091,-0.02682,-0.70141,0.71239,-0.02270,0.00320,0.03499,0.99938,5.50247,5.50580
1.180022,-0.78485,-0.49292,9.41396,,-0.50456,0.49014,-0.00938,-0.21588,-0.14197,0.13031,5091,-5218,0.71499,0.69884,-0.02004,-0.69913,0.71463,-0.02278,-0.00160,0.03030,0.99954,5.50247,5.50901
1.190719,-0.78784,-0.49621,9.46421,,-0.50456,0.49014,-0.00938,0.02474,0.01116,0.15218,5091,-5218,0.71609,0.69781,-0.01650,-0.69799,0.71574,-0.02280,-0.00410,0.02784,0.99960,5.50247,5.51059
1.210496,-0.78485,-0.61137,9.41396,,-0.50232,0.49098,-0.01260,-0.05838,-0.17697,0.26156,5091,-5218,0.71554,0.69837,-0.01681,-0.69856,0.71519,-0.02276,-0.00387,0.02803,0.99960,5.50247,5.50979
1.221307,-0.79382,-0.47647,9.40140,,-0.50428,0.48874,-0.01484,-0.07588,-0.04572,0.14343,5091,-5218,0.71672,0.69712,-0.01853,-0.69736,0.71636,-0.02281,-0.00262,0.02927,0.99957,5.50247,5.51147
1.240738,-0.80997,-0.48365,9.39243,,-0.50624,0.48650,-0.01708,0.05537,-0.05447,0.05156,5091,-5218,0.71876,0.69494,-0.02093,-0.69525,0.71840,-0.02287,-0.00086,0.03099,0.99952,5.50247,5.51441
1.259621,-0.80937,-0.48514,9.49651,,-0.50876,0.48930,-0.01694,-0.04963,-0.09822,-0.10594,5091,-5218,0.71966,0.69397,-0.02203,-0.69432,0.71930,-0.02291,-0.00005,0.03179,0.99949,5.50247,5.51571
1.269758,-0.79531,-0.48544,9.39841,,-0.50876,0.48930,-0.01204,0.07724,0.10741,0.01656,5091,-5218,0.72016,0.69354,-0.01931,-0.69381,0.71980,-0.02290,-0.00198,0.02989,0.99955,5.50247,5.51642
1.288811,-0.78126,-0.47498,9.44208,,-0.49924,0.48930,-0.00714,0.15162,-0.01072,0.02531,5091,-5218,0.71716,0.69675,-0.01464,-0.69688,0.71682,-0.02282,-0.00541,0.02657,0.99963,5.50247,5.51213
1.298985,-0.78993,-0.40828,9.40379,,-0.49952,0.48972,-0.01211,0.05974,0.00678,0.07343,5091,-5218,0.71556,0.69838,-0.01560,-0.69854,0.71521,-0.02280,-0.00476,0.02721,0.99962,5.50247,5.50982
1.318548,-0.81506,-0.48425,9.36670,,-0.49980,0.49014,-0.01708,-0.13713,-0.06759,0.06468,5091,-5218,0.71466,0.69920,-0.01946,-0.69947,0.71430,-0.02280,-0.00204,0.02990,0.99955,5.50247,5.50853
1.337783,-0.79502,-0.47916,9.42413,,-0.50344,0.48482,-0.01736,0.02912,-0.09822,0.13906,5091,-5218,0.71737,0.69636,-0.02166,-0.69669,0.71700,-0.02288,-0.00040,0.03151,0.99950,5.50247,5.51241
1.347990,-0.79382,-0.46421,9.41366,,-0.50330,0.48846,-0.02121,0.00287,0.05053,0.13031,5091,-5218,0.71731,0.69629,-0.02540,-0.69675,0.71695,-0.02288,0.00228,0.03411,0.99942,5.50247,5.51233
1.369491,-0.81057,-0.49173,9.45105,,-0.50316,0.49210,-0.02506,0.09912,-0.11572,0.06906,5091,-5218,0.71590,0.69756,-0.02988,-0.69818,0.71556,-0.02282,0.00546,0.03719,0.99929,5.50247,5.51032
1.380187,-0.79831,-0.45882,9.47797,,-0.50134,0.49280,-0.01876,0.11224,-0.01072,-0.07969,5091,-5218,0.71441,0.69916,-0.02797,-0.69971,0.71406,-0.02275,0.00407,0.03583,0.99935,5.50247,5.50818
1.399970,-0.77169,-0.49232,9.44268,,-0.49952,0.49350,-0.01876,-0.30338,-0.25572,-0.02719,5091,-5218,0.71278,0.70087,-0.02701,-0.70138,0.71242,-0.02272,0.00332,0.03514,0.99938,5.50247,5.50584
1.410679,-0.79950,-0.50130,9.29163,,-0.50708,0.49434,-0.01652,0.16037,0.01991,0.04718,5091,-5218,0.71431,0.69939,-0.02486,-0.69983,0.71395,-0.02275,0.00184,0.03365,0.99943,5.50247,5.50803
1.430124,-0.80219,-0.47677,9.34577,,-0.50708,0.49434,-0.01652,-0.05838,-0.06322,0.14781,5091,-5218,0.71507,0.69865,-0.02377,-0.69905,0.71471,-0.02278,0.00107,0.03291,0.99946,5.50247,5.50912
1.440286,-0.80279,-0.48485,9.42533,,-0.50176,0.49406,-0.02016,-0.01463,0.04178,0.06906,5091,-5218,0.71366,0.70002,-0.02573,-0.70048,0.71331,-0.02273,0.00244,0.03424,0.99941,5.50247,5.50711
1.459288,-0.78993,-0.47737,9.40469,,-0.51576,0.49770,-0.01638,0.10349,-0.04572,0.05593,5091,-5218,0.71654,0.69714,-0.02398,-0.69755,0.71617,-0.02282,0.00126,0.03308,0.99945,5.50247,5.51121
1.478179,-0.80100,-0.46540,9.40858,,-0.51576,0.49770,-0.01638,-0.00588,0.18178,-0.14094,5091,-5218,0.71798,0.69568,-0.02309,-0.69606,0.71762,-0.02286,0.00067,0.03249,0.99947,5.50247,5.51329
1.488328,-0.79681,-0.47737,9.43879,,-0.51520,0.49518,-0.01106,-0.10213,0.03303,0.18281,5091,-5218,0.71942,0.69431,-0.01913,-0.69457,0.71906,-0.02291,-0.00215,0.02977,0.99955,5.50247,5.51536
1.507410,-0.77946,-0.48036,9.34816,,-0.51520,0.49518,-0.01106,-0.11088,0.13803,0.16531,5091,-5218,0.72015,0.69361,-0.01706,-0.69381,0.71979,-0.02292,-0.00362,0.02834,0.99959,5.50247,5.51641
1.517632,-0.82313,-0.47498,9.41247,,-0.50876,0.49210,-0.01106,0.09912,-0.18572,0.09093,5091,-5218,0.71941,0.69440,-0.01600,-0.69458,0.71905,-0.02292,-0.00440,0.02760,0.99961,5.50247,5.51535
1.537083,-0.79262,-0.48455,9.34397,,-0.50428,0.49042,-0.00714,-0.11088,-0.03697,0.08656,5091,-5218,0.71812,0.69580,-0.01289,-0.69588,0.71779,-0.02291,-0.00669,0.02542,0.99965,5.50247,5.51351
1.556004,-0.79442,-0.46540,9.39901,,-0.50428,0.49042,-0.00714,-0.16338,-0.07197,0.20031,5091,-5218,0.71747,0.69649,-0.01127,-0.69654,0.71715,-0.02291,-0.00787,0.02429,0.99967,5.50247,5.51259
1.566444,-0.80130,-0.45613,9.41486,,-0.50792,0.49434,-0.01316,-0.03651,-0.04134,0.04718,5091,-5218,0.71698,0.69694,-0.01443,-0.69707,0.71664,-0.02291,-0.00563,0.02649,0.99963,5.50247,5.51187
1.585688,-0.80040,-0.46062,9.44686,,-0.50792,0.49126,-0.01120,-0.11963,0.01553,-0.02719,5091,-5218,0.71785,0.69605,-0.01479,-0.69618,0.71750,-0.02294,-0.00536,0.02676,0.99963,5.50247,5.51311
1.595898,-0.78664,-0.46780,9.38884,,-0.50148,0.49126,-0.01120,-0.14151,0.02428,0.12593,5091,-5218,0.71604,0.69790,-0.01504,-0.69804,0.71569,-0.02291,-0.00523,0.02690,0.99962,5.50247,5.51051
1.615168,-0.79531,-0.46720,9.43071,,-0.51128,0.49070,-0.01316,-0.15026,0.18178,0.17406,5091,-5218,0.71868,0.69515,-0.01643,-0.69533,0.71832,-0.02297,-0.00417,0.02793,0.99960,5.50247,5.51430
1.634092,-0.78544,-0.48455,9.42054,,-0.51128,0.49070,-0.01316,-0.16338,-0.15947,0.07781,5091,-5218,0.72001,0.69375,-0.01711,-0.69395,0.71965,-0.02302,-0.00366,0.02845,0.99959,5.50247,5.51622
1.644264,-0.79651,-0.46421,9.43789,,-0.50904,0.49350,-0.01274,-0.06276,-0.04572,0.05156,5091,-5218,0.71893,0.69487,-0.01719,-0.69507,0.71857,-0.02300,-0.00363,0.02848,0.99959,5.50247,5.51466
1.663277,-0.77707,-0.46810,9.36999,,-0.50778,0.49658,-0.01610,0.08162,-0.01947,0.07781,5091,-5218,0.71684,0.69696,-0.01946,-0.69723,0.71648,-0.02294,-0.00204,0.03001,0.99955,5.50247,5.51166
1.682181,-0.79860,-0.46181,9.44088,,-0.50652,0.49658,-0.01610,0.16037,0.11178,-0.01844,5091,-5218,0.71537,0.69844,-0.02066,-0.69874,0.71501,-0.02288,-0.00121,0.03080,0.99952,5.50247,5.50955
1.692287,-0.79232,-0.47079,9.42443,,-0.50988,0.49042,-0.01302,0.02912,0.05928,0.05156,5091,-5218,0.71799,0.69579,-0.01924,-0.69605,0.71762,-0.02294,-0.00215,0.02987,0.99955,5.50247,5.51330
1.714804,-0.80997,-0.47139,9.38764,,-0.50092,0.48706,-0.02422,-0.03213,0.02428,0.13031,5091,-5218,0.71727,0.69630,-0.02624,-0.69679,0.71691,-0.02292,0.00285,0.03472,0.99939,5.50247,5.51227
1.727589,-0.81356,-0.46840,9.42772,,-0.50092,0.48706,-0.02422,-0.01463,-0.16822,0.11281,5091,-5218,0.71690,0.69654,-0.02987,-0.69716,0.71655,-0.02292,0.00544,0.03725,0.99929,5.50247,5.51175
1.740538,-0.81775,-0.47856,9.41815,,-0.49924,0.48734,-0.02044,-0.04963,-0.34322,0.20906,5091,-5218,0.71607,0.69741,-0.02919,-0.69801,0.71572,-0.02292,0.00490,0.03679,0.99931,5.50247,5.51056
1.753978,-0.78544,-0.46301,9.38764,,-0.49924,0.48734,-0.02044,-0.13713,-0.06322,-0.06219,5091,-5218,0.71568,0.69783,-0.02887,-0.69841,0.71533,-0.02292,0.00466,0.03657,0.99932,5.50247,5.51000
1.767833,-0.81565,-0.53749,9.41695,,-0.50848,0.49602,-0.02436,0.12537,-0.07634,0.10406,5091,-5218,0.71553,0.69789,-0.03103,-0.69855,0.71519,-0.02290,0.00621,0.03806,0.99926,5.50247,5.50980
1.792022,-0.77707,-0.46540,9.43251,,-0.50764,0.48902,-0.02772,0.11662,0.06803,0.23531,5091,-5218,0.71758,0.69562,-0.03459,-0.69642,0.71727,-0.02299,0.00882,0.04059,0.99914,5.50247,5.51275
1.805547,-0.80937,-0.49890,9.44387,,-0.50764,0.48902,-0.02772,-0.11963,-0.05447,0.22656,5091,-5218,0.71860,0.69447,-0.03644,-0.69535,0.71830,-0.02306,0.01016,0.04191,0.99907,5.50247,5.51422
1.819666,-0.80818,-0.48395,9.41336,,-0.51212,0.49882,-0.02562,-0.11088,-0.17697,0.10406,5091,-5218,0.71724,0.69591,-0.03574,-0.69676,0.71693,-0.02301,0.00961,0.04141,0.99910,5.50247,5.51227
1.833568,-0.80698,-0.49651,9.41157,,-0.51212,0.49882,-0.02562,-0.27713,-0.15072,0.11281,5091,-5218,0.71656,0.69663,-0.03539,-0.69746,0.71625,-0.02301,0.00932,0.04117,0.99911,5.50247,5.51129
1.847368,-0.82911,-0.47378,9.42114,,-0.50400,0.48258,-0.01638,0.00724,-0.08072,0.10406,5091,-5218,0.71933,0.69405,-0.02930,-0.69465,0.71897,-0.02314,0.00500,0.03700,0.99930,5.50247,5.51524
1.871348,-0.64965,-0.46899,9.40439,,-0.50204,0.48930,-0.01148,-0.01463,-0.00197,0.07781,5091,-5218,0.71769,0.69598,-0.02281,-0.69636,0.71732,-0.02305,0.00032,0.03243,0.99947,5.50247,5.51288
1.884719,-0.80399,-0.44925,9.37388,,-0.50204,0.48930,-0.01148,-0.05838,0.01553,-0.03594,5091,-5218,0.71687,0.69693,-0.01940,-0.69720,0.71651,-0.02304,-0.00216,0.03005,0.99955,5.50247,5.51170
1.898043,-0.65743,-0.49232,9.36132,,-0.50204,0.49238,-0.01694,-0.12838,0.16428,0.13031,5091,-5218,0.71530,0.69850,-0.02134,-0.69882,0.71493,-0.02295,-0.00078,0.03133,0.99951,5.50247,5.50944
1.911591,-0.81177,-0.46361,9.43909,,-0.50204,0.49238,-0.01694,0.02912,-0.04572,0.04281,5091,-5218,0.71451,0.69927,-0.02230,-0.69962,0.71415,-0.02294,-0.00012,0.03199,0.99949,5.50247,5.50832
1.925029,-0.79741,-0.47797,9.38914,,-0.50372,0.49210,-0.01708,-0.14588,-0.05009,-0.11469,5091,-5218,0.71482,0.69893,-0.02289,-0.69930,0.71445,-0.02297,0.00029,0.03243,0.99947,5.50247,5.50876
1.949004,-0.80758,-0.47139,9.39661,,-0.50148,0.49406,-0.01344,-0.02338,-0.01947,0.06031,5091,-5218,0.71352,0.70033,-0.02073,-0.70063,0.71316,-0.02294,-0.00129,0.03089,0.99952,5.50247,5.50690
1.962517,-0.80399,-0.47976,9.37986,,-0.50148,0.49406,-0.01344,0.02037,0.07678,0.13031,5091,-5218,0.71286,0.70103,-0.01960,-0.70130,0.71250,-0.02292,-0.00210,0.03009,0.99955,5.50247,5.50596
1.976946,-0.79502,-0.47019,9.38824,,-0.50596,0.48902,-0.02464,0.00287,-0.17697,-0.00094,5091,-5218,0.71576,0.69784,-0.02657,-0.69834,0.71540,-0.02305,0.00293,0.03505,0.99938,5.50247,5.51011
1.991107,-0.78126,-0.46959,9.40439,,-0.51772,0.50050,-0.01204,-0.04088,-0.07197,0.10406,5091,-5218,0.71731,0.69642,-0.02152,-0.69675,0.71694,-0.02310,-0.00066,0.03156,0.99950,5.50247,5.51233
2.005197,-0.78066,-0.35174,9.41755,,-0.51772,0.50050,-0.01204,-0.09338,0.19053,0.15656,5091,-5218,0.71808,0.69571,-0.01894,-0.69596,0.71771,-0.02314,-0.00251,0.02979,0.99955,5.50247,5.51343
2.019367,-0.80698,-0.47318,9.35833,,-0.51296,0.49546,-0.01946,-0.19838,0.12928,0.17406,5091,-5218,0.71853,0.69513,-0.02259,-0.69550,0.71816,-0.02316,0.00013,0.03235,0.99948,5.50247,5.51408
2.033103,-0.78664,-0.47378,9.40020,,-0.50778,0.48972,-0.01505,-0.04088,-0.17697,0.21343,5091,-5218,0.71905,0.69462,-0.02162,-0.69496,0.71867,-0.02320,-0.00058,0.03171,0.99950,5.50247,5.51482
2.057392,-0.79262,-0.50429,9.29552,,-0.50260,0.48398,-0.01064,-0.02338,0.17303,0.06906,5091,-5218,0.71964,0.69411,-0.01824,-0.69434,0.71927,-0.02320,-0.00298,0.02936,0.99956,5.50247,5.51568
2.071079,-0.82014,-0.46481,9.43011,,-0.50568,0.49294,-0.01358,0.16037,-0.02822,0.11281,5091,-5218,0.71778,0.69603,-0.01836,-0.69626,0.71741,-0.02314,-0.00294,0.02939,0.99956,5.50247,5.51300
2.084296,-0.78365,-0.48096,9.40200,,-0.50568,0.49294,-0.01358,-0.08463,-0.16822,0.06906,5091,-5218,0.71685,0.69698,-0.01843,-0.69722,0.71649,-0.02313,-0.00292,0.02943,0.99956,5.50247,5.51167
2.098409,-0.80518,-0.47318,9.40918,,-0.50764,0.49042,-0.01526,-0.11963,-0.07197,0.20031,5091,-5218,0.71793,0.69584,-0.01961,-0.69612,0.71756,-0.02318,-0.00206,0.03029,0.99954,5.50247,5.51321
2.112360,-0.70768,-0.48006,9.42593,,-0.50694,0.49070,-0.01610,0.01162,-0.00634,0.06468,5091,-5218,0.71812,0.69561,-0.02081,-0.69592,0.71775,-0.02316,-0.00118,0.03112,0.99952,5.50247,5.51349
2.136047,-0.80578,-0.47557,9.45823,,-0.50624,0.49098,-0.01694,0.04662,-0.25572,0.10406,5091,-5218,0.71787,0.69583,-0.02196,-0.69617,0.71750,-0.02318,-0.00037,0.03193,0.99949,5.50247,5.51313
2.149848,-0.81296,-0.45344,9.41277,,-0.50680,0.49266,-0.02268,-0.04088,-0.20322,0.14781,5091,-5218,0.71727,0.69629,-0.02641,-0.69679,0.71690,-0.02318,0.00280,0.03503,0.99938,5.50247,5.51227
2.163718,-0.78126,-0.48634,9.46242,,-0.50680,0.49266,-0.02268,0.05537,-0.03697,0.10406,5091,-5218,0.71697,0.69651,-0.02874,-0.69709,0.71661,-0.02316,0.00446,0.03664,0.99932,5.50247,5.51184
2.178016,-0.79980,-0.46540,9.42234,,-0.50204,0.48874,-0.02198,0.02037,-0.07197,0.09531,5091,-5218,0.71657,0.69689,-0.02961,-0.69750,0.71621,-0.02315,0.00507,0.03724,0.99929,5.50247,5.51127
2.192587,-0.80698,-0.45823,9.41277,,-0.50204,0.48874,-0.02198,-0.16338,-0.13322,-0.00094,5091,-5218,0.71638,0.69706,-0.03007,-0.69769,0.71602,-0.02317,0.00538,0.03758,0.99928,5.50247,5.51100
2.206038,-0.70140,-0.55095,9.38166,,-0.50624,0.48958,-0.01974,0.05537,-0.05447,0.09531,5091,-5218,0.71746,0.69601,-0.02871,-0.69659,0.71710,-0.02318,0.00445,0.03663,0.99932,5.50247,5.51254
2.229028,-0.80459,-0.47797,9.46122,,-0.49980,0.48986,-0.01932,0.29162,0.02428,0.05156,5091,-5218,0.71568,0.69788,-0.02779,-0.69842,0.71532,-0.02308,0.00377,0.03593,0.99935,5.50247,5.50999
2.241824,-0.78126,-0.47019,9.40260,,-0.49980,0.48986,-0.01932,0.14287,0.02428,0.27031,5091,-5218,0.71477,0.69883,-0.02733,-0.69935,0.71441,-0.02304,0.00343,0.03558,0.99936,5.50247,5.50869
2.254764,-0.78066,-0.31705,9.36670,,-0.50092,0.49154,-0.01134,-0.01463,-0.10697,-0.00094,5091,-5218,0.71423,0.69958,-0.02168,-0.69991,0.71386,-0.02306,-0.00066,0.03164,0.99950,5.50247,5.50791
2.267865,-0.78245,-0.47139,9.46750,,-0.50246,0.49224,-0.01239,-0.02776,0.04178,0.11281,5091,-5218,0.71421,0.69966,-0.01941,-0.69993,0.71384,-0.02306,-0.00228,0.03005,0.99955,5.50247,5.50789
2.291428,-0.80997,-0.48036,9.48395,,-0.50400,0.49294,-0.01344,0.25662,-0.02822,-0.02719,5091,-5218,0.71450,0.69939,-0.01888,-0.69963,0.71413,-0.02305,-0.00264,0.02968,0.99956,5.50247,5.50830
2.305201,-0.81476,-0.59880,9.41336,,-0.50176,0.49406,-0.02856,-0.01463,0.05928,0.05156,5091,-5218,0.71327,0.70029,-0.02882,-0.70087,0.71292,-0.02297,0.00446,0.03659,0.99932,5.50247,5.50656
2.319345,-0.79382,-0.49711,9.34158,,-0.50176,0.49406,-0.02856,0.07287,0.03303,0.11281,5091,-5218,0.71263,0.70072,-0.03402,-0.70149,0.71231,-0.02293,0.00816,0.04021,0.99916,5.50247,5.50566
2.333703,-0.79382,-0.47677,9.41336,,-0.50596,0.49070,-0.00924,-0.07588,-0.10697,-0.02719,5091,-5218,0.71525,0.69846,-0.02367,-0.69886,0.71488,-0.02303,0.00084,0.03302,0.99945,5.50247,5.50938
2.347987,-0.81416,-0.48096,9.44268,,-0.50596,0.49070,-0.00924,0.09037,0.00678,-0.01844,5091,-5218,0.71653,0.69731,-0.01828,-0.69755,0.71617,-0.02306,-0.00299,0.02927,0.99957,5.50247,5.51121
2.361340,-0.72473,-0.47856,9.43550,,-0.50260,0.49630,-0.00826,-0.18088,-0.25572,0.05156,5091,-5218,0.71402,0.69997,-0.01481,-0.70010,0.71367,-0.02306,-0.00557,0.02683,0.99962,5.50247,5.50763
2.385627,-0.78544,-0.49053,9.37867,,-0.49924,0.48818,-0.00798,-0.06713,-0.07197,0.18281,5091,-5218,0.71446,0.69956,-0.01287,-0.69964,0.71412,-0.02307,-0.00695,0.02549,0.99965,5.50247,5.50827
2.399244,-0.78604,-0.46481,9.36910,,-0.49924,0.48818,-0.01400,-0.13713,-0.09822,-0.08844,5091,-5218,0.71466,0.69929,-0.01597,-0.69946,0.71430,-0.02309,-0.00474,0.02767,0.99961,5.50247,5.50854
2.413026,-0.79681,-0.44985,9.42473,,-0.50148,0.49154,-0.01400,0.09912,-0.18572,0.01656,5091,-5218,0.71433,0.69959,-0.01751,-0.69980,0.71397,-0.02310,-0.00366,0.02875,0.99958,5.50247,5.50807
2.426754,-0.78963,-0.48335,9.38166,,-0.49812,0.49350,-0.02982,-0.15463,0.05053,0.08656,5091,-5218,0.71210,0.70148,-0.02909,-0.70207,0.71174,-0.02301,0.00456,0.03681,0.99931,5.50247,5.50488
2.441037,-0.78185,-0.48215,9.46242,,-0.49812,0.49350,-0.02982,0.18662,-0.16822,0.13906,5091,-5218,0.71094,0.70238,-0.03508,-0.70320,0.71062,-0.02295,0.00880,0.04098,0.99912,5.50247,5.50326
2.455244,-0.80847,-0.48784,9.44148,,-0.50932,0.49378,-0.03458,-0.01463,-0.16384,0.05156,5091,-5218,0.71406,0.69888,-0.04114,-0.69996,0.71380,-0.02317,0.01317,0.04534,0.99888,5.50247,5.50775
2.479054,-0.77946,-0.51087,9.40020,,-0.49980,0.49098,-0.00336,-0.25963,-0.15947,0.18281,5091,-5218,0.71382,0.69994,-0.02344,-0.70033,0.71344,-0.02318,0.00050,0.03296,0.99946,5.50247,5.50732
2.491836,-0.79143,-0.47737,9.41576,,-0.49980,0.49098,-0.00336,-0.12838,-0.03697,0.10406,5091,-5218,0.71361,0.70039,-0.01422,-0.70051,0.71326,-0.02319,-0.00610,0.02650,0.99963,5.50247,5.50705
2.504745,-0.77527,-0.49232,9.44926,,-0.49560,0.49266,-0.01162,-0.12838,-0.23822,0.02531,5091,-5218,0.71136,0.70266,-0.01503,-0.70280,0.71101,-0.02316,-0.00558,0.02704,0.99962,5.50247,5.50384
2.517978,-0.78903,-0.47139,9.41307,,-0.49560,0.48972,-0.01134,-0.00588,-0.12447,0.17843,5091,-5218,0.71126,0.70276,-0.01528,-0.70291,0.71091,-0.02318,-0.00543,0.02722,0.99961,5.50247,5.50370
2.542248,-0.77408,-0.48395,9.39362,,-0.49756,0.48678,-0.01106,-0.13713,-0.08947,0.15656,5091,-5218,0.71298,0.70102,-0.01524,-0.70117,0.71262,-0.02323,-0.00542,0.02725,0.99961,5.50247,5.50614
2.555490,-0.81177,-0.46481,9.37388,,-0.50176,0.49602,-0.02156,0.02037,0.17303,0.11281,5091,-5218,0.71192,0.70191,-0.02221,-0.70226,0.71154,-0.02318,-0.00047,0.03210,0.99948,5.50247,5.50461
2.568810,-0.80399,-0.48096,9.42952,,-0.50176,0.49602,-0.02156,0.02037,-0.08072,0.01656,5091,-5218,0.71138,0.70233,-0.02582,-0.70280,0.71101,-0.02317,0.00209,0.03463,0.99940,5.50247,5.50385
2.582793,-0.79860,-0.31047,9.39781,,-0.50064,0.48314,-0.02184,-0.24213,-0.14197,0.16531,5091,-5218,0.71530,0.69825,-0.02814,-0.69881,0.71493,-0.02340,0.00378,0.03640,0.99933,5.50247,5.50945
2.596414,-0.77288,-0.48843,9.43789,,-0.50288,0.48538,-0.01960,-0.14588,-0.01947,0.01218,5091,-5218,0.71727,0.69624,-0.02774,-0.69679,0.71689,-0.02349,0.00353,0.03617,0.99934,5.50247,5.51227
2.620673,-0.80518,-0.47258,9.40977,,-0.50512,0.48762,-0.01736,-0.03213,0.01553,0.07781,5091,-5218,0.71825,0.69530,-0.02593,-0.69578,0.71787,-0.02353,0.00226,0.03494,0.99939,5.50247,5.51368
2.634328,-0.78485,-0.46361,9.41217,,-0.50176,0.50078,-0.01064,0.19537,-0.03697,0.18281,5091,-5218,0.71300,0.70087,-0.02037,-0.70116,0.71262,-0.02336,-0.00186,0.03094,0.99952,5.50247,5.50616
2.647276,-0.83270,-0.47976,9.38106,,-0.50176,0.50078,-0.01064,-0.14588,0.00678,-0.00094,5091,-5218,0.71037,0.70361,-0.01748,-0.70382,0.71000,-0.02331,-0.00400,0.02886,0.99958,5.50247,5.50242
2.660297,-0.81595,-0.32243,9.34876,,-0.50120,0.48930,-0.01246,-0.16338,0.05053,-0.04469,5091,-5218,0.71291,0.70104,-0.01733,-0.70124,0.71254,-0.02342,-0.00407,0.02885,0.99958,5.50247,5.50604
2.673673,-0.79801,-0.48185,9.39871,,-0.50316,0.48944,-0.01239,0.07724,-0.03259,0.04718,5091,-5218,0.71480,0.69912,-0.01712,-0.69932,0.71443,-0.02346,-0.00417,0.02875,0.99958,5.50247,5.50873
2.698385,-0.81894,-0.32841,9.42952,,-0.50512,0.48958,-0.01232,0.21287,-0.02822,0.13906,5091,-5218,0.71637,0.69752,-0.01698,-0.69771,0.71599,-0.02352,-0.00425,0.02870,0.99958,5.50247,5.51098
2.711852,-0.78365,-0.50249,9.44627,,-0.50036,0.48454,-0.02296,-0.15463,-0.01072,0.03406,5091,-5218,0.71720,0.69645,-0.02426,-0.69687,0.71681,-0.02356,0.00098,0.03380,0.99943,5.50247,5.51216
2.725446,-0.79023,-0.31705,9.41037,,-0.50036,0.48454,-0.02296,-0.08463,-0.00197,0.13031,5091,-5218,0.71759,0.69590,-0.02808,-0.69646,0.71721,-0.02361,0.00371,0.03650,0.99933,5.50247,5.51273
2.739594,-0.80279,-0.45763,9.40858,,-0.49840,0.48986,-0.02016,-0.15463,-0.00197,0.14781,5091,-5218,0.71523,0.69832,-0.02809,-0.69888,0.71485,-0.02353,0.00365,0.03646,0.99933,5.50247,5.50935
2.754332,-0.78305,-0.47557,9.34756,,-0.49840,0.48986,-0.02016,0.15162,-0.02822,-0.05344,5091,-5218,0.71407,0.69951,-0.02807,-0.70006,0.71369,-0.02347,0.00361,0.03641,0.99933,5.50247,5.50769
2.768171,-0.78395,-0.47198,9.39003,,-0.50176,0.49994,-0.00560,-0.00151,-0.20322,0.18718,5091,-5218,0.71124,0.70272,-0.01808,-0.70294,0.71086,-0.02343,-0.00361,0.02937,0.99956,5.50247,5.50365
2.792628,-0.80758,-0.46062,9.39721,,-0.50092,0.48650,-0.00714,-0.20713,-0.15947,0.17406,5091,-5218,0.71427,0.69973,-0.01400,-0.69984,0.71392,-0.02353,-0.00647,0.02660,0.99963,5.50247,5.50800
2.806213,-0.78365,-0.33260,9.39303,,-0.50092,0.48650,-0.00714,-0.16338,-0.07197,-0.00969,5091,-5218,0.71580,0.69820,-0.01191,-0.69826,0.71545,-0.02360,-0.00795,0.02521,0.99965,5.50247,5.51019
2.820865,-0.80578,-0.48933,9.24467,,-0.50148,0.50050,-0.01540,0.22162,-0.03697,0.13906,5091,-5218,0.71172,0.70227,-0.01625,-0.70244,0.71135,-0.02349,-0.00494,0.02813,0.99959,5.50247,5.50435
2.833941,-0.76929,-0.46780,9.40140,,-0.50148,0.50050,-0.01582,-0.04088,-0.13322,0.08656,5091,-5218,0.70967,0.70428,-0.01881,-0.70453,0.70929,-0.02345,-0.00317,0.02989,0.99955,5.50247,5.50142
2.847624,-0.80219,-0.32004,9.38764,,-0.50260,0.49154,-0.01582,0.12537,0.08553,0.07781,5091,-5218,0.71221,0.70168,-0.02025,-0.70197,0.71182,-0.02354,-0.00210,0.03098,0.99952,5.50247,5.50503
2.862207,-0.63529,-0.47498,9.41396,,-0.49448,0.48930,-0.01568,-0.06713,-0.04572,0.15656,5091,-5218,0.71141,0.70246,-0.02104,-0.70278,0.71102,-0.02349,-0.00154,0.03149,0.99950,5.50247,5.50389
2.877930,-0.72144,-0.53958,9.40110,,-0.51240,0.49182,-0.01827,0.00724,-0.16384,0.02093,5091,-5218,0.71633,0.69739,-0.02289,-0.69777,0.71594,-0.02364,-0.00010,0.03291,0.99946,5.50247,5.51091
2.901041,-0.80518,-0.48514,9.45584,,-0.51184,0.49434,-0.02086,-0.05838,-0.18572,0.03406,5091,-5218,0.71766,0.69592,-0.02557,-0.69639,0.71727,-0.02371,0.00184,0.03482,0.99939,5.50247,5.51283
2.913702,-0.64905,-0.46780,9.39003,,-0.47600,0.49294,-0.02296,-0.05838,-0.21197,-0.01844,5091,-5218,0.70606,0.70755,-0.02902,-0.70814,0.70569,-0.02322,0.00405,0.03695,0.99931,5.50247,5.49632
2.926527,-0.79681,-0.48156,9.40499,,-0.49924,0.49294,-0.02296,0.06412,-0.00197,0.13031,5091,-5218,0.70863,0.70492,-0.03040,-0.70556,0.70826,-0.02333,0.00508,0.03798,0.99927,5.50247,5.49996
2.939381,-0.78634,-0.46122,9.40619,,-0.49560,0.49322,-0.02142,-0.06276,-0.17697,0.16093,5091,-5218,0.70853,0.70504,-0.03012,-0.70566,0.70816,-0.02336,0.00486,0.03781,0.99927,5.50247,5.49982
2.962579,-0.80219,-0.34696,9.41516,,-0.49196,0.49322,-0.02142,-0.11088,-0.24697,-0.06219,5091,-5218,0.70721,0.70637,-0.03006,-0.70699,0.70684,-0.02337,0.00474,0.03777,0.99928,5.50247,5.49794
2.975247,-0.79083,-0.47557,9.36850,,-0.50092,0.49070,-0.01512,0.04662,-0.02822,0.16531,5091,-5218,0.71070,0.70303,-0.02563,-0.70349,0.71032,-0.02349,0.00169,0.03472,0.99940,5.50247,5.50289
2.988173,-0.80279,-0.48126,9.42952,,-0.50330,0.49112,-0.01778,-0.01463,-0.08072,0.05593,5091,-5218,0.71309,0.70062,-0.02508,-0.70107,0.71270,-0.02359,0.00135,0.03441,0.99941,5.50247,5.50629
3.011296,-0.80399,-0.46181,9.43430,,-0.50568,0.49154,-0.02044,0.01162,-0.03697,0.26156,5091,-5218,0.71491,0.69871,-0.02657,-0.69921,0.71452,-0.02367,0.00245,0.03550,0.99937,5.50247,5.50889
3.023996,-0.81535,-0.46002,9.42174,,-0.50092,0.48678,-0.02492,0.11662,-0.12447,0.13031,5091,-5218,0.71581,0.69763,-0.03052,-0.69828,0.71543,-0.02372,0.00529,0.03828,0.99925,5.50247,5.51018
3.036800,-0.81236,-0.33200,9.34876,,-0.50092,0.48678,-0.02492,0.08162,0.17303,0.20031,5091,-5218,0.71624,0.69709,-0.03262,-0.69782,0.71588,-0.02375,0.00680,0.03978,0.99919,5.50247,5.51082
3.049732,-0.78963,-0.54317,9.41516,,-0.49840,0.48986,-0.01036,0.02037,-0.05884,0.06468,5091,-5218,0.71470,0.69903,-0.02375,-0.69943,0.71431,-0.02369,0.00041,0.03354,0.99944,5.50247,5.50858
3.072670,-0.78245,-0.47916,9.36910,,-0.50400,0.48734,-0.01582,-0.09338,0.24303,0.13906,5091,-5218,0.71669,0.69701,-0.02285,-0.69739,0.71630,-0.02373,-0.00018,0.03295,0.99946,5.50247,5.51144
3.085306,-0.80339,-0.33858,9.34457,,-0.50400,0.48734,-0.01582,0.33537,-0.05447,0.05156,5091,-5218,0.71770,0.69600,-0.02236,-0.69636,0.71730,-0.02378,-0.00051,0.03263,0.99947,5.50247,5.51288
3.098317,-0.82134,-0.46361,9.29253,,-0.50652,0.49154,-0.02142,-0.07588,-0.31697,0.21781,5091,-5218,0.71749,0.69609,-0.02578,-0.69656,0.71710,-0.02381,0.00192,0.03504,0.99938,5.50247,5.51259
3.111291,-0.81506,-0.46361,9.41546,,-0.50288,0.49014,-0.01946,-0.11088,-0.07634,0.04281,5091,-5218,0.71667,0.69692,-0.02634,-0.69741,0.71627,-0.02381,0.00227,0.03543,0.99937,5.50247,5.51140
3.134261,-0.63529,-0.48395,9.39602,,-0.49924,0.48874,-0.01750,0.03787,0.10303,-0.10594,5091,-5218,0.71552,0.69813,-0.02540,-0.69859,0.71513,-0.02371,0.00161,0.03471,0.99940,5.50247,5.50976
3.146908,-0.82134,-0.48156,9.47079,,-0.50008,0.48538,-0.02142,-0.10213,-0.04572,0.18281,5091,-5218,0.71637,0.69718,-0.02757,-0.69771,0.71598,-0.02376,0.00318,0.03626,0.99934,5.50247,5.51098
3.159884,-0.80070,-0.48245,9.43161,,-0.49952,0.48734,-0.02156,0.08162,-0.06759,0.07343,5091,-5218,0.71590,0.69761,-0.02876,-0.69819,0.71551,-0.02374,0.00402,0.03707,0.99930,5.50247,5.51030
3.182897,-0.78544,-0.48993,9.40319,,-0.49896,0.48930,-0.02170,-0.05838,-0.10697,0.09531,5091,-5218,0.71476,0.69874,-0.02947,-0.69935,0.71439,-0.02369,0.00450,0.03755,0.99928,5.50247,5.50869
3.195566,-0.80160,-0.48814,9.40499,,-0.50288,0.49070,-0.01204,0.17787,-0.01072,0.09531,5091,-5218,0.71520,0.69854,-0.02321,-0.69892,0.71480,-0.02369,0.00004,0.03316,0.99945,5.50247,5.50929
3.208558,-0.83988,-0.48335,9.43011,,-0.50288,0.49070,-0.01204,0.02912,-0.02822,0.19156,5091,-5218,0.71539,0.69844,-0.01995,-0.69872,0.71500,-0.02370,-0.00229,0.03090,0.99952,5.50247,5.50958
3.221630,-0.80369,-0.47438,9.38914,,-0.50498,0.49154,-0.02800,0.03349,-0.04572,0.22656,5091,-5218,0.71571,0.69779,-0.02900,-0.69838,0.71533,-0.02372,0.00419,0.03723,0.99930,5.50247,5.51004
3.244683,-0.79920,-0.46780,9.42593,,-0.50708,0.49154,0.00140,-0.05838,0.02428,0.17406,5091,-5218,0.71694,0.69699,-0.01389,-0.69710,0.71658,-0.02375,-0.00660,0.02671,0.99962,5.50247,5.51182
3.257324,-0.79023,-0.46959,9.38704,,-0.51072,0.49098,0.00140,-0.00588,-0.17697,0.16531,5091,-5218,0.71893,0.69505,-0.00599,-0.69497,0.71864,-0.02378,-0.01222,0.02126,0.99970,5.50247,5.51473
