0.000004,-0.82612,-0.65504,9.40140,,0.61320,0.15246,0.11228,0.04115,-0.05793,0.08892,5091,-5223,-0.96280,0.26195,-0.06635,-0.25572,-0.96259,-0.08954,-0.08732,-0.06924,0.99377,3.40120,3.40120
0.000004,-0.86421,-0.65264,9.35035,,0.61096,0.14705,0.11256,0.07323,0.04707,0.16475,5091,-5223,-0.96743,0.25233,0.02005,-0.25310,-0.96328,-0.08961,-0.00330,-0.09176,0.99578,3.40120,3.39748
0.020973,-0.86231,-0.65833,9.38854,,0.60746,0.14630,0.10290,0.08053,-0.03606,0.23767,5091,-5223,-0.96528,0.24059,0.10177,-0.24978,-0.96411,-0.08997,0.07647,-0.11227,0.99073,3.40120,3.39481
0.044441,-0.86680,-0.65264,9.42234,,0.60508,0.14630,0.12124,0.11990,-0.07543,0.13267,5091,-5223,-0.95984,0.23519,0.15297,-0.25051,-0.96393,-0.08986,0.12632,-0.12458,0.98414,3.40120,3.39689
0.058077,-0.85603,-0.64068,9.40200,,0.60844,0.14714,0.12124,0.30365,0.01207,-0.11233,5091,-5223,-0.95685,0.23277,0.17392,-0.25080,-0.96386,-0.08984,0.14672,-0.12958,0.98065,3.40120,3.39793
0.072020,-0.81894,-0.64427,9.42473,,0.61768,0.14630,0.11956,0.06740,-0.12793,0.03642,5091,-5223,-0.95665,0.22912,0.17979,-0.24799,-0.96454,-0.09037,0.15271,-0.13103,0.97955,3.40120,3.39523
0.085628,-0.86381,-0.63051,9.40200,,0.61768,0.14630,0.11956,-0.02885,-0.06668,0.01892,5091,-5223,-0.95654,0.22764,0.18225,-0.24686,-0.96481,-0.09057,0.15522,-0.13163,0.97907,3.40120,3.39416
0.099686,-0.87787,-0.65294,9.41277,,0.61040,0.14462,0.11690,0.04990,-0.12356,0.11517,5091,-5223,-0.95668,0.22711,0.18218,-0.24633,-0.96493,-0.09068,0.15520,-0.13163,0.97907,3.40120,3.39361
0.123123,-0.83988,-0.64128,9.39123,,0.60284,0.14070,0.11928,0.06740,-0.15418,0.10642,5091,-5223,-0.95655,0.22485,0.18562,-0.24458,-0.96535,-0.09102,0.15873,-0.13247,0.97840,3.40120,3.39192
0.136389,-0.86620,-0.64487,9.38166,,0.60284,0.14070,0.11928,-0.17760,-0.06668,0.12392,5091,-5223,-0.95648,0.22393,0.18707,-0.24387,-0.96551,-0.09114,0.16021,-0.13280,0.97811,3.40120,3.39124
0.149484,-0.85304,-0.67238,9.37029,,0.61684,0.13902,0.11676,-0.21260,-0.25918,0.29892,5091,-5223,-0.95828,0.21934,0.18326,-0.23887,-0.96667,-0.09208,0.15695,-0.13202,0.97874,3.40120,3.38589
0.162541,-0.85184,-0.68973,9.39183,,0.61684,0.13902,0.11676,0.14615,0.03832,0.22892,5091,-5223,-0.95900,0.21751,0.18170,-0.23688,-0.96713,-0.09247,0.15561,-0.13172,0.97900,3.40120,3.38375
0.176302,-0.86022,-0.66580,9.38286,,0.60816,0.15050,0.11032,-0.04635,-0.00543,0.26392,5091,-5223,-0.95732,0.22897,0.17637,-0.24740,-0.96467,-0.09052,0.14942,-0.13029,0.98015,3.40120,3.39449
0.202084,-0.83330,-0.62991,9.43969,,0.62384,0.14434,0.11508,-0.12510,-0.13668,-0.00733,5091,-5223,-0.95837,0.22479,0.17606,-0.24327,-0.96566,-0.09126,0.14950,-0.13029,0.98014,3.40120,3.39018
0.215489,-0.82792,-0.62034,9.39961,,0.62384,0.14434,0.11508,-0.09885,0.06457,0.17642,5091,-5223,-0.95878,0.22310,0.17596,-0.24159,-0.96605,-0.09154,0.14956,-0.13028,0.98013,3.40120,3.38843
0.228791,-0.85783,-0.63529,9.32902,,0.61040,0.14238,0.12040,-0.09885,0.05582,0.05392,5091,-5223,-0.95750,0.22321,0.18270,-0.24258,-0.96582,-0.09134,0.15607,-0.13177,0.97892,3.40120,3.38972
0.242708,-0.80279,-0.65324,9.40319,,0.61040,0.14238,0.12040,-0.03760,-0.02293,-0.02483,5091,-5223,-0.95694,0.22323,0.18555,-0.24298,-0.96573,-0.09125,0.15882,-0.13240,0.97839,3.40120,3.39025
0.256955,-0.86560,-0.63171,9.41157,,0.60900,0.15078,0.11060,0.02365,0.04707,0.19392,5091,-5223,-0.95644,0.23133,0.17809,-0.24993,-0.96408,-0.08995,0.15089,-0.13054,0.97989,3.40120,3.39719
0.270486,-0.84048,-0.64307,9.41037,,0.60942,0.14798,0.11186,0.14615,0.01644,0.11954,5091,-5223,-0.95666,0.23196,0.17608,-0.25028,-0.96399,-0.08989,0.14889,-0.13007,0.98026,3.40120,3.39748
0.293674,-0.87039,-0.66162,9.39781,,0.60984,0.14518,0.11312,-0.14260,0.06457,0.13267,5091,-5223,-0.95717,0.22960,0.17636,-0.24801,-0.96454,-0.09030,0.14937,-0.13017,0.98018,3.40120,3.39512
0.307223,-0.85364,-0.64367,9.41217,,0.61236,0.14658,0.11130,-0.05510,0.00332,0.12392,5091,-5223,-0.95756,0.22944,0.17445,-0.24760,-0.96464,-0.09036,0.14755,-0.12972,0.98051,3.40120,3.39463
0.321176,-0.83569,-0.63410,9.40977,,0.61236,0.14658,0.11130,0.08490,-0.09293,0.15892,5091,-5223,-0.95772,0.22938,0.17365,-0.24744,-0.96468,-0.09039,0.14678,-0.12954,0.98065,3.40120,3.39442
0.334522,-0.84467,-0.63649,9.35653,,0.61236,0.15134,0.11340,0.03240,-0.11043,0.05392,5091,-5223,-0.95648,0.23351,0.17498,-0.25166,-0.96366,-0.08962,0.14769,-0.12975,0.98048,3.40120,3.39887
0.348648,-0.85424,-0.66999,9.40110,,0.61166,0.14700,0.11088,-0.01572,0.09957,0.18517,5091,-5223,-0.95721,0.23153,0.17361,-0.24953,-0.96418,-0.09000,0.14655,-0.12947,0.98069,3.40120,3.39660
0.372964,-0.82552,-0.62991,9.43550,,0.61096,0.14266,0.10836,-0.01135,0.16957,0.09767,5091,-5223,-0.95873,0.22711,0.17107,-0.24487,-0.96529,-0.09082,0.14451,-0.12896,0.98106,3.40120,3.39166
0.385748,-0.84227,-0.65743,9.36910,,0.60396,0.14882,0.10360,-0.01135,-0.00543,0.18517,5091,-5223,-0.95822,0.23248,0.16661,-0.24957,-0.96417,-0.08999,0.13972,-0.12782,0.98191,3.40120,3.39638
0.399034,-0.83270,-0.67657,9.40439,,0.60396,0.14882,0.10360,0.04115,-0.25043,0.20267,5091,-5223,-0.95803,0.23464,0.16470,-0.25145,-0.96371,-0.08968,0.13768,-0.12733,0.98226,3.40120,3.39827
0.413208,-0.82971,-0.64666,9.40499,,0.61432,0.14910,0.10598,-0.01135,-0.08418,0.14142,5091,-5223,-0.95834,0.23348,0.16451,-0.25029,-0.96399,-0.08988,0.13760,-0.12731,0.98227,3.40120,3.39705
0.426296,-0.84347,-0.65474,9.34158,,0.61334,0.14826,0.10339,-0.05947,-0.05793,0.11517,5091,-5223,-0.95894,0.23256,0.16232,-0.24910,-0.96428,-0.09007,0.13557,-0.12680,0.98262,3.40120,3.39574
0.450054,-0.85125,-0.65922,9.43610,,0.61236,0.14742,0.10080,-0.00260,0.15207,0.03642,5091,-5223,-0.95964,0.23175,0.15930,-0.24792,-0.96457,-0.09026,0.13274,-0.12611,0.98309,3.40120,3.39441
0.463540,-0.83809,-0.64786,9.41516,,0.60956,0.14266,0.10290,-0.14260,-0.08418,0.24642,5091,-5223,-0.96043,0.22768,0.16041,-0.24406,-0.96549,-0.09089,0.13418,-0.12644,0.98286,3.40120,3.39044
0.476844,-0.85184,-0.65683,9.37867,,0.60956,0.14266,0.10290,-0.01135,-0.05793,0.07142,5091,-5223,-0.96074,0.22606,0.16088,-0.24253,-0.96585,-0.09114,0.13479,-0.12658,0.98276,3.40120,3.38886
0.491085,-0.86381,-0.58086,9.44567,,0.59976,0.15526,0.11116,-0.02885,-0.12793,0.14142,5091,-5223,-0.95623,0.23854,0.16945,-0.25587,-0.96263,-0.08877,0.14194,-0.12824,0.98153,3.40120,3.40305
0.504531,-0.86560,-0.64666,9.32662,,0.61124,0.14938,0.11536,-0.09010,0.19582,0.31642,5091,-5223,-0.95593,0.23561,0.17517,-0.25372,-0.96316,-0.08915,0.14772,-0.12966,0.98049,3.40120,3.40103
0.519770,-0.83809,-0.64666,9.39482,,0.61124,0.14770,0.10990,0.08490,-0.06231,0.19392,5091,-5223,-0.95697,0.23310,0.17285,-0.25097,-0.96384,-0.08965,0.14570,-0.12917,0.98086,3.40120,3.39807
0.544911,-0.85723,-0.61735,9.39961,,0.60816,0.14602,0.10444,0.04990,0.11707,0.17642,5091,-5223,-0.95831,0.23144,0.16758,-0.24866,-0.96440,-0.09005,0.14077,-0.12796,0.98174,3.40120,3.39547
0.558399,-0.85364,-0.66700,9.43550,,0.60788,0.15050,0.11158,0.02365,0.04707,0.17642,5091,-5223,-0.95683,0.23462,0.17156,-0.25229,-0.96351,-0.08940,0.14433,-0.12882,0.98111,3.40120,3.39939
0.572434,-0.84646,-0.66162,9.41396,,0.60788,0.15050,0.11158,0.06740,0.08207,0.14142,5091,-5223,-0.95622,0.23588,0.17323,-0.25374,-0.96316,-0.08914,0.14582,-0.12919,0.98084,3.40120,3.40097
0.585562,-0.84646,-0.62812,9.42533,,0.62748,0.13706,0.12194,-0.04635,0.06457,0.28142,5091,-5223,-0.95863,0.22027,0.18030,-0.23937,-0.96658,-0.09184,0.15404,-0.13120,0.97931,3.40120,3.38629
0.599589,-0.84885,-0.67896,9.42952,,0.62748,0.13706,0.12194,-0.14260,0.07332,0.12392,5091,-5223,-0.95948,0.21400,0.18329,-0.23362,-0.96788,-0.09292,0.15752,-0.13198,0.97866,3.40120,3.38043
0.613457,-0.85304,-0.63888,9.40409,,0.61264,0.14546,0.11088,0.02803,-0.05793,0.24204,5091,-5223,-0.95882,0.22212,0.17702,-0.24075,-0.96625,-0.09160,0.15070,-0.13044,0.97994,3.40120,3.38760
0.637325,-0.83809,-0.66580,9.35354,,0.61376,0.14322,0.11018,0.04990,-0.04918,0.14142,5091,-5223,-0.95918,0.22320,0.17366,-0.24138,-0.96611,-0.09148,0.14736,-0.12967,0.98055,3.40120,3.38813
0.651160,-0.85424,-0.63589,9.42712,,0.61376,0.14322,0.11018,-0.16010,0.11707,0.18517,5091,-5223,-0.95933,0.22365,0.17226,-0.24163,-0.96605,-0.09141,0.14597,-0.12931,0.98080,3.40120,3.38833
0.665133,-0.83868,-0.65743,9.44746,,0.60172,0.14686,0.10612,0.10240,-0.11043,0.15017,5091,-5223,-0.95834,0.22973,0.16975,-0.24727,-0.96472,-0.09041,0.14299,-0.12862,0.98133,3.40120,3.39411
0.679280,-0.85484,-0.65204,9.49472,,0.60172,0.14686,0.10612,-0.20385,-0.06668,0.01017,5091,-5223,-0.95793,0.23219,0.16868,-0.24954,-0.96417,-0.08999,0.14174,-0.12830,0.98155,3.40120,3.39643
0.693186,-0.85723,-0.65803,9.39362,,0.60900,0.15134,0.11116,0.07615,-0.01418,0.12392,5091,-5223,-0.95665,0.23544,0.17144,-0.25309,-0.96331,-0.08936,0.14411,-0.12888,0.98113,3.40120,3.40023
0.706635,-0.86261,-0.64307,9.45255,,0.61110,0.14756,0.11193,0.01928,0.11269,0.10642,5091,-5223,-0.95697,0.23290,0.17310,-0.25081,-0.96386,-0.08977,0.14594,-0.12932,0.98080,3.40120,3.39792
0.731080,-0.86381,-0.65743,9.36730,,0.61320,0.14378,0.11270,-0.00260,0.14332,0.36892,5091,-5223,-0.95793,0.22805,0.17428,-0.24621,-0.96497,-0.09060,0.14751,-0.12970,0.98052,3.40120,3.39317
0.743853,-0.83151,-0.64546,9.40977,,0.61040,0.14602,0.10570,0.04990,0.02957,0.05392,5091,-5223,-0.95867,0.22892,0.16898,-0.24638,-0.96493,-0.09057,0.14232,-0.12846,0.98145,3.40120,3.39315
0.757156,-0.81476,-0.64487,9.43370,,0.61040,0.14602,0.10570,-0.07260,-0.04918,0.04517,5091,-5223,-0.95897,0.22928,0.16674,-0.24645,-0.96492,-0.09054,0.14013,-0.12792,0.98183,3.40120,3.39314
0.771541,-0.85125,-0.66281,9.38824,,0.60676,0.14406,0.10850,-0.29135,-0.12793,0.18517,5091,-5223,-0.95883,0.22834,0.16886,-0.24579,-0.96508,-0.09063,0.14226,-0.12841,0.98146,3.40120,3.39253
0.785189,-0.84197,-0.65324,9.38196,,0.60844,0.14308,0.10829,-0.12072,-0.02731,0.07142,5091,-5223,-0.95912,0.22674,0.16935,-0.24428,-0.96544,-0.09088,0.14289,-0.12853,0.98136,3.40120,3.39098
0.810110,-0.84766,-0.60778,9.25364,,0.61012,0.14210,0.10808,0.21615,-0.08418,0.26392,5091,-5223,-0.95959,0.22487,0.16916,-0.24242,-0.96588,-0.09121,0.14287,-0.12853,0.98136,3.40120,3.38904
0.823824,-0.84646,-0.68016,9.38824,,0.61460,0.13902,0.11340,0.04115,0.16082,0.15017,5091,-5223,-0.95993,0.22032,0.17319,-0.23847,-0.96679,-0.09192,0.14719,-0.12954,0.98059,3.40120,3.38509
0.837967,-0.84108,-0.66820,9.39602,,0.61460,0.13986,0.10710,-0.07260,-0.04043,0.09767,5091,-5223,-0.96082,0.21943,0.16934,-0.23711,-0.96710,-0.09215,0.14354,-0.12869,0.98124,3.40120,3.38353
0.852105,-0.83270,-0.64666,9.44567,,0.60984,0.13986,0.10710,0.00615,0.11707,-0.05108,5091,-5223,-0.96084,0.22005,0.16843,-0.23759,-0.96699,-0.09206,0.14262,-0.12847,0.98141,3.40120,3.38401
0.865368,-0.87338,-0.62393,9.38644,,0.61040,0.14826,0.11242,0.12865,0.11707,0.23767,5091,-5223,-0.95840,0.22750,0.17237,-0.24541,-0.96517,-0.09065,0.14575,-0.12918,0.98085,3.40120,3.39226
0.880144,-0.86979,-0.65623,9.38046,,0.61040,0.14826,0.11242,-0.02885,-0.31168,0.18517,5091,-5223,-0.95740,0.23047,0.17397,-0.24853,-0.96443,-0.09008,0.14702,-0.12948,0.98062,3.40120,3.39557
0.894953,-0.85693,-0.65653,9.41307,,0.61572,0.14070,0.11144,0.06740,-0.16731,0.17642,5091,-5223,-0.95910,0.22387,0.17322,-0.24196,-0.96598,-0.09128,0.14690,-0.12946,0.98064,3.40120,3.38871
0.919744,-0.84826,-0.62991,9.36311,,0.60788,0.14742,0.11522,0.06740,-0.06668,0.18517,5091,-5223,-0.95723,0.22870,0.17724,-0.24722,-0.96474,-0.09030,0.15034,-0.13026,0.98002,3.40120,3.39434
0.933369,-0.83689,-0.69153,9.41755,,0.60788,0.14742,0.11522,-0.02885,0.12582,0.16767,5091,-5223,-0.95645,0.23062,0.17894,-0.24932,-0.96424,-0.08991,0.15181,-0.13061,0.97974,3.40120,3.39659
0.947393,-0.85125,-0.66221,9.42473,,0.60732,0.14546,0.11956,0.17240,0.23957,0.22892,5091,-5223,-0.95581,0.22960,0.18363,-0.24893,-0.96433,-0.08999,0.15642,-0.13172,0.97887,3.40120,3.39638
0.961235,-0.85543,-0.65683,9.34337,,0.60732,0.14546,0.11956,0.04115,-0.16293,0.15017,5091,-5223,-0.95553,0.22918,0.18556,-0.24878,-0.96437,-0.09002,0.15832,-0.13218,0.97850,3.40120,3.39630
0.974408,-0.85543,-0.66401,9.42054,,0.61236,0.13538,0.11438,0.14615,0.02082,0.04517,5091,-5223,-0.95868,0.21916,0.18139,-0.23842,-0.96679,-0.09200,0.15521,-0.13145,0.97910,3.40120,3.38535
0.988758,-0.85723,-0.64905,9.39990,,0.61292,0.13902,0.11277,-0.15572,-0.01856,0.17204,5091,-5223,-0.95950,0.21834,0.17803,-0.23717,-0.96708,-0.09220,0.15204,-0.13069,0.97970,3.40120,3.38392
1.012950,-0.86082,-0.65743,9.45943,,0.61348,0.14266,0.11116,-0.06385,-0.10168,0.24642,5091,-5223,-0.95940,0.22121,0.17500,-0.23959,-0.96653,-0.09174,0.14885,-0.12995,0.98028,3.40120,3.38632
1.025976,-0.85484,-0.65444,9.38166,,0.60788,0.14490,0.10962,-0.02885,-0.22418,0.08017,5091,-5223,-0.95872,0.22558,0.17313,-0.24363,-0.96559,-0.09101,0.14665,-0.12943,0.98068,3.40120,3.39045
1.040099,-0.86142,-0.65444,9.42353,,0.60788,0.14490,0.10962,0.16365,-0.09293,-0.03358,5091,-5223,-0.95844,0.22734,0.17235,-0.24526,-0.96520,-0.09073,0.14573,-0.12923,0.98085,3.40120,3.39211
1.053512,-0.84108,-0.61735,9.46960,,0.60928,0.14210,0.10864,-0.18635,0.02082,0.20267,5091,-5223,-0.95917,0.22526,0.17104,-0.24304,-0.96573,-0.09109,0.14466,-0.12894,0.98104,3.40120,3.38976
1.068363,-0.83510,-0.65384,9.44268,,0.60928,0.14378,0.10346,0.18115,-0.01418,0.20267,5091,-5223,-0.95988,0.22609,0.16588,-0.24320,-0.96569,-0.09107,0.13959,-0.12776,0.98193,3.40120,3.38974
1.082702,-0.84855,-0.64905,9.41307,,0.60816,0.14378,0.10346,-0.08135,0.06894,0.13704,5091,-5223,-0.96009,0.22667,0.16386,-0.24351,-0.96562,-0.09099,0.13760,-0.12726,0.98228,3.40120,3.38999
1.106602,-0.84885,-0.64307,9.43969,,0.61292,0.14630,0.10626,-0.20385,-0.22418,0.09767,5091,-5223,-0.95961,0.22811,0.16469,-0.24502,-0.96527,-0.09071,0.13828,-0.12740,0.98217,3.40120,3.39158
1.119754,-0.82792,-0.62752,9.34038,,0.61236,0.14630,0.10122,0.07615,-0.11043,0.23767,5091,-5223,-0.96009,0.22893,0.16069,-0.24532,-0.96519,-0.09066,0.13435,-0.12646,0.98283,3.40120,3.39176
1.134146,-0.85244,-0.66042,9.39123,,0.61236,0.14630,0.10122,0.12865,0.02957,0.20267,5091,-5223,-0.96029,0.22927,0.15902,-0.24544,-0.96516,-0.09064,0.13270,-0.12607,0.98311,3.40120,3.39183
1.148559,-0.84885,-0.66341,9.42114,,0.60648,0.13874,0.11256,0.20740,-0.02293,0.19392,5091,-5223,-0.95986,0.22349,0.16945,-0.24110,-0.96618,-0.09142,0.14328,-0.12861,0.98129,3.40120,3.38769
1.162978,-0.87817,-0.65264,9.40439,,0.60648,0.13874,0.11256,-0.22135,-0.03168,0.08017,5091,-5223,-0.95962,0.22116,0.17382,-0.23938,-0.96658,-0.09171,0.14772,-0.12962,0.98050,3.40120,3.38605
1.176303,-0.83779,-0.67747,9.40200,,0.61012,0.14518,0.10542,0.19865,-0.04043,0.06267,5091,-5223,-0.95955,0.22547,0.16862,-0.24294,-0.96575,-0.09112,0.14230,-0.12839,0.98146,3.40120,3.38957
1.199423,-0.85783,-0.65743,9.41217,,0.61712,0.14154,0.10542,-0.01135,0.07332,0.27267,5091,-5223,-0.96077,0.22254,0.16552,-0.23966,-0.96652,-0.09167,0.13958,-0.12774,0.98194,3.40120,3.38605
1.212462,-0.84885,-0.68076,9.39961,,0.61712,0.14154,0.10542,-0.07260,0.09957,0.21142,5091,-5223,-0.96126,0.22137,0.16423,-0.23835,-0.96682,-0.09188,0.13844,-0.12747,0.98213,3.40120,3.38465
1.226433,-0.84467,-0.66341,9.45225,,0.61152,0.14210,0.10990,-0.11635,0.02082,0.32517,5091,-5223,-0.96030,0.22239,0.16842,-0.23988,-0.96647,-0.09159,0.14240,-0.12836,0.98145,3.40120,3.38638
1.239965,-0.84407,-0.69571,9.40140,,0.61152,0.14210,0.10990,-0.03760,0.02082,0.23767,5091,-5223,-0.95990,0.22279,0.17018,-0.24050,-0.96633,-0.09148,0.14407,-0.12874,0.98116,3.40120,3.38709
1.254365,-0.84287,-0.66999,9.43819,,0.60984,0.14182,0.10346,-0.02447,0.03832,0.03642,5091,-5223,-0.96061,0.22325,0.16550,-0.24035,-0.96636,-0.09150,0.13950,-0.12767,0.98196,3.40120,3.38677
1.278572,-0.84945,-0.64008,9.44686,,0.61348,0.15246,0.11032,0.03240,-0.15418,0.13267,5091,-5223,-0.95800,0.23194,0.16867,-0.24928,-0.96425,-0.08992,0.14178,-0.12819,0.98156,3.40120,3.39616
1.291359,-0.83988,-0.65085,9.36012,,0.61348,0.15246,0.11032,-0.07260,0.02957,0.06267,5091,-5223,-0.95691,0.23541,0.17000,-0.25286,-0.96338,-0.08928,0.14276,-0.12842,0.98139,3.40120,3.39993
1.304381,-0.86321,-0.64546,9.44208,,0.61684,0.15246,0.10402,-0.02010,0.02082,0.03642,5091,-5223,-0.95765,0.23628,0.16457,-0.25302,-0.96333,-0.08925,0.13744,-0.12711,0.98232,3.40120,3.39990
1.317829,-0.82792,-0.65444,9.41456,,0.61684,0.15246,0.10402,-0.07260,0.08207,0.10642,5091,-5223,-0.95795,0.23664,0.16229,-0.25308,-0.96332,-0.08923,0.13522,-0.12655,0.98270,3.40120,3.39989
1.331848,-0.83898,-0.65384,9.40888,,0.60956,0.14406,0.10122,-0.07260,0.12144,0.28142,5091,-5223,-0.95970,0.23091,0.16015,-0.24718,-0.96476,-0.09019,0.13368,-0.12615,0.98296,3.40120,3.39368
1.355060,-0.84526,-0.65982,9.39362,,0.60200,0.14798,0.10556,-0.18635,0.01207,0.32517,5091,-5223,-0.95838,0.23363,0.16407,-0.25034,-0.96400,-0.08963,0.13722,-0.12698,0.98237,3.40120,3.39709
1.368289,-0.83210,-0.63410,9.42234,,0.60200,0.14798,0.10556,0.50490,0.11707,0.29892,5091,-5223,-0.95784,0.23469,0.16574,-0.25160,-0.96369,-0.08945,0.13873,-0.12738,0.98210,3.40120,3.39846
1.382683,-0.84526,-0.64187,9.42353,,0.60676,0.14630,0.10066,-0.12510,-0.18918,-0.06858,5091,-5223,-0.95904,0.23278,0.16140,-0.24918,-0.96428,-0.08985,0.13472,-0.12638,0.98279,3.40120,3.39579
1.396011,-0.84317,-0.64128,9.38585,,0.61054,0.14462,0.11032,-0.04635,-0.00106,0.15892,5091,-5223,-0.95879,0.22941,0.16764,-0.24665,-0.96489,-0.09027,0.14104,-0.12790,0.98171,3.40120,3.39339
1.419780,-0.83031,-0.62931,9.39243,,0.61432,0.14294,0.11998,0.08490,-0.04918,0.11517,5091,-5223,-0.95782,0.22548,0.17817,-0.24416,-0.96548,-0.09074,0.15157,-0.13041,0.97981,3.40120,3.39119
1.433274,-0.87218,-0.63470,9.32423,,0.61656,0.14042,0.10458,0.03240,-0.11918,0.22017,5091,-5223,-0.96038,0.22166,0.16890,-0.23922,-0.96664,-0.09160,0.14296,-0.12838,0.98137,3.40120,3.38571
1.446597,-0.84766,-0.65384,9.41695,,0.61656,0.14042,0.10458,-0.02885,0.25707,0.24642,5091,-5223,-0.96140,0.22015,0.16505,-0.23724,-0.96709,-0.09192,0.13938,-0.12753,0.98199,3.40120,3.38352
1.459992,-0.85603,-0.66281,9.36072,,0.61516,0.13986,0.10094,0.18990,-0.00543,0.02767,5091,-5223,-0.96234,0.21946,0.16042,-0.23597,-0.96738,-0.09215,0.13497,-0.12653,0.98274,3.40120,3.38205
1.473622,-0.85304,-0.57458,9.39811,,0.62398,0.14182,0.10367,-0.15135,0.03832,0.13704,5091,-5223,-0.96256,0.21910,0.15958,-0.23550,-0.96749,-0.09217,0.13420,-0.12630,0.98287,3.40120,3.38154
1.497919,-0.83390,-0.66341,9.45643,,0.63280,0.14378,0.10640,-0.07260,-0.11043,0.23767,5091,-5223,-0.96249,0.21888,0.16031,-0.23538,-0.96752,-0.09217,0.13493,-0.12645,0.98275,3.40120,3.38144
1.511392,-0.85484,-0.63470,9.39961,,0.61124,0.13846,0.10556,0.01490,0.08207,0.23767,5091,-5223,-0.96215,0.21834,0.16311,-0.23519,-0.96757,-0.09219,0.13769,-0.12706,0.98229,3.40120,3.38134
1.524737,-0.83928,-0.65982,9.41277,,0.61124,0.13846,0.10556,-0.07260,-0.11043,0.22892,5091,-5223,-0.96200,0.21811,0.16427,-0.23512,-0.96759,-0.09219,0.13884,-0.12730,0.98210,3.40120,3.38130
1.538685,-0.85304,-0.66520,9.36670,,0.60900,0.14070,0.10892,0.13740,-0.00543,0.09767,5091,-5223,-0.96084,0.22039,0.16800,-0.23783,-0.96697,-0.09172,0.14224,-0.12808,0.98151,3.40120,3.38424
1.551887,-0.83868,-0.62333,9.43669,,0.60900,0.14070,0.10892,-0.11635,-0.05793,0.06267,5091,-5223,-0.96035,0.22129,0.16955,-0.23891,-0.96672,-0.09150,0.14366,-0.12838,0.98126,3.40120,3.38542
1.565958,-0.84975,-0.65623,9.40409,,0.60508,0.13706,0.10458,0.00615,-0.04481,0.11079,5091,-5223,-0.96126,0.21927,0.16705,-0.23661,-0.96725,-0.09189,0.14143,-0.12786,0.98166,3.40120,3.38294
1.589780,-0.81954,-0.65803,9.44627,,0.61488,0.12978,0.12684,0.15490,0.16957,0.09767,5091,-5223,-0.96032,0.20937,0.18428,-0.22915,-0.96891,-0.09333,0.15901,-0.13185,0.97843,3.40120,3.37583
1.603174,-0.86321,-0.75793,9.42234,,0.61488,0.12978,0.12684,-0.00260,-0.12793,0.08892,5091,-5223,-0.95978,0.20533,0.19149,-0.22616,-0.96955,-0.09394,0.16637,-0.13347,0.97699,3.40120,3.37301
1.616386,-0.84467,-0.66042,9.37568,,0.60676,0.14126,0.10668,0.23365,0.20457,0.18517,5091,-5223,-0.96001,0.21623,0.17785,-0.23504,-0.96759,-0.09230,0.15213,-0.13041,0.97972,3.40120,3.38170
1.630057,-0.85214,-0.66311,9.37628,,0.61124,0.14098,0.10605,0.01490,0.08644,0.23329,5091,-5223,-0.96054,0.21946,0.17086,-0.23730,-0.96708,-0.09188,0.14507,-0.12880,0.98100,3.40120,3.38379
1.653930,-0.83151,-0.64845,9.43550,,0.61572,0.14070,0.10542,-0.25635,-0.10168,0.20267,5091,-5223,-0.96123,0.21966,0.16669,-0.23696,-0.96716,-0.09191,0.14102,-0.12784,0.98172,3.40120,3.38329
1.667714,-0.84945,-0.62393,9.52044,,0.61348,0.14182,0.10080,-0.04635,-0.06668,0.06267,5091,-5223,-0.96179,0.22135,0.16116,-0.23791,-0.96695,-0.09173,0.13553,-0.12656,0.98266,3.40120,3.38408
1.681928,-0.81715,-0.61675,9.39123,,0.61348,0.14182,0.10962,-0.07260,-0.14543,0.26392,5091,-5223,-0.96077,0.22176,0.16658,-0.23899,-0.96670,-0.09152,0.14074,-0.12774,0.98177,3.40120,3.38540
1.695689,-0.84048,-0.64307,9.36611,,0.60844,0.14854,0.10962,-0.11635,-0.26793,0.09767,5091,-5223,-0.95859,0.22896,0.16939,-0.24642,-0.96496,-0.09019,0.14280,-0.12820,0.98141,3.40120,3.39321
1.709050,-0.87817,-0.66102,9.40619,,0.60760,0.14938,0.11284,-0.13385,-0.08418,0.15892,5091,-5223,-0.95696,0.23264,0.17349,-0.25056,-0.96396,-0.08943,0.14643,-0.12906,0.98077,3.40120,3.39767
1.723002,-0.85334,-0.63051,9.41366,,0.60760,0.14938,0.11305,0.07615,0.03832,0.10204,5091,-5223,-0.95626,0.23409,0.17542,-0.25223,-0.96355,-0.08913,0.14816,-0.12948,0.98045,3.40120,3.39948
1.747524,-0.82971,-0.66760,9.42952,,0.60844,0.14266,0.11326,0.21615,-0.04918,0.01017,5091,-5223,-0.95741,0.22849,0.17651,-0.24689,-0.96484,-0.09014,0.14971,-0.12988,0.98016,3.40120,3.39396
1.761126,-0.86082,-0.68674,9.46421,,0.60872,0.14070,0.10626,0.07615,-0.00543,0.09767,5091,-5223,-0.95935,0.22465,0.17082,-0.24238,-0.96591,-0.09095,0.14456,-0.12866,0.98110,3.40120,3.38907
1.775530,-0.85543,-0.64128,9.37089,,0.60872,0.14070,0.10626,-0.16885,-0.11918,0.10642,5091,-5223,-0.96013,0.22313,0.16841,-0.24057,-0.96633,-0.09125,0.14238,-0.12813,0.98148,3.40120,3.38710
1.789795,-0.84108,-0.67298,9.44387,,0.60844,0.13930,0.09632,-0.23010,0.34457,0.19392,5091,-5223,-0.96214,0.22161,0.15870,-0.23784,-0.96697,-0.09167,0.13315,-0.12594,0.98306,3.40120,3.38393
1.804343,-0.85484,-0.65384,9.46900,,0.60844,0.13930,0.09632,-0.14260,-0.12793,0.20267,5091,-5223,-0.96294,0.22101,0.15457,-0.23674,-0.96722,-0.09183,0.12921,-0.12502,0.98371,3.40120,3.38266
1.818429,-0.83210,-0.63529,9.37927,,0.61012,0.14322,0.10724,-0.14260,0.15207,0.07142,5091,-5223,-0.96107,0.22367,0.16220,-0.24030,-0.96641,-0.09120,0.13636,-0.12662,0.98253,3.40120,3.38660
1.832703,-0.83151,-0.63858,9.45135,,0.60942,0.14028,0.10864,-0.05947,0.01207,0.15892,5091,-5223,-0.96063,0.22215,0.16683,-0.23939,-0.96662,-0.09133,0.14097,-0.12767,0.98175,3.40120,3.38582
1.856556,-0.84467,-0.65204,9.40499,,0.60872,0.13734,0.11004,0.01490,0.12582,0.28142,5091,-5223,-0.96077,0.21898,0.17021,-0.23672,-0.96723,-0.09179,0.14453,-0.12848,0.98112,3.40120,3.38317
1.867659,-0.82792,-0.63829,9.34816,,0.60592,0.14098,0.11032,-0.19510,-0.01418,0.03642,5091,-5223,-0.95982,0.22156,0.17219,-0.23950,-0.96660,-0.09127,0.14622,-0.12884,0.98083,3.40120,3.38612
1.878025,-0.83001,-0.65025,9.40648,,0.60592,0.14098,0.11032,-0.02885,-0.01856,0.11079,5091,-5223,-0.95944,0.22257,0.17302,-0.24060,-0.96634,-0.09106,0.14693,-0.12899,0.98070,3.40120,3.38729
1.897583,-0.84885,-0.63709,9.37269,,0.60676,0.13650,0.11200,0.12428,0.04269,0.06267,5091,-5223,-0.95999,0.21871,0.17488,-0.23705,-0.96716,-0.09171,0.14907,-0.12950,0.98031,3.40120,3.38368
1.916635,-0.85184,-0.62871,9.42234,,0.60676,0.13650,0.11200,0.00615,-0.11043,0.00142,5091,-5223,-0.96020,0.21717,0.17564,-0.23564,-0.96748,-0.09196,0.14996,-0.12969,0.98015,3.40120,3.38225
1.926935,-0.84945,-0.66132,9.39871,,0.60592,0.13846,0.10738,-0.09010,0.04269,0.19829,5091,-5223,-0.96054,0.21862,0.17196,-0.23658,-0.96727,-0.09177,0.14627,-0.12882,0.98082,3.40120,3.38308
1.946759,-0.86201,-0.64845,9.36970,,0.60760,0.14714,0.11074,0.14615,0.03832,0.19392,5091,-5223,-0.95854,0.22657,0.17284,-0.24449,-0.96543,-0.09034,0.14640,-0.12885,0.98080,3.40120,3.39133
1.957364,-0.85484,-0.66879,9.41067,,0.60760,0.14714,0.11074,-0.03760,-0.06668,0.11954,5091,-5223,-0.95772,0.22974,0.17318,-0.24765,-0.96468,-0.08977,0.14644,-0.12886,0.98079,3.40120,3.39463
1.977022,-0.85603,-0.64905,9.44806,,0.61180,0.14322,0.11074,0.10240,0.06457,0.19392,5091,-5223,-0.95852,0.22665,0.17283,-0.24456,-0.96542,-0.09032,0.14638,-0.12885,0.98080,3.40120,3.39141
1.987844,-0.84437,-0.65833,9.43580,,0.61362,0.14238,0.11060,0.18990,0.07332,0.24642,5091,-5223,-0.95917,0.22427,0.17232,-0.24217,-0.96598,-0.09077,0.14611,-0.12879,0.98085,3.40120,3.38890
2.007297,-0.83210,-0.63440,9.41725,,0.61544,0.14154,0.11046,-0.07260,-0.10606,0.14579,5091,-5223,-0.95975,0.22223,0.17172,-0.24009,-0.96646,-0.09112,0.14571,-0.12868,0.98092,3.40120,3.38672
2.027107,-0.83749,-0.68554,9.39482,,0.61600,0.14070,0.10878,0.06740,-0.07543,0.25517,5091,-5223,-0.96044,0.22061,0.16995,-0.23827,-0.96688,-0.09145,0.14415,-0.12832,0.98120,3.40120,3.38477
2.037743,-0.81685,-0.66281,9.28505,,0.61600,0.14056,0.11228,0.04115,-0.18918,0.21579,5091,-5223,-0.96023,0.21973,0.17226,-0.23770,-0.96701,-0.09155,0.14646,-0.12886,0.98079,3.40120,3.38426
2.057062,-0.85783,-0.62393,9.39661,,0.61292,0.14042,0.11578,0.09365,-0.21543,0.13267,5091,-5223,-0.95941,0.21976,0.17676,-0.23831,-0.96687,-0.09143,0.15082,-0.12985,0.98000,3.40120,3.38506
2.067503,-0.86590,-0.65384,9.45643,,0.61488,0.14476,0.11228,-0.02010,-0.09293,0.13267,5091,-5223,-0.95887,0.22333,0.17516,-0.24161,-0.96611,-0.09082,0.14894,-0.12941,0.98034,3.40120,3.38843
2.086928,-0.87099,-0.65025,9.45524,,0.61684,0.14910,0.10878,-0.16885,-0.14543,0.29892,5091,-5223,-0.95845,0.22832,0.17100,-0.24596,-0.96509,-0.09003,0.14448,-0.12835,0.98115,3.40120,3.39279
2.097145,-0.85304,-0.63171,9.33320,,0.61544,0.14700,0.10528,0.04553,0.02957,0.13267,5091,-5223,-0.95912,0.22886,0.16647,-0.24592,-0.96510,-0.09003,0.14005,-0.12729,0.98193,3.40120,3.39259
2.116471,-0.84676,-0.65474,9.42623,,0.61194,0.14378,0.10626,0.08928,0.00332,0.15017,5091,-5223,-0.95966,0.22692,0.16603,-0.24395,-0.96557,-0.09038,0.13980,-0.12724,0.98197,3.40120,3.39052
2.136246,-0.86501,-0.68016,9.34876,,0.60984,0.14266,0.10724,-0.16010,-0.09293,0.25517,5091,-5223,-0.95981,0.22554,0.16704,-0.24273,-0.96586,-0.09059,0.14090,-0.12749,0.98178,3.40120,3.38929
2.146916,-0.85573,-0.63051,9.39243,,0.60592,0.14308,0.10304,-0.10322,-0.11918,0.16329,5091,-5223,-0.96010,0.22630,0.16429,-0.24312,-0.96577,-0.09050,0.13819,-0.12683,0.98225,3.40120,3.38960
2.167432,-0.83809,-0.65025,9.41576,,0.60200,0.14350,0.10304,-0.11635,0.09082,0.02767,5091,-5223,-0.95984,0.22782,0.16372,-0.24454,-0.96543,-0.09024,0.13750,-0.12665,0.98237,3.40120,3.39106
2.178229,-0.92423,-0.63380,9.40290,,0.59500,0.14350,0.10486,0.01053,-0.04043,0.08454,5091,-5223,-0.95894,0.22986,0.16612,-0.24685,-0.96488,-0.08984,0.13964,-0.12716,0.98200,3.40120,3.39354
2.197614,-0.83091,-0.66221,9.37867,,0.59500,0.14350,0.10486,0.02365,0.10832,0.27267,5091,-5223,-0.95857,0.23066,0.16716,-0.24776,-0.96466,-0.08968,0.14057,-0.12738,0.98184,3.40120,3.39453
2.207855,-0.85005,-0.65354,9.41336,,0.60872,0.14770,0.10710,0.11553,-0.14543,0.08892,5091,-5223,-0.95826,0.23178,0.16739,-0.24890,-0.96439,-0.08950,0.14068,-0.12742,0.98182,3.40120,3.39571
2.227032,-0.83510,-0.66999,9.40977,,0.62048,0.14770,0.11256,-0.02885,0.08207,0.08892,5091,-5223,-0.95822,0.22963,0.17053,-0.24719,-0.96480,-0.08980,0.14390,-0.12820,0.98125,3.40120,3.39405
2.237269,-0.84437,-0.63171,9.38405,,0.62048,0.14770,0.11256,0.03240,-0.00543,0.08454,5091,-5223,-0.95820,0.22875,0.17184,-0.24649,-0.96496,-0.08992,0.14525,-0.12852,0.98101,3.40120,3.39338
2.256764,-0.83510,-0.65922,9.39362,,0.60564,0.14434,0.10836,0.07615,0.06019,0.06267,5091,-5223,-0.95837,0.22860,0.17107,-0.24625,-0.96502,-0.08997,0.14452,-0.12835,0.98114,3.40120,3.39310
2.275625,-0.82612,-0.63948,9.35953,,0.60564,0.14434,0.10934,-0.11635,-0.15418,0.09767,5091,-5223,-0.95830,0.22852,0.17159,-0.24623,-0.96503,-0.08996,0.14503,-0.12846,0.98105,3.40120,3.39310
2.285785,-0.84347,-0.66012,9.40768,,0.61152,0.14574,0.10934,0.09803,0.03832,0.11079,5091,-5223,-0.95843,0.22851,0.17090,-0.24613,-0.96505,-0.08998,0.14436,-0.12831,0.98117,3.40120,3.39297
2.304789,-0.85663,-0.65653,9.43161,,0.60872,0.14854,0.10528,0.07615,-0.07543,0.17204,5091,-5223,-0.95829,0.23171,0.16733,-0.24882,-0.96440,-0.08952,0.14063,-0.12742,0.98183,3.40120,3.39564
2.323658,-0.84586,-0.63948,9.41994,,0.60872,0.14854,0.10528,0.09365,-0.28543,0.22017,5091,-5223,-0.95823,0.23301,0.16582,-0.24990,-0.96414,-0.08934,0.13906,-0.12705,0.98210,3.40120,3.39671
2.333797,-0.85214,-0.66102,9.42443,,0.60200,0.14406,0.11788,0.02803,0.05144,0.12392,5091,-5223,-0.95674,0.23051,0.17754,-0.24896,-0.96437,-0.08951,0.15058,-0.12984,0.98003,3.40120,3.39617
2.352797,-0.84586,-0.62812,9.37149,,0.60200,0.14406,0.10528,0.17240,-0.14543,0.07142,5091,-5223,-0.95803,0.22991,0.17125,-0.24756,-0.96470,-0.08977,0.14457,-0.12840,0.98113,3.40120,3.39447
2.362956,-0.85902,-0.65354,9.39063,,0.61040,0.14350,0.10528,0.02803,0.07332,0.05829,5091,-5223,-0.95930,0.22743,0.16741,-0.24464,-0.96540,-0.09028,0.14109,-0.12756,0.98174,3.40120,3.39129
2.381918,-0.84885,-0.66132,9.42922,,0.61040,0.14490,0.09800,0.04990,0.02519,0.15454,5091,-5223,-0.96056,0.22791,0.15932,-0.24408,-0.96554,-0.09037,0.13323,-0.12569,0.98308,3.40120,3.39043
2.400871,-0.84108,-0.65384,9.43251,,0.61040,0.14490,0.09800,0.08490,-0.12793,0.25517,5091,-5223,-0.96107,0.22812,0.15590,-0.24386,-0.96559,-0.09041,0.12991,-0.12491,0.98363,3.40120,3.39008
2.411008,-0.85513,-0.64487,9.31885,,0.60844,0.14854,0.11396,-0.05947,-0.14543,0.18517,5091,-5223,-0.95812,0.23138,0.16870,-0.24867,-0.96444,-0.08955,0.14198,-0.12776,0.98159,3.40120,3.39553
2.430052,-0.83809,-0.65683,9.38106,,0.60844,0.14490,0.10458,-0.09010,-0.13668,0.27267,5091,-5223,-0.95901,0.22970,0.16594,-0.24667,-0.96492,-0.08990,0.13947,-0.12714,0.98203,3.40120,3.39335
2.440168,-0.85244,-0.65085,9.41336,,0.60900,0.14490,0.10458,0.00615,-0.14543,0.16767,5091,-5223,-0.95942,0.22891,0.16469,-0.24574,-0.96514,-0.09006,0.13834,-0.12687,0.98223,3.40120,3.39233
2.459486,-0.83300,-0.64636,9.37807,,0.62160,0.14994,0.10094,0.01928,0.03832,0.14142,5091,-5223,-0.95996,0.23057,0.15909,-0.24666,-0.96492,-0.08990,0.13279,-0.12554,0.98316,3.40120,3.39310
2.478550,-0.86501,-0.62692,9.38345,,0.62160,0.14994,0.10094,-0.09885,-0.16293,0.03642,5091,-5223,-0.96019,0.23126,0.15671,-0.24704,-0.96483,-0.08983,0.13043,-0.12496,0.98355,3.40120,3.39341
2.488806,-0.84168,-0.65653,9.40140,,0.61012,0.14126,0.09268,0.07615,-0.01418,0.18954,5091,-5223,-0.96238,0.22640,0.15021,-0.24145,-0.96617,-0.09071,0.12459,-0.12356,0.98448,3.40120,3.38741
2.507798,-0.83450,-0.65743,9.40499,,0.61068,0.14490,0.10388,0.08490,-0.05793,0.15017,5091,-5223,-0.96104,0.22732,0.15724,-0.24322,-0.96575,-0.09042,0.13131,-0.12514,0.98341,3.40120,3.38947
2.518381,-0.85663,-0.64457,9.39183,,0.61068,0.14490,0.10388,0.19865,-0.01418,0.18517,5091,-5223,-0.96048,0.22765,0.16020,-0.24392,-0.96558,-0.09032,0.13413,-0.12582,0.98294,3.40120,3.39029
2.538767,-0.85843,-0.65474,9.39811,,0.61712,0.14294,0.11326,-0.09010,-0.08856,-0.00296,5091,-5223,-0.95976,0.22446,0.16876,-0.24188,-0.96606,-0.09066,0.14268,-0.12783,0.98148,3.40120,3.38847
2.557933,-0.85543,-0.66401,9.36970,,0.60368,0.14126,0.10878,-0.16885,0.04707,0.11517,5091,-5223,-0.95943,0.22451,0.17054,-0.24216,-0.96600,-0.09060,0.14440,-0.12822,0.98118,3.40120,3.38882
2.569653,-0.85424,-0.64845,9.37388,,0.60368,0.14126,0.10878,0.00615,-0.03168,0.04517,5091,-5223,-0.95930,0.22453,0.17128,-0.24227,-0.96597,-0.09058,0.14511,-0.12839,0.98105,3.40120,3.38897
2.583098,-0.84048,-0.64128,9.37747,,0.60228,0.14518,0.11858,0.06740,-0.15418,0.13267,5091,-5223,-0.95680,0.22803,0.18036,-0.24687,-0.96489,-0.08971,0.15357,-0.13036,0.97950,3.40120,3.39410
2.596888,-0.85095,-0.63769,9.43340,,0.60704,0.14224,0.11459,-0.02010,0.02519,0.19392,5091,-5223,-0.95738,0.22589,0.18000,-0.24472,-0.96540,-0.09010,0.15342,-0.13031,0.97953,3.40120,3.39185
2.620808,-0.84526,-0.65444,9.40260,,0.61180,0.13930,0.11060,0.07615,0.11707,0.03642,5091,-5223,-0.95918,0.22160,0.17571,-0.23996,-0.96651,-0.09098,0.14967,-0.12943,0.98023,3.40120,3.38673
2.634313,-0.88056,-0.66939,9.42473,,0.60368,0.15050,0.10990,-0.02010,-0.04918,0.08017,5091,-5223,-0.95709,0.23163,0.17415,-0.24960,-0.96423,-0.08923,0.14725,-0.12886,0.98067,3.40120,3.39670
2.647825,-0.84347,-0.66221,9.39542,,0.60368,0.15050,0.10990,-0.12510,0.00332,0.22017,5091,-5223,-0.95623,0.23564,0.17347,-0.25343,-0.96329,-0.08852,0.14625,-0.12861,0.98085,3.40120,3.40067
2.661696,-0.83809,-0.63290,9.44866,,0.61488,0.14658,0.11046,0.11990,-0.02293,0.11517,5091,-5223,-0.95752,0.23137,0.17212,-0.24908,-0.96436,-0.08931,0.14532,-0.12839,0.98102,3.40120,3.39608
2.675176,-0.84526,-0.65025,9.40529,,0.61208,0.14770,0.11662,-0.08572,-0.10168,0.12392,5091,-5223,-0.95665,0.23103,0.17730,-0.24941,-0.96428,-0.08923,0.15035,-0.12959,0.98010,3.40120,3.39663
2.699425,-0.82672,-0.64666,9.41456,,0.60928,0.14882,0.12278,-0.22135,-0.03168,0.08017,5091,-5223,-0.95485,0.23225,0.18528,-0.25164,-0.96374,-0.08878,0.15794,-0.13140,0.97867,3.40120,3.39928
2.712242,-0.84347,-0.68614,9.39781,,0.60592,0.15358,0.10822,0.04115,-0.25918,0.25517,5091,-5223,-0.95510,0.23818,0.17621,-0.25627,-0.96260,-0.08795,0.14867,-0.12915,0.98042,3.40120,3.40373
2.725594,-0.87099,-0.64008,9.40678,,0.60592,0.15358,0.10822,-0.10760,0.03832,0.16767,5091,-5223,-0.95520,0.24057,0.17239,-0.25813,-0.96213,-0.08760,0.14479,-0.12818,0.98113,3.40120,3.40552
2.739838,-0.83390,-0.63529,9.40499,,0.61292,0.15218,0.11648,0.01490,0.05582,-0.14733,5091,-5223,-0.95487,0.23853,0.17702,-0.25672,-0.96248,-0.08786,0.14942,-0.12934,0.98028,3.40120,3.40424
2.753122,-0.86351,-0.64427,9.40140,,0.61180,0.15120,0.11228,-0.23885,0.17832,0.19829,5091,-5223,-0.95548,0.23718,0.17552,-0.25520,-0.96287,-0.08810,0.14810,-0.12897,0.98053,3.40120,3.40259
2.776413,-0.83749,-0.65563,9.43849,,0.61068,0.15022,0.10808,0.00615,0.19582,0.12392,5091,-5223,-0.95647,0.23617,0.17142,-0.25368,-0.96324,-0.08837,0.14424,-0.12801,0.98123,3.40120,3.40085
2.789131,-0.86261,-0.66221,9.44686,,0.60704,0.14854,0.11130,-0.10760,-0.02293,0.02767,5091,-5223,-0.95647,0.23496,0.17310,-0.25270,-0.96348,-0.08855,0.14598,-0.12844,0.98092,3.40120,3.39990
2.801905,-0.85184,-0.64726,9.38226,,0.60704,0.14854,0.11130,-0.19510,-0.19793,0.16767,5091,-5223,-0.95647,0.23445,0.17380,-0.25230,-0.96358,-0.08861,0.14669,-0.12860,0.98079,3.40120,3.39950
2.815088,-0.84855,-0.66520,9.42204,,0.60340,0.14882,0.09968,-0.04635,0.02082,0.11079,5091,-5223,-0.95784,0.23566,0.16433,-0.25228,-0.96359,-0.08861,0.13746,-0.12633,0.98242,3.40120,3.39913
2.839215,-0.83510,-0.66221,9.44806,,0.61040,0.14602,0.11018,-0.07260,-0.08418,0.22892,5091,-5223,-0.95801,0.23184,0.16871,-0.24908,-0.96437,-0.08917,0.14203,-0.12745,0.98162,3.40120,3.39596
2.852008,-0.86142,-0.63111,9.43490,,0.61040,0.14602,0.11018,0.09365,-0.05793,0.04517,5091,-5223,-0.95805,0.23031,0.17056,-0.24782,-0.96467,-0.08940,0.14395,-0.12791,0.98128,3.40120,3.39471
2.864977,-0.83689,-0.66999,9.34218,,0.59472,0.14014,0.11592,-0.10760,-0.16293,0.05392,5091,-5223,-0.95717,0.22746,0.17912,-0.24612,-0.96508,-0.08971,0.15246,-0.12995,0.97973,3.40120,3.39327
2.878054,-0.85304,-0.63918,9.39482,,0.60606,0.14490,0.11291,0.08490,-0.18481,0.19829,5091,-5223,-0.95717,0.22831,0.17803,-0.24682,-0.96491,-0.08959,0.15133,-0.12970,0.97994,3.40120,3.39396
2.901222,-0.82971,-0.67238,9.40020,,0.61740,0.14966,0.10990,0.15490,0.07332,0.17642,5091,-5223,-0.95752,0.23064,0.17310,-0.24847,-0.96451,-0.08931,0.14636,-0.12852,0.98085,3.40120,3.39549
2.913887,-0.85125,-0.64786,9.40678,,0.60648,0.14490,0.10696,0.01490,-0.17168,0.12392,5091,-5223,-0.95826,0.22973,0.17018,-0.24720,-0.96482,-0.08953,0.14363,-0.12786,0.98134,3.40120,3.39406
2.926850,-0.83390,-0.65145,9.39901,,0.60648,0.14490,0.10696,-0.13385,-0.17168,0.13267,5091,-5223,-0.95856,0.22937,0.16895,-0.24669,-0.96494,-0.08961,0.14248,-0.12758,0.98154,3.40120,3.39348
2.940185,-0.84407,-0.65623,9.41994,,0.60662,0.14490,0.11312,-0.08135,-0.03168,0.11079,5091,-5223,-0.95777,0.22900,0.17387,-0.24696,-0.96488,-0.08955,0.14726,-0.12871,0.98069,3.40120,3.39394
2.962998,-0.85663,-0.65743,9.39661,,0.60676,0.14490,0.10696,-0.05510,0.02957,0.14142,5091,-5223,-0.95838,0.22901,0.17048,-0.24653,-0.96498,-0.08962,0.14399,-0.12792,0.98128,3.40120,3.39337
2.976146,-0.85184,-0.75673,9.38884,,0.60452,0.13902,0.10696,0.00615,-0.01418,0.24642,5091,-5223,-0.95968,0.22417,0.16958,-0.24167,-0.96613,-0.09050,0.14355,-0.12784,0.98135,3.40120,3.38829
2.990352,-0.83450,-0.65504,9.40499,,0.59472,0.14658,0.11466,-0.09010,0.01207,0.32517,5091,-5223,-0.95667,0.23090,0.17737,-0.24926,-0.96433,-0.08908,0.15048,-0.12943,0.98010,3.40120,3.39647
3.004990,-0.83749,-0.62812,9.39422,,0.59472,0.14658,0.11466,-0.04635,-0.12793,0.09767,5091,-5223,-0.95542,0.23358,0.18062,-0.25231,-0.96359,-0.08850,0.15337,-0.13012,0.97956,3.40120,3.39978
3.018891,-0.86770,-0.64427,9.42323,,0.61068,0.13566,0.11312,0.02803,0.02082,0.13267,5091,-5223,-0.95868,0.22154,0.17845,-0.24023,-0.96646,-0.09076,0.15236,-0.12988,0.97975,3.40120,3.38712
3.041913,-0.85603,-0.63829,9.43251,,0.61068,0.13986,0.10710,0.22490,-0.12793,0.23767,5091,-5223,-0.96004,0.22067,0.17212,-0.23856,-0.96685,-0.09107,0.14631,-0.12849,0.98086,3.40120,3.38515
3.054560,-0.86381,-0.64905,9.43849,,0.60228,0.13986,0.10710,-0.03760,0.01207,0.20267,5091,-5223,-0.95997,0.22205,0.17071,-0.23973,-0.96658,-0.09084,0.14484,-0.12813,0.98112,3.40120,3.38632
3.067267,-0.83719,-0.65504,9.40080,,0.60004,0.14322,0.10752,-0.18635,-0.11918,0.17642,5091,-5223,-0.95903,0.22610,0.17071,-0.24370,-0.96565,-0.09011,0.14447,-0.12802,0.98119,3.40120,3.39044
3.090389,-0.84227,-0.66102,9.42353,,0.59780,0.14658,0.10752,-0.03760,-0.10168,0.16767,5091,-5223,-0.95776,0.23126,0.17095,-0.24879,-0.96444,-0.08920,0.14424,-0.12796,0.98123,3.40120,3.39574
3.103059,-0.84586,-0.64666,9.38046,,0.60760,0.14602,0.11774,-0.23010,0.17832,0.15892,5091,-5223,-0.95657,0.23040,0.17859,-0.24893,-0.96441,-0.08915,0.15170,-0.12973,0.97988,3.40120,3.39618
3.116025,-0.83569,-0.65623,9.44746,,0.60760,0.14602,0.11774,-0.08135,-0.28543,0.01892,5091,-5223,-0.95606,0.23003,0.18178,-0.24899,-0.96440,-0.08913,0.15480,-0.13048,0.97929,3.40120,3.39637
3.128931,-0.84616,-0.65085,9.41007,,0.60676,0.14014,0.12194,-0.06822,-0.07543,0.11079,5091,-5223,-0.95630,0.22463,0.18715,-0.24440,-0.96549,-0.09003,0.16047,-0.13183,0.97820,3.40120,3.39181
3.151813,-0.82732,-0.65145,9.41217,,0.60648,0.14574,0.11536,0.15490,-0.22418,0.28142,5091,-5223,-0.95628,0.22774,0.18350,-0.24697,-0.96488,-0.08954,0.15666,-0.13094,0.97893,3.40120,3.39433
3.164471,-0.84407,-0.65563,9.38764,,0.60648,0.14574,0.11536,-0.24760,0.00332,0.26392,5091,-5223,-0.95627,0.22901,0.18196,-0.24801,-0.96463,-0.08932,0.15507,-0.13054,0.97924,3.40120,3.39535
3.177380,-0.86680,-0.63230,9.35354,,0.60480,0.14434,0.10794,-0.09010,0.11707,0.28142,5091,-5223,-0.95759,0.22886,0.17507,-0.24696,-0.96488,-0.08949,0.14844,-0.12893,0.98048,3.40120,3.39399
3.190836,-0.84676,-0.64367,9.40080,,0.60914,0.14238,0.10857,-0.00260,-0.04481,0.15454,5091,-5223,-0.95877,0.22613,0.17213,-0.24391,-0.96561,-0.09004,0.14585,-0.12831,0.98095,3.40120,3.39071
3.215488,-0.84108,-0.64427,9.37867,,0.61348,0.14042,0.10920,0.10240,-0.05793,0.30767,5091,-5223,-0.95987,0.22240,0.17087,-0.24009,-0.96650,-0.09072,0.14497,-0.12810,0.98111,3.40120,3.38669
3.229078,-0.85065,-0.64845,9.42712,,0.60340,0.14490,0.11130,-0.03760,-0.15418,0.11517,5091,-5223,-0.95832,0.22694,0.17357,-0.24489,-0.96538,-0.08984,0.14718,-0.12860,0.98071,3.40120,3.39178
3.243407,-0.85902,-0.63709,9.43729,,0.60340,0.14490,0.11130,-0.01135,0.05582,0.00142,5091,-5223,-0.95767,0.22876,0.17472,-0.24682,-0.96492,-0.08948,0.14812,-0.12882,0.98054,3.40120,3.39383
3.256798,-0.87039,-0.63529,9.41396,,0.61152,0.14490,0.11564,-0.09010,-0.02293,-0.01608,5091,-5223,-0.95738,0.22766,0.17774,-0.24613,-0.96509,-0.08960,0.15113,-0.12953,0.97999,3.40120,3.39323
3.270924,-0.84945,-0.65444,9.40140,,0.61152,0.14294,0.11354,-0.21260,-0.06668,0.23767,5091,-5223,-0.95798,0.22551,0.17724,-0.24396,-0.96560,-0.08998,0.15085,-0.12944,0.98005,3.40120,3.39095
